,T,ax,ay,az,gx,gy,gz
0,141806,0.51118,-0.09735601,-0.6790520999999999,8.855,-7.9625,-10.185
1,141960,0.532408,-0.10321199999999998,-0.7571321,12.4775,-68.95,-31.675
2,142056,0.564128,-0.111508,-0.80642,45.325,-170.9925,-178.9375
3,142152,0.565836,-0.111996,-0.8071520000000001,45.535,-129.1325,-58.2225
4,142248,0.568764,-0.11102000000000001,-0.8071520000000001,3.325,-7.5775,-5.5475
5,142345,0.568276,-0.1098,-0.806176,1.925,-3.4825,-3.6925
6,142441,0.5663239999999999,-0.11248399999999999,-0.8081281,1.785,-3.535,-3.605
7,142537,0.5673,-0.111508,-0.807396,1.8725,-3.7625,-3.5525
8,142633,0.561932,-0.11345999999999999,-0.8100801,1.8725,-3.745,-3.5875
9,142729,0.5631520000000001,-0.11248399999999999,-0.8086161000000001,1.68,-3.5875,-3.6925
10,142825,0.563884,-0.112728,-0.81252,1.645,-3.5525,-3.7625
11,142922,0.562664,-0.113704,-0.81618,1.7325,-3.3775,-3.8325
12,143018,0.565104,-0.110776,-0.8127641,1.8375,-3.3075,-3.78
13,143114,0.5665680000000001,-0.11126400000000002,-0.8091041,1.8725,-3.2025,-3.885
14,143210,0.56608,-0.11224,-0.8091041,1.855,-3.29,-3.885
15,143306,0.567056,-0.11102000000000001,-0.8108121,1.785,-3.255,-3.7975
16,143403,0.5653481,-0.112972,-0.80886,1.9425,-3.2375,-3.71
17,143499,0.565836,-0.11053199999999999,-0.8081281,1.96,-3.22,-3.64
18,143595,0.564128,-0.111996,-0.8117880000000001,1.9075,-3.22,-3.6225
19,143691,0.565104,-0.11394800000000001,-0.8091041,1.995,-3.325,-3.5875
20,143787,0.56608,-0.111752,-0.811056,1.8725,-3.3075,-3.6575
21,143883,0.565836,-0.11345999999999999,-0.812032,1.8375,-3.325,-3.78
22,143980,0.5663239999999999,-0.113704,-0.8108121,1.75,-3.4125,-4.0075
23,144076,0.5675439999999999,-0.115656,-0.809836,1.5575,-3.325,-4.2
24,144172,0.570472,-0.1098,-0.8100801,1.4175,-3.2725,-4.165
25,144268,0.56852,-0.1098,-0.80886,1.2775,-3.325,-4.2875
26,144364,0.5690081,-0.107116,-0.8095920999999999,1.4875,-3.36,-4.025
27,144461,0.5690081,-0.11053199999999999,-0.807884,1.6625,-3.29,-3.8675
28,144557,0.5655920999999999,-0.11248399999999999,-0.80642,1.68,-3.36,-3.8325
29,144653,0.5655920999999999,-0.11248399999999999,-0.807884,1.715,-3.4125,-3.745
30,144749,0.565104,-0.111752,-0.812276,1.715,-3.4125,-3.71
31,144845,0.5655920999999999,-0.112728,-0.809348,1.7675,-3.2375,-3.78
32,144942,0.5665680000000001,-0.11126400000000002,-0.8113001,1.7675,-3.325,-3.8325
33,145038,0.568032,-0.112728,-0.8103239999999999,1.7675,-3.325,-3.7625
34,145134,0.5655920999999999,-0.11248399999999999,-0.807884,1.785,-3.325,-3.85
35,145230,0.566812,-0.112972,-0.8100801,1.8375,-3.2025,-3.8675
36,145326,0.5663239999999999,-0.112728,-0.8103239999999999,1.785,-3.2025,-3.8325
37,145423,0.568276,-0.11053199999999999,-0.8095920999999999,1.8025,-3.1675,-3.7275
38,145519,0.5665680000000001,-0.11345999999999999,-0.809836,1.925,-3.2025,-3.85
39,145615,0.5665680000000001,-0.114436,-0.809348,1.8375,-3.1325,-3.8675
40,145711,0.565836,-0.11028800000000001,-0.8066641,1.89,-3.0975,-3.745
41,145807,0.5675439999999999,-0.112972,-0.80886,1.8725,-3.0975,-3.8675
42,145903,0.5663239999999999,-0.11102000000000001,-0.808372,1.82,-3.01,-3.9375
43,146000,0.563396,-0.111508,-0.8103239999999999,1.8725,-2.9225,-3.9375
44,146096,0.568032,-0.11345999999999999,-0.8115439999999999,1.855,-2.8875,-4.1125
45,146192,0.566812,-0.11321600000000001,-0.80886,1.8025,-2.8,-4.2
46,146288,0.5692520000000001,-0.111508,-0.8091041,1.6625,-2.625,-4.2875
47,146384,0.567788,-0.10906800000000001,-0.806176,1.715,-2.625,-4.305
48,146481,0.571936,-0.11028800000000001,-0.8076399999999999,1.7675,-2.5725,-4.1825
49,146577,0.57096,-0.111996,-0.805932,1.75,-2.7125,-4.13
50,146673,0.566812,-0.109556,-0.8071520000000001,1.715,-2.7475,-4.0075
51,146769,0.570472,-0.11102000000000001,-0.808372,1.8025,-2.7475,-3.9725
52,146865,0.5694961,-0.11126400000000002,-0.8076399999999999,1.715,-2.9575,-4.095
53,146962,0.57096,-0.110044,-0.807396,1.5925,-3.115,-4.1125
54,147058,0.571936,-0.11224,-0.807884,1.47,-3.08,-4.06
55,147154,0.572912,-0.11224,-0.805688,1.435,-3.185,-4.13
56,147250,0.5702281,-0.11126400000000002,-0.807396,1.5225,-3.3775,-4.025
57,147346,0.569984,-0.11028800000000001,-0.809348,1.365,-3.4125,-3.955
58,147443,0.5694961,-0.11126400000000002,-0.8054439999999999,1.435,-3.4125,-3.955
59,147539,0.568276,-0.11394800000000001,-0.8095920999999999,1.575,-3.535,-3.9375
60,147635,0.570716,-0.10931199999999999,-0.80886,1.54,-3.535,-3.955
61,147731,0.5697399999999999,-0.111996,-0.8049561,1.435,-3.6925,-3.885
62,147827,0.567788,-0.10906800000000001,-0.807396,1.3825,-3.64,-3.9375
63,147923,0.5692520000000001,-0.111508,-0.8086161000000001,1.365,-3.5,-3.9375
64,148020,0.5692520000000001,-0.108824,-0.805688,1.3825,-3.57,-4.025
65,148116,0.56852,-0.11126400000000002,-0.8030041,1.3825,-3.5175,-3.92
66,148212,0.571936,-0.11053199999999999,-0.806908,1.47,-3.5,-3.85
67,148308,0.571204,-0.11248399999999999,-0.806176,1.54,-3.5525,-3.8325
68,148405,0.5694961,-0.1098,-0.806908,1.61,-3.675,-3.675
69,148501,0.5694961,-0.112972,-0.807396,1.5225,-3.64,-3.71
70,148597,0.571204,-0.111508,-0.80886,1.54,-3.78,-3.815
71,148693,0.571448,-0.10858,-0.8054439999999999,1.47,-3.815,-3.7625
72,148789,0.5726680000000001,-0.10809200000000001,-0.8086161000000001,1.505,-3.885,-3.64
73,148886,0.571204,-0.111752,-0.8054439999999999,1.4875,-3.9025,-3.57
74,148982,0.573156,-0.109556,-0.8042239999999999,1.4175,-4.1125,-3.57
75,149078,0.574864,-0.10760399999999999,-0.803248,1.3825,-4.305,-3.465
76,149174,0.5751081,-0.10492,-0.8044680999999999,1.3825,-4.7075,-3.325
77,149270,0.5787680000000001,-0.1037,-0.7993439999999999,1.4875,-5.0575,-3.01
78,149367,0.5795,-0.098576,-0.799588,1.75,-5.7925,-2.52
79,149463,0.583404,-0.098088,-0.803492,1.9425,-6.615,-2.0475
80,149559,0.584136,-0.08954801,-0.79666,2.9925,-7.63,-1.19
81,149655,0.585356,-0.0976,-0.808372,4.34,-8.365,-0.4725
82,149751,0.5968241,-0.07808001,-0.815936,5.67,-8.8725,0.8225
83,149848,0.5838920999999999,-0.10540799999999999,-0.8149601,7.3325,-9.6425,2.6425
84,149944,0.590236,-0.08906,-0.809836,7.8925,-10.29,3.9025
85,150040,0.5987760999999999,-0.098088,-0.8142281,8.8725,-11.305,5.425
86,150136,0.59902,-0.10809200000000001,-0.807884,10.29,-13.02,6.615
87,150233,0.523868,-0.139324,-0.8188641,11.0775,-14.35,7.5075
88,150329,0.515084,-0.181292,-0.815692,10.4475,-13.37,5.88
89,150425,0.556808,-0.138836,-0.811056,8.1025,-11.7075,3.465
90,150521,0.5429,-0.131272,-0.815448,7.175,-11.3225,2.31
91,150617,0.523624,-0.143716,-0.81984,6.9125,-10.605,1.785
92,150714,0.537288,-0.141276,-0.821304,6.125,-9.1525,0.8225
93,150810,0.5511961,-0.12712400000000001,-0.826428,5.32,-7.9625,-0.035
94,150906,0.565104,-0.12029200000000001,-0.8388721,5.985,-7.35,-0.0875
95,151002,0.575596,-0.09711201,-0.85156,8.26,-7.14,0.6475
96,151099,0.554856,-0.12395199999999999,-0.8378960999999999,11.0075,-7.245,1.7325
97,151195,0.544852,-0.15006,-0.8215481,12.4425,-7.0875,2.415
98,151291,0.52094,-0.143228,-0.8103239999999999,12.04,-6.685,1.82
99,151387,0.5231359999999999,-0.164944,-0.8100801,11.4625,-5.7925,0.8925
100,151483,0.520208,-0.165676,-0.8066641,9.695,-4.9525,-0.4375
101,151580,0.533872,-0.16226,-0.8147161,7.1925,-4.27,-1.9075
102,151676,0.540704,-0.15396400000000002,-0.8113001,5.81,-3.6575,-3.1325
103,151772,0.542168,-0.144204,-0.8164239999999999,4.4975,-3.15,-3.885
104,151868,0.5443640000000001,-0.14005599999999999,-0.81374,3.4475,-2.765,-4.5325
105,151965,0.531188,-0.145424,-0.8103239999999999,2.3975,-2.1175,-5.0925
106,152061,0.5355800999999999,-0.125904,-0.815936,1.4175,-0.91,-5.635
107,152157,0.5158159999999999,-0.1464,-0.800808,0.875,0.4725,-6.02
108,152253,0.438956,-0.156404,-0.7834840000000001,-0.7525,2.2225,-6.9825
109,152350,0.398208,-0.225212,-0.8113001,-2.94,6.895,-9.3275
110,152446,0.473116,-0.171044,-0.8425321,-6.0025,13.6675,-13.6675
111,152542,0.41284799999999994,-0.18666,-0.865956,-7.035,20.3875,-18.5675
112,152638,0.5009319999999999,-0.125416,-0.877912,-7.035,29.2425,-22.9425
113,152734,0.5221600000000001,-0.035624,-0.8918200000000001,-2.2225,39.305,-24.29
114,152831,0.5489999999999999,0.09540401,-0.9328120000000001,7.56,53.06,-23.2925
115,152927,0.311344,-0.044652,-1.065548,32.76,67.9525,-24.815
116,153023,0.354532,-0.493612,-0.9333,41.4575,89.5125,-39.095
117,153119,0.471408,0.001952,-0.9772200999999999,30.5725,120.6625,-49.0175
118,153216,0.457012,-0.30256,-1.003816,44.6075,141.54,-60.8125
119,153312,0.523868,-0.576816,-0.9259799999999999,50.0325,159.7925,-75.2675
120,153408,0.681248,-0.472384,-1.17608,56.0175,175.21,-87.7275
121,153504,0.7176041,-0.576084,-1.083848,58.4325,173.5825,-107.8175
122,153600,1.009184,-0.418704,-1.217316,56.875,166.04,-123.865
123,153697,0.714676,-0.541924,-1.018456,58.17,136.8325,-135.6075
124,153793,0.670512,-1.0492,-1.4478959999999998,61.53,111.4225,-139.02
125,153889,0.333304,-1.198284,-0.9718521000000001,32.5675,69.195,-130.9525
126,153985,0.671976,-1.059692,-1.74338,-0.5775,60.3225,-109.7775
127,154081,0.101504,-0.820816,-1.3115,-0.2975,24.08,-70.5775
128,154178,-0.27938,-0.806908,-1.0255319999999999,17.045,-2.17,-34.7375
129,154274,-0.325252,-0.7856801,-0.9555040000000001,26.39,-8.4875,-12.565
130,154370,-0.205936,-0.715164,-1.090192,24.9725,-12.1275,2.2225
131,154466,-0.11102000000000001,-0.6229319999999999,-1.210972,22.785,-23.8,18.235
132,154563,-0.07686,-0.5392399999999999,-1.232688,24.22,-40.95,34.5625
133,154659,-0.044164,-0.482876,-1.199016,26.215,-57.9775,48.51
134,154755,0.018788,-0.414312,-1.173884,26.1975,-72.0825,59.465
135,154851,0.10004,-0.35038400000000003,-1.1533879999999999,25.515,-83.7025,68.775
136,154948,0.18666,-0.31354,-1.133624,25.165,-93.8525,76.9125
137,155044,0.26474000000000003,-0.288164,-1.1089799999999999,24.1675,-102.5325,83.9125
138,155140,0.345992,-0.279136,-1.0797,22.1025,-109.7075,90.1775
139,155236,0.410896,-0.2684,-1.039928,18.305,-115.325,95.935
140,155332,0.464088,-0.246196,-0.996008,13.265,-118.685,101.1325
141,155429,0.5165481,-0.23472800000000002,-0.9535521,8.3475,-119.5775,105.42
142,155525,0.552416,-0.231068,-0.8991401,3.64,-117.9675,108.3775
143,155621,0.5753520000000001,-0.227652,-0.83814,-1.8025,-113.82,109.585
144,155717,0.590236,-0.2135,-0.7808001,-7.665,-107.1525,109.13
145,155813,0.601704,-0.20691199999999998,-0.741028,-12.81,-98.0525,107.38
146,155910,0.6541640000000001,-0.232044,-0.7510321,-18.2175,-87.4125,104.125
147,156006,0.7705521,-0.276452,-0.8230120999999999,-25.7075,-77.3675,98.945
148,156102,1.0004,-0.310612,-0.9857600000000001,-33.775,-71.435,92.5925
149,156198,1.210728,-0.294996,-1.0967799999999999,-38.22,-74.7775,88.09501
150,156295,1.26636,-0.2623,-1.081408,-38.6575,-87.74501,87.8325
151,156391,1.2780719999999999,-0.217648,-1.011624,-32.725,-102.8475,90.66751
152,156487,1.233908,-0.200812,-0.892308,-22.4,-116.5675,94.81501
153,156583,1.1629040000000002,-0.203008,-0.7500560000000001,-12.53,-126.735,99.24251
154,156680,1.106784,-0.19178399999999998,-0.6348881,-8.47,-131.0925,101.64
155,156776,1.097512,-0.12053599999999999,-0.5516840000000001,-10.745,-131.215,100.345
156,156872,1.0650600000000001,0.013663999999999999,-0.42626800000000004,-13.685,-127.61,95.00751
157,156968,1.028704,0.110776,-0.250832,-11.235,-119.1925,85.1725
158,157065,1.033584,0.139324,-0.110776,-5.46,-104.8075,69.265
159,157161,1.163392,0.15006,-0.08052000000000001,0.63,-86.5725,48.685
160,157257,1.312232,0.170068,-0.108824,6.9125,-71.3475,28.98
161,157353,1.3383399999999999,0.194712,-0.077592,14.525,-61.6875,13.8775
162,157449,1.28954,0.204228,0.00976,22.8375,-53.0075,1.435
163,157546,1.2019440000000001,0.217892,0.125416,28.035,-40.88,-12.215
164,157642,1.138992,0.24351199999999998,0.192272,29.575,-23.31,-28.7525
165,157738,1.1855959999999999,0.22814,0.162748,30.4325,-1.995,-46.55
166,157834,1.2439120000000001,0.149328,0.08369201,30.7125,16.6425,-64.1725
167,157930,1.298324,0.053924,-0.054412,28.7525,30.205,-79.1525
168,158027,1.363228,-0.043676,-0.225456,26.4075,37.485,-88.8825
169,158123,0.20252,-1.468392,-0.578036,4.2175,43.855,-92.85501
170,158219,-0.3111,-0.493612,-1.3266280000000001,-117.8975,61.3375,-117.5475
171,158315,-0.7954399999999999,-0.799588,-0.711992,-119.77,66.99,-123.41
172,158412,-0.47360399999999997,0.20984,-0.08564401,-106.89,100.8875,-101.4825
173,158508,1.300764,0.190076,-1.361764,-58.6775,160.3,-52.22
174,158604,2.161352,0.598532,-1.909544,-28.2625,157.57,-17.7625
175,158700,1.575996,0.580232,-1.562088,-27.23,103.6875,-30.7825
176,158796,0.764208,-0.09150001,-1.03334,-7.945,63.805,-37.1175
177,158893,0.364536,-0.513376,-0.694912,6.8075,59.745,-22.785
178,158989,0.451888,-0.183488,-0.7076001000000001,8.3125,69.1075,-9.485
179,159085,0.7178479999999999,0.155428,-0.965752,11.5325,74.2875,-5.565
180,159181,1.8419560000000001,-0.606584,-1.4654639999999999,1.3475,56.735,-11.8475
181,159278,0.40357600000000005,-0.262056,-0.63318,-26.67,19.1975,-13.195
182,159374,0.301584,-0.251808,-0.8283799999999999,-34.9475,21.805,-15.995
183,159470,0.734196,-0.35282399999999997,-0.877424,-40.6875,26.355,-24.6925
184,159566,0.5368,-0.17055599999999999,-0.834724,-50.0675,22.5225,-29.5925
185,159662,0.712236,-0.23082399999999997,-1.0016200000000002,-57.5925,18.025,-34.965
186,159759,0.515328,-0.045627999999999995,-0.8559521000000001,-56.0,10.745,-34.6325
187,159855,0.638548,-0.139812,-0.9716081,-46.76,6.23,-33.53
188,159951,0.682712,-0.07490801,-0.87718,-39.725,3.8325,-31.08
189,160047,0.596092,-0.12980799999999998,-0.850096,-35.49,0.7,-28.8575
190,160144,0.7044279999999999,-0.010736,-0.518256,-21.35,3.9725,-22.575
191,160240,0.477264,-0.123708,-0.885964,-27.9475,0.5425,-20.5275
192,160336,0.6263479999999999,-0.0366,-0.853024,-22.5225,0.0525,-18.1825
193,160432,0.520452,-0.055144000000000006,-0.8664440000000001,-19.8975,1.7325,-15.435
194,160529,0.543876,-0.056608000000000006,-0.8457040000000001,-12.5825,4.3925,-11.3925
195,160625,0.554124,-0.0732,-0.838628,-8.19,6.86,-8.89
196,160721,0.5489999999999999,-0.074664,-0.8252079999999999,-4.27,8.8725,-7.07
197,160817,0.54168,-0.1037,-0.8222799999999999,-1.715,10.5875,-5.915
198,160914,0.553148,-0.14396,-0.814472,-0.77,12.285,-6.1775
199,161010,0.55632,-0.125416,-0.8169121,-1.0325,13.545,-8.0675
200,161106,0.5694961,-0.128588,-0.8100801,-0.8225,13.8425,-9.5375
201,161202,0.5697399999999999,-0.10931199999999999,-0.8066641,-0.7,13.7725,-10.22
202,161299,0.571936,-0.111752,-0.80642,-0.7175,13.7725,-10.3075
203,161395,0.570472,-0.09028,-0.80886,-0.9275,14.35,-10.185
204,161491,0.5653481,-0.07832401,-0.815204,0.035,15.5575,-10.1675
205,161587,0.584868,-0.045872,-0.807396,0.91,17.64,-9.87
206,161683,0.574132,-0.06490399999999999,-0.812276,2.59,19.95,-9.59
207,161780,0.572912,-0.082228,-0.8164239999999999,4.3575,22.085,-9.625
208,161876,0.535092,-0.05246,-0.8376520000000001,4.69,25.2,-9.2575
209,161972,0.5636399999999999,-0.08100801,-0.8222799999999999,5.9325,30.24,-8.3825
210,162068,0.575596,-0.068076,-0.8081281,6.6675,35.2975,-8.155
211,162164,0.581208,-0.069784,-0.798124,7.665,39.3925,-8.085
212,162261,0.596336,-0.054412,-0.7861680999999999,8.575,43.1025,-7.14
213,162357,0.592432,-0.069052,-0.7881199999999999,9.5375,46.2525,-5.6175
214,162453,0.602436,-0.08759601,-0.7707961,10.2375,49.2625,-4.62
215,162549,0.6082920999999999,-0.10516400000000001,-0.7761640999999999,10.4825,52.7275,-4.655
216,162646,0.598288,-0.11224,-0.7808001,10.5,56.49,-5.25
217,162742,0.596336,-0.13859200000000002,-0.7722600000000001,10.43,61.0225,-6.9475
218,162838,0.5919439999999999,-0.14005599999999999,-0.7856801,9.17,66.6225,-10.045
219,162934,0.59658,-0.139568,-0.788852,8.435,74.25251,-13.475
220,163030,0.5936520000000001,-0.124928,-0.7937320999999999,7.98,83.7025,-16.5375
221,163127,0.5958479999999999,-0.114192,-0.769576,7.6125,94.71,-19.39
222,163223,0.6231760999999999,-0.115656,-0.752496,6.1425,105.9975,-22.33
223,163319,0.623664,-0.125172,-0.726144,3.2025,115.4825,-24.4125
224,163415,0.632448,-0.13908,-0.7095520000000001,0.0875,126.56,-25.13
225,163512,0.6441600000000001,-0.128344,-0.71248,-1.575,140.105,-25.9175
226,163608,0.6729520999999999,-0.10736,-0.710284,-5.2325,153.3,-27.44
227,163704,0.658556,-0.101748,-0.715896,-12.1275,162.6275,-28.7525
228,163800,0.6405,-0.14396,-0.702232,-17.9725,169.82,-31.64
229,163897,0.5738880000000001,-0.22448,-0.631228,-25.0775,180.5125,-38.1675
230,163993,0.71736,-0.275964,-0.767868,-33.355,202.1075,-49.6475
231,164089,0.5551,-0.297192,-0.611464,-39.62,220.85,-62.93
232,164185,0.8579041,-0.205448,-0.8693719999999999,-49.84,255.92,-78.505
233,164282,0.8957241,-0.129076,-0.763232,-63.0175,288.785,-90.7725
234,164378,1.175592,-0.080276,-1.013576,-40.7225,333.1825,-98.21
235,164474,1.161196,-0.100772,-0.965752,14.5075,389.725,-100.765
236,164570,2.06302,0.17738800000000002,-1.369816,53.655,438.1125,-112.6475
237,164666,2.089616,-0.40504,-1.5286600000000001,81.06,490.525,-122.7975
238,164763,2.411452,-0.642696,-1.5791680000000001,109.2875,496.825,-141.0675
239,164859,3.9928160000000004,-1.11874,-1.544764,85.69751,482.965,-172.27
240,164955,2.5571200000000003,-0.611464,-2.216984,83.3525,514.0975,-154.49
241,165051,1.831952,-0.604388,-2.318,88.51501,443.73,-173.0225
242,165148,1.249036,-1.292712,-2.720844,61.4425,339.99,-175.5775
243,165244,3.117588,-1.236592,-3.731736,35.6825,170.1175,-135.7125
244,165340,1.440332,-1.626992,-2.9868040000000002,50.7675,31.3775,-57.61
245,165436,0.233752,-1.353712,-2.012512,44.975,-98.1225,-18.3575
246,165532,-0.14347200000000002,-0.877424,-1.580144,21.84,-127.3125,-6.9825
247,165629,-0.155672,-0.549732,-1.357372,30.3275,-143.5875,1.82
248,165725,0.09150001,-0.508252,-1.3773799999999998,56.5775,-153.9475,18.445
249,165821,0.288164,-0.592188,-1.342732,81.2875,-176.9075,37.7825
250,165917,0.49776000000000004,-0.667828,-1.330776,87.5525,-207.34,55.02
251,166014,0.6653880999999999,-0.680028,-1.295884,75.4775,-242.7425,69.72
252,166110,0.6802720999999999,-0.582184,-1.175348,54.46,-279.16,83.685
253,166206,0.64294,-0.38966799999999996,-1.0023520000000001,36.505,-308.77,97.8075
254,166302,0.5795,-0.184952,-0.797392,31.08,-329.175,113.47
255,166399,0.57096,-0.025863999999999998,-0.6602640000000001,39.5325,-337.365,132.1075
256,166495,0.5885281,0.011468,-0.59536,55.51,-335.9125,152.3725
257,166591,0.6832,-0.002928,-0.5738880000000001,67.2175,-328.2825,170.59
258,166687,0.7991,0.005612,-0.613416,66.4125,-317.625,181.16
259,166784,0.9501360999999999,0.059048,-0.689056,56.595,-308.4025,182.0525
260,166880,1.119472,0.16592,-0.8149601,45.43,-302.68,174.86
261,166976,1.280024,0.24082800000000001,-0.906216,40.81,-302.4175,162.715
262,167072,1.382992,0.204228,-0.942572,42.7525,-305.9,149.205
263,167168,1.391044,0.10126,-0.9208561,43.925,-310.17,134.9775
264,167265,1.363716,0.013175999999999998,-0.897432,38.115,-311.3425,119.7175
265,167361,1.3351680000000001,0.0122,-0.9042641,29.54,-308.0,105.315
266,167457,1.307596,-0.020496,-0.8957241,27.0025,-301.63,93.7475
267,167553,1.322724,-0.126148,-0.9086559999999999,31.29,-291.48,84.4375
268,167650,1.4374040000000001,-0.282308,-0.983564,35.4025,-278.9675,75.5825
269,167746,1.6862840000000001,-0.438468,-1.154364,36.155,-268.59,68.5125
270,167842,2.093276,-0.576328,-1.453508,36.645,-265.79,66.7625
271,167938,2.508808,-0.654896,-1.626992,43.0675,-278.075,75.67
272,168034,2.565416,-0.746396,-1.52134,54.5475,-304.7275,98.28
273,168131,2.370948,-0.844484,-1.166808,64.6975,-326.62,130.1475
274,168227,2.209908,-0.750544,-0.83204,64.7325,-329.945,163.0825
275,168323,2.240164,-0.40357600000000005,-0.6422081000000001,59.045,-314.125,196.665
276,168419,2.3489880000000003,-0.23082399999999997,-0.35526399999999997,58.24,-291.62,227.36
277,168516,2.4683040000000003,-0.035624,0.10345599999999999,47.9325,-263.8125,244.79
278,168612,2.572736,0.43432,0.826672,23.2575,-227.7275,246.5925
279,168708,2.758664,1.209752,1.6206479999999999,4.445,-179.06,229.7925
280,168804,2.9750919999999996,1.825364,2.141832,16.94,-119.0175,190.295
281,168901,2.868464,1.693116,2.156228,45.045,-55.72,136.115
282,168997,2.59006,1.152168,1.684088,35.4725,6.1775,69.52750999999999
283,169093,2.613728,1.034316,0.776896,-28.0875,56.2625,-5.81
284,169189,1.7868119999999998,1.158512,0.287188,-87.2375,77.3325,-71.2075
285,169286,1.1834,0.09589201,1.803404,-106.2425,145.5125,-149.6425
286,169382,0.642696,0.118096,0.4087,-171.885,235.2875,-272.5975
287,169478,1.735084,0.19739600000000002,-3.5099400000000003,-227.3425,305.4975,-324.415
288,169574,2.990464,-0.9720960999999999,-1.8773360000000001,-53.5675,285.8975,-182.35
289,169670,2.805268,-0.09735601,-1.73606,-3.29,270.6025,-51.555
290,169767,1.94346,1.180228,-2.0154400000000003,-33.7925,233.1525,-14.0525
291,169863,0.915732,1.160464,-1.314916,-4.8475,177.9575,-24.4475
292,169959,0.708332,0.462868,-0.868884,19.53,153.51,-61.5125
293,170055,0.8808401,-0.6178081,-0.6283,55.6325,150.0275,-53.1125
294,170152,2.2421159999999998,-2.2128360000000002,-2.014952,53.165,146.02,-34.195
295,170248,1.587708,-0.87718,-0.679296,-38.8325,87.81501,-24.9375
296,170344,0.48312,0.6763680000000001,-1.215852,-72.3975,63.49,-19.9325
297,170440,1.0650600000000001,-0.559736,-0.897432,-45.5525,51.905,-25.8825
298,170537,0.51118,-0.244,-0.9023121,-51.24,40.6175,-23.52
299,170633,0.9442801,0.038551999999999996,-1.15656,-54.4425,38.9025,-23.205
300,170729,0.544852,-0.19251600000000002,-0.844484,-39.9,25.4975,-22.645
301,170825,0.6605081,-0.14762,-0.9379360000000001,-29.3825,25.095,-16.45
302,170922,0.776408,-0.037576,-0.9867360999999999,-19.5825,25.06,-12.53
303,171018,0.587796,-0.101504,-0.855708,-6.615,20.0025,-8.4175
304,171114,0.6029241,-0.080276,-0.8727879999999999,0.8225,18.9875,-4.9525
305,171210,0.5897479999999999,-0.113704,-0.8457040000000001,5.635,19.285,-2.8525
306,171307,0.586332,-0.122,-0.8376520000000001,9.3975,20.195,-1.225
307,171403,0.57462,-0.14713199999999999,-0.8132520999999999,12.39,21.28,-0.07
308,171499,0.582184,-0.12761199999999998,-0.8261841000000001,13.4925,23.625,1.5575
309,171595,0.579256,-0.143716,-0.813984,15.3825,25.795,3.395
310,171692,0.5856,-0.156404,-0.797148,18.06,27.8075,4.27
311,171788,0.5856,-0.155184,-0.7829961,19.18,31.185,5.565
312,171884,0.5858439999999999,-0.146156,-0.785192,19.145,35.35,7.735
313,171980,0.575596,-0.182756,-0.805688,20.09,39.095,9.6425
314,172077,0.5738880000000001,-0.24034,-0.76494,20.405,41.2475,9.5375
315,172173,0.60146,-0.09638,-0.820084,18.06,44.66,8.5925
316,172269,0.5826720000000001,-0.22277199999999997,-0.7600600000000001,25.2525,45.535,7.6475
317,172365,0.593164,-0.197152,-0.768844,26.67,46.5325,5.915
318,172462,0.597312,-0.250344,-0.724924,24.815,48.0375,3.7625
319,172558,0.5787680000000001,-0.324764,-0.68076,19.8975,49.2275,1.5225
320,172654,0.646112,-0.179584,-0.754204,10.0275,51.695,-1.505
321,172750,0.647576,-0.26961999999999997,-0.6810039999999999,10.9375,50.54,-3.4825
322,172846,0.653676,-0.204228,-0.7141881,7.4025,49.2625,-5.32
323,172943,0.648552,-0.254736,-0.690764,5.8975,47.285,-6.965
324,173039,0.668316,-0.217892,-0.685884,3.57,46.2875,-9.52
325,173135,0.61488,-0.215452,-0.654652,3.745,44.2575,-11.725
326,173231,0.69296,-0.219356,-0.670268,3.08,42.6125,-15.6625
327,173328,0.66856,-0.23668000000000003,-0.6646561,-0.8575,42.4725,-19.4075
328,173424,0.638304,-0.28011199999999997,-0.659044,-3.78,43.085,-23.9225
329,173520,0.639524,-0.25864000000000004,-0.6795401,-8.8025,45.29,-30.38
330,173616,0.696864,-0.215696,-0.658312,-10.7975,48.895,-36.9775
331,173713,0.7015,-0.22496799999999997,-0.720776,-12.32,53.9875,-42.4375
332,173809,0.6944241,-0.112972,-0.712236,-9.45,59.4475,-43.82
333,173905,0.6980841,-0.10321199999999998,-0.7088201,-2.87,66.2025,-40.705
334,174001,0.6734399999999999,-0.165676,-0.7156520000000001,1.9775,75.35501,-36.26
335,174098,0.662704,-0.15201199999999998,-0.721508,1.96,86.7125,-32.83
336,174194,0.692228,-0.11126400000000002,-0.7224841,-0.56,98.945,-29.0675
337,174290,0.677588,-0.096868,-0.7105279999999999,-3.78,110.32,-24.3775
338,174386,0.71248,-0.039772,-0.6836880999999999,-7.665,121.87,-18.9525
339,174483,0.686128,-0.0549,-0.6878361,-12.425,134.9075,-10.85
340,174579,0.702964,-0.14786400000000002,-0.6673399999999999,-17.045,152.6525,-4.305
341,174675,0.7622561,-0.179584,-0.735416,-21.56,176.4525,-3.045
342,174771,0.576816,-0.22691999999999998,-0.66978,-22.015,200.6025,-6.965
343,174867,0.921588,-0.310612,-0.8039801,-26.0575,231.5775,-16.3275
344,174964,0.81374,-0.256932,-0.794952,-26.4425,267.5925,-24.9025
345,175060,0.855708,-0.26766799999999996,-0.98088,-16.2925,321.7725,-20.9125
346,175156,1.4513120000000002,-0.007808001,-1.186572,6.5275,385.9275,-12.4075
347,175252,0.803248,0.09052401,-1.269776,35.665,479.255,24.6575
348,175349,1.1102,-0.5858439999999999,-0.975512,45.115,513.8875,53.445
349,175445,2.0276400000000003,-0.35868,-1.295396,42.245,518.9625,22.05
350,175541,2.1581799999999998,-0.164944,-1.4518,44.625,519.61,-1.855
351,175637,2.268956,-0.175924,-1.306132,52.71,487.7775,-11.62
352,175733,3.643652,-1.3481,-1.161196,147.315,455.42,-12.18
353,175830,4.098955999999999,-0.8457040000000001,-2.30702,234.2375,509.425,18.06
354,175926,2.039596,-0.763476,-3.0802560000000003,287.945,478.3975,2.9225
355,176022,1.301008,-1.331996,-1.7733919999999999,230.44,281.33,-55.475
356,176118,3.568744,-1.760948,-3.9491400000000003,164.92,105.84,-84.01751
357,176215,1.7970599999999999,-1.4452120000000002,-2.726944,98.0525,-68.6,-69.1075
358,176311,0.5663239999999999,-0.973316,-1.664812,61.74,-209.2825,-54.705
359,176407,0.06636801,-0.7324881,-1.1529,39.2175,-241.6575,-51.415
360,176503,-0.193492,-0.588284,-0.7388319999999999,28.77,-251.545,-59.43
361,176600,-0.14688800000000002,-0.5978,-0.603168,19.775,-241.5,-65.625
362,176696,0.066856,-0.665144,-0.611464,9.7125,-233.59,-65.695
363,176792,0.30988000000000004,-0.814472,-0.693204,-2.9225,-234.92,-59.15
364,176888,0.5119121,-0.9076799999999999,-0.759572,-23.275,-247.3975,-47.5125
365,176985,0.597312,-0.9286639999999999,-0.754692,-48.405,-269.43,-33.0575
366,177081,0.5636399999999999,-0.8230120999999999,-0.648796,-71.19,-293.0725,-18.2
367,177177,0.555832,-0.699548,-0.577304,-82.4425,-309.7325,-3.535
368,177273,0.570716,-0.6280560000000001,-0.496296,-82.005,-320.46,11.1475
369,177370,0.665632,-0.569984,-0.483364,-73.7275,-327.5825,25.9875
370,177466,0.762744,-0.5314321,-0.48068,-62.3525,-333.375,41.3
371,177562,0.830576,-0.489464,-0.46238,-49.525,-338.5725,56.4375
372,177658,0.8805960999999999,-0.44212799999999997,-0.443104,-36.715,-341.95,68.8275
373,177755,0.9098761000000001,-0.390644,-0.41602,-23.0475,-342.1775,76.72
374,177851,0.9730721,-0.371856,-0.41992399999999996,-7.8225,-338.275,80.255
375,177947,1.061156,-0.36282800000000004,-0.45628,7.875,-331.7475,81.445
376,178043,1.2017,-0.441396,-0.49263599999999996,24.0275,-324.5725,82.8975
377,178140,1.2275639999999999,-0.44383599999999995,-0.503616,32.5325,-316.61,85.645
378,178236,1.266848,-0.5219159999999999,-0.575596,35.1225,-308.3675,88.6725
379,178332,1.285392,-0.598288,-0.6265921,34.79,-298.62,89.95
380,178428,1.3710360000000001,-0.62708,-0.745664,29.3475,-287.2975,89.39
381,178525,1.5225600000000001,-0.6107319999999999,-0.8796200000000001,24.3075,-278.215,89.1625
382,178621,1.719712,-0.632204,-1.037976,24.92,-274.2775,91.14
383,178717,2.01422,-0.6993041,-1.22976,31.4825,-276.08,95.1825
384,178813,2.296284,-0.7659161,-1.378112,40.95,-286.9125,103.0925
385,178909,2.445368,-0.8308200000000001,-1.410076,50.7325,-305.6725,115.8325
386,179006,2.44122,-0.8642481,-1.312964,58.625,-325.01,131.7575
387,179102,2.3955919999999997,-0.85034,-1.149728,63.945,-336.385,147.14
388,179198,2.3785119999999997,-0.752984,-0.9252481,68.8275,-335.9825,160.5275
389,179294,2.424628,-0.13151600000000002,-0.783728,74.69,-323.435,176.1375
390,179391,2.6110439999999997,0.082472,-0.520208,102.9,-302.4,206.885
391,179487,2.694248,0.26474000000000003,0.20178800000000002,131.67,-281.75,233.0825
392,179583,3.0102279999999997,0.6009720000000001,1.3620079999999999,131.6525,-244.1775,241.01
393,179679,3.3410919999999997,1.14314,2.537112,106.8025,-188.7025,217.2625
394,179776,3.231536,1.8949040000000001,3.057076,72.59,-117.18,157.815
395,179872,2.626172,1.658468,2.734752,60.1825,-35.5425,78.55751
396,179968,2.7532959999999997,1.0255319999999999,1.699948,33.4775,43.5925,-15.4525
397,180064,2.897256,0.557052,0.462136,-17.745,87.6575,-97.51
398,180160,1.890512,-0.396012,-0.14786400000000002,-52.36,96.6,-143.9375
399,180257,-0.24107199999999998,-1.30784,0.9067040000000001,-159.4075,160.9825,-190.9775
400,180353,0.318664,1.181936,-1.009916,-345.065,236.3375,-268.485
401,180449,0.70028,1.341756,-2.4043759999999996,-244.02,305.9525,-206.605
402,180545,2.79868,1.13704,-1.436184,-37.8875,323.6975,-58.1
403,180642,3.403068,1.755824,-2.3977880000000003,-21.7525,301.105,-40.985
404,180738,2.7764759999999997,0.7893399999999999,-1.9163759999999999,-7.21,223.9825,-64.085
405,180834,1.27978,-0.5307,-0.972828,0.07,141.82,-78.7325
406,180930,0.074664,-0.8669319999999999,-0.30475599999999997,-14.6825,113.75,-78.62751
407,181026,0.9328120000000001,-1.458144,-1.163392,-20.8775,134.7325,-57.26
408,181123,2.644228,-0.830332,-1.286612,-98.4375,107.1175,-67.62001
409,181219,0.746396,0.5260640000000001,-1.3261399999999999,-123.8825,44.2925,-66.115
410,181315,1.1394799999999998,0.387716,-1.357616,-78.82,25.375,-48.16
411,181411,0.46848,-0.38552,-0.71492,-65.555,1.365,-40.705
412,181508,0.6505041,-0.14078800000000002,-0.9516,-59.92,1.19,-33.985
413,181604,0.666852,-0.08100801,-0.978684,-53.375,1.5925,-31.4475
414,181700,0.587796,-0.10614000000000001,-0.8823040000000001,-40.775,2.345,-27.2475
415,181796,0.6070720000000001,-0.05977999999999999,-0.869616,-31.325,5.5825,-21.735
416,181892,0.5463161,-0.083204,-0.826428,-22.12,5.95,-16.6075
417,181989,0.552904,-0.087108,-0.8522921,-14.665,8.12,-13.7725
418,182085,0.5631520000000001,-0.09906401,-0.831308,-9.4675,10.29,-12.285
419,182181,0.5368,-0.076616,-0.8244761,-6.265,11.76,-11.0425
420,182277,0.57828,-0.07978801,-0.8364321,-3.36,13.3525,-9.5025
421,182373,0.563396,-0.107116,-0.8439959999999999,-0.8225,15.8025,-7.315
422,182470,0.603168,-0.099552,-0.865468,-0.665,17.5,-7.5775
423,182566,0.597068,-0.11028800000000001,-0.7893399999999999,0.8575,17.71,-7.1225
424,182662,0.596092,-0.11712,-0.8086161000000001,2.3975,17.1325,-6.5975
425,182758,0.604632,-0.11321600000000001,-0.797636,4.3225,16.835,-5.8625
426,182855,0.58682,-0.13542,-0.7788480999999999,5.3375,16.1,-5.8275
427,182951,0.587796,-0.139812,-0.8030041,4.83,16.345,-6.4225
428,183047,0.595604,-0.130296,-0.796904,4.06,17.15,-7.77
429,183143,0.6107319999999999,-0.077836,-0.781044,3.78,17.9375,-9.0475
430,183239,0.6131721,-0.059048,-0.787388,5.53,18.6025,-8.1375
431,183336,0.5948720000000001,-0.09882,-0.786656,7.105,19.88,-6.9125
432,183432,0.5799880000000001,-0.108824,-0.7747001,5.5475,23.1875,-6.755
433,183528,0.5673,0.013908000000000002,-0.8176439999999999,4.375,27.615,-5.88
434,183624,0.5887720000000001,-0.1098,-0.775188,9.3975,31.395,-3.7275
435,183721,0.604388,-0.044652,-0.7937320999999999,9.8,35.28,-2.905
436,183817,0.604876,-0.06075601,-0.7761640999999999,12.2675,38.0975,-1.995
437,183913,0.6182960999999999,-0.07881200000000001,-0.771772,14.035,40.6875,-1.26
438,184009,0.616344,-0.09906401,-0.769332,15.4525,42.7525,-1.05
439,184105,0.6197600000000001,-0.101992,-0.762012,16.695,45.045,-1.8025
440,184202,0.6219561,-0.102968,-0.7473721,18.305,48.2125,-3.115
441,184298,0.624396,-0.11345999999999999,-0.759084,20.58,51.87,-4.3575
442,184394,0.6058520000000001,-0.136152,-0.756888,22.6975,56.315,-5.7925
443,184490,0.6161,-0.13908,-0.767624,23.9575,62.335,-8.435
444,184587,0.607316,-0.131028,-0.774212,25.2,69.4925,-11.2
445,184683,0.589992,-0.16835999999999998,-0.758596,25.8475,77.6125,-14.4025
446,184779,0.6229319999999999,-0.154452,-0.7598161,25.4625,87.36,-17.535
447,184875,0.6517241,-0.171044,-0.738588,25.0775,97.05501,-18.8825
448,184971,0.648796,-0.1769,-0.7105279999999999,23.2575,107.17,-19.985
449,185068,0.640256,-0.14762,-0.69906,19.04,116.2,-20.8775
450,185164,0.658556,-0.08417999999999999,-0.7190681,12.1625,124.845,-21.105
451,185260,0.646112,-0.06832001,-0.72102,5.25,134.6625,-17.85
452,185356,0.6292760000000001,-0.13908,-0.726876,2.0475,150.0625,-14.2275
453,185453,0.5743761,-0.194712,-0.74054,2.0475,171.57,-14.175
454,185549,0.58804,-0.30744,-0.720532,7.8225,196.875,-16.555
455,185645,0.595604,-0.32866799999999996,-0.6753920999999999,-1.8725,219.3975,-26.8275
456,185741,0.411384,-0.309636,-0.7315119999999999,-24.08,239.75,-41.8425
457,185837,0.738344,-0.38308000000000003,-0.9806360000000001,-42.7,268.24,-56.385
458,185934,1.206824,-0.45628,-0.8918200000000001,-61.4425,311.395,-73.115
459,186030,0.8805960999999999,-0.222284,-0.9652639999999999,-73.255,372.33,-84.77
460,186126,1.3066200000000001,-0.26352,-1.33712,-44.345,433.825,-83.0025
461,186222,1.712392,-0.051484,-1.2585520000000001,6.3525,500.7625,-82.495
462,186319,2.211616,-0.128344,-1.31882,59.6575,547.2775,-86.3975
463,186415,2.146468,-0.7019880000000001,-2.316048,82.0225,569.625,-89.32
464,186511,2.772816,-0.6283,-1.398364,132.37,528.99,-131.9325
465,186607,4.768004,-0.815936,-2.179408,134.785,538.9475,-148.3125
466,186704,2.695712,-0.5724239999999999,-2.35094,241.5,555.135,-83.545
467,186800,1.8651360000000001,-1.039684,-2.978508,224.6125,459.9875,-87.97251
468,186896,3.3008319999999998,-2.107428,-2.661552,163.59,230.65,-91.5425
469,186992,3.021696,-2.13988,-4.48594,73.4125,52.465,-62.055
470,187088,0.7478600000000001,-1.538176,-2.2753,11.2175,-158.62,-28.0875
471,187185,0.12468399999999999,-0.8044680999999999,-1.8980759999999999,-24.64,-216.8075,-10.535
472,187281,-0.203984,-0.340624,-1.283196,-10.3425,-239.2775,4.095
473,187377,-0.048556,-0.32256799999999997,-1.1211799999999998,36.785,-241.57,26.3375
474,187473,0.230336,-0.45896400000000004,-1.059692,75.9675,-248.15,49.665
475,187569,0.5170359999999999,-0.619028,-1.057008,90.1075,-265.4225,69.755
476,187666,0.743712,-0.706624,-1.036512,75.0575,-292.46,85.75
477,187762,0.8188641,-0.67466,-0.9703879999999999,43.785,-324.135,98.3325
478,187858,0.772748,-0.504592,-0.833016,8.54,-352.975,107.0825
479,187954,0.69662,-0.26156799999999997,-0.6563601,-16.8525,-370.405,112.805
480,188051,0.595116,-0.082716,-0.462868,-23.3275,-377.3875,118.0025
481,188147,0.543144,0.021472,-0.351848,-14.315,-372.4525,123.5325
482,188243,0.58682,0.033428,-0.336964,0.0175,-358.3825,127.89
483,188339,0.6566041,-0.020496,-0.385276,12.04,-342.125,129.745
484,188435,0.767624,-0.0671,-0.465308,18.06,-326.55,128.2925
485,188532,0.9067040000000001,-0.1281,-0.5702281,18.305,-314.055,122.325
486,188628,1.118252,-0.165676,-0.711016,16.5025,-306.845,112.84
487,188724,1.31272,-0.217648,-0.8327720999999999,16.8875,-305.655,105.0175
488,188820,1.359324,-0.26156799999999997,-0.862296,19.25,-309.82,102.9875
489,188917,1.3466360000000002,-0.310612,-0.8893800999999999,22.75,-312.585,106.2775
490,189013,1.34566,-0.365268,-0.9067040000000001,26.6175,-310.87,110.46
491,189109,1.468636,-0.469944,-1.003816,28.9625,-305.4625,114.0825
492,189205,1.7345959999999998,-0.589992,-1.17242,28.63,-300.405,116.6725
493,189301,2.1069400000000003,-0.696376,-1.355176,25.55,-302.5225,120.715
494,189398,2.30946,-0.806908,-1.336876,18.1475,-316.1025,127.505
495,189494,2.4273119999999997,-0.874252,-1.321992,7.1925,-331.24,135.765
496,189590,2.383636,-0.8361879999999999,-1.1455799999999998,-4.3575,-343.1225,143.675
497,189686,2.311168,-0.741272,-0.9850280999999999,-9.7475,-344.96,152.95
498,189783,2.33996,-0.438224,-0.8801081000000001,-4.6375,-334.8275,167.125
499,189879,2.489532,-0.31842,-0.7551800000000001,14.595,-316.5225,189.5425
500,189975,2.610312,-0.266692,-0.44286000000000003,35.1925,-297.7625,207.48
501,190071,2.678632,-0.00366,0.030744,38.85,-274.925,212.6425
502,190167,2.892376,0.49434399999999995,0.692716,36.5575,-243.88,208.2325
503,190264,3.151748,1.016016,1.4422840000000001,44.94,-206.7975,193.445
504,190360,3.182004,1.413736,2.161108,69.4925,-163.415,162.295
505,190456,2.85358,1.273924,2.50222,98.84000999999999,-105.4375,114.87
506,190552,2.381196,0.652212,2.226744,94.0625,-35.14,48.0375
507,190648,2.50832,0.39894,1.3224799999999999,36.015,32.6375,-35.0525
508,190745,2.500268,-0.296948,1.229028,-30.87,89.11,-111.02
509,190841,0.9977159999999999,-0.488,2.844796,-142.6425,184.1525,-210.8925
510,190937,1.025044,1.78486,0.263276,-274.61,281.3125,-323.785
511,191033,2.095472,0.935008,-3.684644,-223.86,339.64,-325.92
512,191130,3.67708,-0.5404601,-1.8297560000000002,0.9975,318.325,-152.635
513,191226,2.8957919999999997,0.791536,-1.719224,-2.0825,270.62,-80.64
514,191322,2.297748,0.72956,-1.9356520000000002,-20.16,226.7475,-68.1275
515,191418,1.045296,0.351116,-1.1163,-1.575,164.6225,-65.15250999999999
516,191514,0.228872,-0.053191999999999996,-0.42553599999999997,10.115,148.155,-75.705
517,191611,1.730204,-2.077416,-1.7775400000000001,33.95,165.3575,-55.5275
518,191707,2.4573240000000003,-1.4696120000000001,-0.662948,-57.365,121.625,-46.2175
519,191803,0.552904,1.063352,-1.361764,-107.6425,72.45,-39.1475
520,191899,1.230736,-0.174948,-1.079456,-62.2125,58.135,-33.8625
521,191996,0.5504641,-0.382836,-0.8657120999999999,-50.1375,38.255,-25.725
522,192092,0.9381801,0.053191999999999996,-1.14436,-48.16,37.87,-18.62
523,192188,0.598532,-0.424072,-0.791048,-28.0875,26.4775,-17.255
524,192284,0.691008,0.005368,-0.964776,-19.425,28.5775,-10.6225
525,192380,0.686128,-0.06563601,-0.92232,-5.2325,25.7075,-4.6725
526,192477,0.647332,-0.22716399999999998,-0.8254520000000001,9.45,20.7375,-0.525
527,192573,0.620004,-0.06563601,-0.8625401,12.5825,22.5925,1.05
528,192669,0.61122,-0.17641199999999999,-0.8103239999999999,18.97,21.735,3.465
529,192765,0.6178081,-0.174216,-0.814472,21.63,22.225,4.655
530,192862,0.6292760000000001,-0.1525,-0.815936,22.8375,23.7825,6.335
531,192958,0.633424,-0.165676,-0.778116,25.69,23.94,8.5925
532,193054,0.6439159999999999,-0.15372,-0.772016,28.14,23.52,11.515
533,193150,0.633668,-0.139568,-0.798124,31.4825,23.7475,16.5375
534,193246,0.5968241,-0.22814,-0.769576,35.9975,24.395,21.28
535,193343,0.6117081,-0.23887600000000003,-0.753472,36.2775,26.0925,22.9425
536,193439,0.5919439999999999,-0.251076,-0.742004,34.79,27.1425,22.365
537,193535,0.595116,-0.21301199999999998,-0.758352,31.78,28.21,21.21
538,193631,0.6097560000000001,-0.251076,-0.71858,30.8525,28.175,19.8975
539,193728,0.571204,-0.26766799999999996,-0.7510321,28.0175,30.5375,18.62
540,193824,0.5292359999999999,-0.274744,-0.739808,26.4075,32.2525,16.6425
541,193920,0.549732,-0.326716,-0.7078439999999999,22.085,35.63,12.7225
542,194016,0.564616,-0.277428,-0.71736,17.395,37.7125,7.0875
543,194113,0.543388,-0.396988,-0.6695361,15.8725,38.185,-1.855
544,194209,0.5875520000000001,-0.374296,-0.704916,10.535,39.7075,-11.3225
545,194305,0.673928,-0.361852,-0.681736,4.6025,41.475,-15.82
546,194401,0.666608,-0.313296,-0.7005239999999999,-3.605,42.4025,-21.0
547,194498,0.654652,-0.309636,-0.6795401,-6.3175,42.3325,-24.0275
548,194594,0.686128,-0.29572800000000005,-0.6736840000000001,-6.8075,39.8825,-26.7575
549,194690,0.67832,-0.279868,-0.6724640000000001,-8.295,37.8875,-29.225
550,194786,0.7034521,-0.194712,-0.7019880000000001,-7.63,37.87,-30.2575
551,194882,0.6688041,-0.15982000000000002,-0.71126,-2.45,39.095,-29.05
552,194979,0.652944,-0.16592,-0.7190681,3.9375,41.615,-27.5275
553,195075,0.618052,-0.16348,-0.7027201,6.3525,47.74,-26.4425
554,195171,0.6082920999999999,-0.217892,-0.6895439999999999,6.405,55.4925,-27.2125
555,195267,0.6222,-0.227652,-0.70394,0.21,64.33,-30.765
556,195364,0.666608,-0.234972,-0.6832,-2.6075,71.6625,-33.565
557,195460,0.685884,-0.23009200000000002,-0.6844201,-1.6625,76.755,-34.2475
558,195556,0.772504,-0.128344,-0.705404,-2.3275,84.2275,-31.9025
559,195652,0.692472,-0.2623,-0.66246,1.3125,90.86,-27.0375
560,195749,0.709064,-0.265228,-0.7178479999999999,1.995,100.59,-26.4425
561,195845,0.6514800000000001,-0.27523200000000003,-0.70516,6.65,114.1525,-27.8075
562,195941,0.700036,-0.183976,-0.7239479999999999,10.0975,132.79,-27.3
563,196037,0.674172,-0.158112,-0.676124,3.815,147.84,-24.08
564,196134,0.7705521,-0.152256,-0.733464,-6.2125,166.8625,-22.2075
565,196230,0.596092,-0.134932,-0.8488761,-3.9025,194.8625,-21.42
566,196326,0.573156,-0.186172,-0.7171161,-8.855,217.3675,-23.1875
567,196422,0.6946681,-0.227408,-0.863028,-17.8675,261.8,-26.1275
568,196518,1.4313040000000001,-0.510936,-0.8842561,-12.6,316.7325,-30.9925
569,196615,1.006256,-0.219356,-1.118984,-20.72,402.36,-35.98
570,196711,0.8388721,-0.196908,-1.458632,-31.3425,478.555,-10.3775
571,196807,1.03334,-0.522648,-0.8913321,0.6125,519.3825,7.385
572,196903,2.1716,-0.313296,-1.206092,39.165,537.3725,-6.3525
573,196999,2.017636,-0.23155599999999998,-1.4417959999999999,59.7275,560.0,-22.7325
574,197096,2.297504,-0.17934,-1.355664,93.275,532.5075,-24.57
575,197192,2.977776,-0.833016,-1.149972,173.1625,482.9475,-20.37
576,197288,4.362232,-0.9352520000000001,-1.88368,293.0725,490.665,0.035
577,197384,2.364848,-0.889136,-2.810392,379.435,500.43,15.295
578,197481,0.8540000000000001,-1.647244,-2.233088,324.765,338.8525,-19.9675
579,197577,3.6209599999999997,-2.539308,-3.24642,214.4625,129.1325,-61.88
580,197673,2.082296,-2.2006360000000003,-3.1634599999999997,63.6825,-16.4675,-59.29
581,197769,0.620004,-1.283928,-1.96298,-41.5975,-188.1075,-48.02
582,197866,0.11248399999999999,-0.7019880000000001,-1.602592,-88.935,-225.2075,-41.8425
583,197962,-0.177876,-0.265472,-1.112152,-86.485,-246.82,-43.5925
584,198058,-0.020008,-0.193492,-0.9706319999999999,-54.6875,-246.82,-41.615
585,198154,0.22716399999999998,-0.328912,-0.9054840000000001,-18.48,-252.5425,-35.07
586,198250,0.443592,-0.54168,-0.887184,2.415,-268.6075,-28.42
587,198347,0.59658,-0.670512,-0.8193521,2.1875,-291.095,-22.2425
588,198443,0.587064,-0.7622561,-0.7320001,-13.2475,-317.87,-17.955
589,198539,0.6168319999999999,-0.7190681,-0.654408,-33.46,-338.73,-15.015
590,198635,0.694912,-0.663924,-0.610244,-48.2475,-352.4325,-10.815
591,198732,0.790072,-0.615368,-0.5673,-54.7575,-363.02,-3.4825
592,198828,0.823744,-0.599508,-0.504104,-55.0725,-372.8025,7.07
593,198924,0.8740081000000001,-0.550952,-0.4575,-51.625,-378.7,19.0225
594,199020,0.892552,-0.528748,-0.40504,-45.01,-380.45,31.465
595,199116,0.90402,-0.510692,-0.375272,-35.805,-377.2825,43.8025
596,199213,0.9225639999999999,-0.508984,-0.37698000000000004,-24.3425,-369.0575,54.6
597,199309,1.02236,-0.5070319999999999,-0.403332,-10.675,-357.49,63.14
598,199405,1.160952,-0.660752,-0.371856,4.3575,-345.6425,72.275
599,199501,1.237568,-0.6058520000000001,-0.509228,10.9375,-333.27,82.355
600,199598,1.3571280000000001,-0.6836880999999999,-0.5753520000000001,18.375,-322.0175,93.3975
601,199694,1.369328,-0.8081281,-0.6368401,21.9625,-313.67,105.5075
602,199790,1.424228,-0.8439959999999999,-0.772992,15.855,-303.66,115.2725
603,199886,1.58722,-0.776896,-0.9686799999999999,6.055,-294.2275,123.0075
604,199983,1.777052,-0.6973520000000001,-1.134844,4.4275,-289.8875,132.09
605,200079,1.9707880000000002,-0.66246,-1.264896,12.355,-289.9225,143.43
606,200175,2.2143,-0.7134560999999999,-1.372744,26.88,-292.4775,155.9075
607,200271,2.490752,-0.8378960999999999,-1.430572,40.53,-298.9525,168.3675
608,200367,2.7242599999999997,-0.9994241,-1.368596,43.015,-310.695,179.375
609,200464,2.7957520000000002,-0.716384,-1.185108,28.385,-322.77,189.8575
610,200560,2.873832,-0.36282800000000004,-0.9901521000000001,18.7075,-325.3075,209.51
611,200656,2.894572,-0.2318,-0.5043479999999999,27.6325,-320.53,229.705
612,200752,2.878956,-0.139568,0.114192,28.0875,-301.665,235.2
613,200849,2.934344,0.133712,0.844484,15.75,-269.465,223.1425
614,200945,3.260084,0.7473721,1.5889280000000001,1.4175,-229.8625,193.655
615,201041,3.4286879999999997,1.61162,2.207224,13.475,-190.2075,150.605
616,201137,3.09148,1.762168,2.651304,62.5625,-143.5,100.8175
617,201233,2.3616759999999997,0.942084,2.619584,86.415,-76.9475,35.9975
618,201330,2.303604,0.41113999999999995,1.8702599999999998,24.745,2.9925,-56.5075
619,201426,2.418528,0.5043479999999999,0.653432,-68.72251,64.855,-141.4
620,201522,2.4207240000000003,-0.49849209999999994,1.071892,-122.955,131.0925,-195.16
621,201618,-0.217648,0.39723200000000003,1.6409,-222.565,221.8825,-269.01
622,201715,0.8054439999999999,0.71248,-3.037068,-215.2325,321.545,-273.4025
623,201811,2.588108,0.19276,-2.127436,-45.255,338.4325,-134.855
624,201907,3.2656959999999997,0.24424400000000002,-1.38714,57.05,325.9025,-32.83
625,202003,3.1390599999999997,0.989908,-2.614704,-0.035,282.415,-32.8475
626,202100,1.7092200000000002,0.398208,-1.21146,23.87,198.52,-33.4425
627,202196,0.5038600000000001,-0.107116,-0.653676,17.78,154.35,-57.5575
628,202292,0.452132,-0.6895439999999999,-0.6993041,36.435,155.1025,-45.605
629,202388,2.9797279999999997,-2.46806,-1.175836,-6.8075,139.8425,-42.1575
630,202484,0.8576601,0.681492,-1.081164,-106.5225,74.1475,-48.7725
631,202581,1.112396,0.515572,-1.303204,-89.845,59.4125,-50.19
632,202677,0.8735200000000001,-0.627568,-0.8969440000000001,-61.775,36.8725,-40.0225
633,202773,0.562176,-0.082716,-0.978196,-58.73,30.4325,-29.5575
634,202869,0.800076,-0.367952,-0.927932,-50.2425,27.5625,-29.2075
635,202966,0.7808001,0.127368,-1.0201639999999998,-37.5025,23.2225,-24.815
636,203062,0.670268,-0.130296,-0.8713241,-17.92,17.3775,-14.6825
637,203158,0.625128,-0.145424,-0.8591241,-5.5125,18.025,-7.5425
638,203254,0.659288,-0.0976,-0.8439959999999999,0.595,18.3575,-4.655
639,203350,0.5875520000000001,-0.125172,-0.8344801,7.42,18.2875,-0.805
640,203447,0.60634,-0.108824,-0.8300879999999999,11.2,19.0225,1.365
641,203543,0.587064,-0.16592,-0.815692,14.0175,20.125,2.38
642,203639,0.6082920999999999,-0.135908,-0.7998321,15.505,21.7175,2.275
643,203735,0.626836,-0.10345599999999999,-0.80642,16.975,23.625,3.7275
644,203832,0.606584,-0.174704,-0.782752,20.1775,24.605,6.3525
645,203928,0.609024,-0.193492,-0.7771399999999999,21.2975,25.8125,6.7725
646,204024,0.5987760999999999,-0.21032800000000001,-0.784704,21.6825,27.6675,7.105
647,204120,0.6202479999999999,-0.181292,-0.7747001,21.0,30.1175,7.105
648,204216,0.5980439999999999,-0.187636,-0.770308,21.2625,31.9025,7.14
649,204313,0.5980439999999999,-0.20642399999999997,-0.776896,22.085,33.635,6.86
650,204409,0.591212,-0.17202,-0.7829961,22.365,34.9825,5.7575
651,204505,0.599508,-0.249856,-0.74542,28.6825,35.4025,3.99
652,204601,0.62098,-0.228872,-0.73688,29.4875,36.365,0.6125
653,204698,0.618784,-0.2806,-0.7171161,27.545,37.7125,-1.19
654,204794,0.616588,-0.24912399999999998,-0.706136,19.39,40.04,-2.6425
655,204890,0.6314721,-0.24668400000000001,-0.687592,12.32,42.56,-3.885
656,204986,0.62464,-0.29036,-0.6802720999999999,10.465,40.635,-6.265
657,205082,0.6600201,-0.299144,-0.683932,4.655,39.3225,-11.1125
658,205179,0.679784,-0.309148,-0.66246,1.3825,35.63,-15.9075
659,205275,0.671732,-0.29792399999999997,-0.66246,-2.38,31.4825,-21.4725
660,205371,0.678808,-0.28157600000000005,-0.66978,-3.78,26.985,-27.265
661,205467,0.6912520000000001,-0.24570799999999998,-0.67832,-5.075,23.38,-32.76
662,205564,0.68198,-0.214964,-0.6771,-4.5325,21.0175,-36.75
663,205660,0.698816,-0.15201199999999998,-0.679784,-3.7625,20.755,-38.7275
664,205756,0.714432,-0.11126400000000002,-0.695156,-2.94,21.945,-38.395
665,205852,0.685884,-0.10540799999999999,-0.6946681,-1.9425,24.6575,-35.7
666,205948,0.6749041,-0.134688,-0.7044279999999999,0.2625,28.4025,-32.1825
667,206045,0.665632,-0.142496,-0.720532,3.5,33.4075,-29.75
668,206141,0.67588,-0.148108,-0.705404,7.2975,39.4625,-27.58
669,206237,0.6885680999999999,-0.144204,-0.692472,9.5725,45.2725,-24.885
670,206333,0.6856399999999999,-0.15420799999999998,-0.6993041,9.3275,51.66,-19.8625
671,206430,0.6893,-0.134932,-0.701256,8.4175,59.0625,-14.5775
672,206526,0.6895439999999999,-0.116876,-0.7139439999999999,7.0175,68.32,-9.66
673,206622,0.699548,-0.101016,-0.730292,5.2325,79.485,-3.535
674,206718,0.680516,-0.140544,-0.757864,4.235,91.63,1.05
675,206814,0.619028,-0.22935999999999998,-0.775676,6.055,105.245,1.05
676,206911,0.5975560000000001,-0.257664,-0.7639640999999999,5.5825,120.05,-5.6875
677,207007,0.5914560000000001,-0.27523200000000003,-0.728096,7.07,142.065,-12.3375
678,207103,0.589992,-0.270108,-0.72468,11.2175,170.205,-18.025
679,207199,0.603168,-0.2013,-0.7869,18.41,199.4125,-22.085
680,207296,0.5309441,-0.21374400000000002,-0.6734399999999999,10.99,214.9875,-30.24
681,207392,0.649284,-0.233996,-0.924516,-4.0425,244.7375,-37.1175
682,207488,0.7046720999999999,-0.379664,-0.815692,-11.095,276.815,-42.315
683,207584,0.9228081,-0.40748,-0.8071520000000001,-25.8475,328.44,-55.545
684,207681,0.975024,-0.359412,-1.079456,-39.025,397.985,-62.2825
685,207777,1.5982,-0.06636801,-1.0384639999999998,-36.12,460.635,-56.7525
686,207873,1.8231680000000001,-0.19397999999999999,-1.131428,27.615,516.0399,-36.715
687,207969,2.158912,-0.441396,-1.737524,66.5,544.88,-39.2175
688,208065,2.43634,-0.590968,-1.700924,81.67251,517.72,-59.1675
689,208162,3.649264,-0.9652639999999999,-1.461804,103.67,500.36,-86.73
690,208258,2.892864,-0.6954,-2.3968119999999997,178.115,538.23,-71.5575
691,208354,1.836588,-0.649284,-2.631784,208.88,511.9625,-70.455
692,208450,1.079456,-0.8720559999999999,-2.382172,190.47,367.255,-81.88251
693,208547,3.6841559999999998,-1.474736,-3.7129480000000004,173.3375,197.995,-97.26501
694,208643,2.5122240000000002,-1.503528,-3.4794400000000003,121.5375,8.575,-84.49
695,208739,0.8813280000000001,-1.085556,-2.066924,86.04751,-185.9025,-73.43
696,208835,0.235948,-0.8244761,-1.4130040000000001,55.9825,-246.9425,-72.765
697,208932,-0.120048,-0.607316,-0.8727879999999999,44.17,-266.175,-81.865
698,209028,-0.060024,-0.562908,-0.7088201,41.195,-258.8425,-85.2075
699,209124,0.23887600000000003,-0.639768,-0.7107720000000001,43.4875,-251.4225,-76.51
700,209220,0.44725200000000004,-0.756888,-0.734684,42.945,-257.0225,-58.1525
701,209316,0.5363121,-0.868152,-0.7076001000000001,34.0725,-273.28,-34.545
702,209413,0.5206960999999999,-0.898408,-0.643672,14.1925,-291.865,-10.675
703,209509,0.44286000000000003,-0.8669319999999999,-0.5392399999999999,-9.31,-304.675,12.3725
704,209605,0.43602799999999997,-0.750544,-0.459208,-30.905,-309.435,34.0025
705,209701,0.474092,-0.647576,-0.428464,-43.8725,-307.685,55.8425
706,209798,0.544608,-0.562176,-0.42822,-48.125,-304.6925,78.27750999999999
707,209894,0.681492,-0.52094,-0.4743361,-44.8525,-301.35,101.5
708,209990,0.822524,-0.5058121,-0.533384,-38.9725,-299.9675,123.9875
709,210086,0.9616040000000001,-0.47823999999999994,-0.586088,-33.915,-301.9625,143.22
710,210183,1.046516,-0.43651599999999996,-0.5987760999999999,-29.5575,-307.1775,157.15
711,210279,1.112884,-0.400404,-0.58804,-24.185,-312.865,164.22
712,210375,1.168028,-0.37698000000000004,-0.5543680000000001,-17.8325,-316.89,163.94
713,210471,1.25294,-0.4331,-0.522648,-10.92,-318.57,158.1475
714,210567,1.2932,-0.432612,-0.554856,-6.545,-316.6275,150.955
715,210664,1.3590799999999998,-0.47775200000000007,-0.6182960999999999,-0.8925,-311.5875,144.655
716,210760,1.401292,-0.5575399999999999,-0.687592,2.8525,-305.41,141.4525
717,210856,1.510604,-0.6600201,-0.838628,1.7325,-297.535,140.175
718,210952,1.723616,-0.7422481,-1.02114,-1.6625,-291.9875,139.9825
719,211049,2.013,-0.764208,-1.2141440000000001,-5.1275,-292.355,141.575
720,211145,2.303604,-0.774212,-1.331996,-4.06,-301.14,145.8275
721,211241,2.4744040000000003,-0.8166680000000001,-1.325408,0.805,-316.855,151.375
722,211337,2.492948,-0.8735200000000001,-1.1951120000000002,4.83,-332.78,155.435
723,211434,2.439268,-0.7883640000000001,-0.9845401,5.8625,-340.97,156.8175
724,211530,2.352404,-0.296704,-0.8491200000000001,10.0275,-335.44,163.38
725,211626,2.481236,-0.10833599999999999,-0.726876,36.575,-316.6975,184.835
726,211722,2.7069360000000002,-0.17836400000000002,-0.45554799999999995,69.9825,-295.4875,204.5575
727,211818,2.89994,-0.14566800000000002,-0.004148001,74.83,-272.65,210.28
728,211915,2.92068,0.131272,0.7141881,54.25,-248.885,204.4875
729,212011,2.94508,0.748836,1.574288,23.0475,-216.3,181.7375
730,212107,2.8965240000000003,1.422764,2.187948,14.77,-170.0825,138.8275
731,212203,2.6779,1.544276,2.4138919999999997,45.395,-110.6,82.7225
732,212300,2.242848,0.9301280000000001,2.211128,73.6925,-40.7225,20.3525
733,212396,2.176968,0.38966799999999996,1.524268,51.695,28.8225,-50.9775
734,212492,1.937604,-0.5785241,1.452288,2.6075,85.71500999999999,-112.9275
735,212588,0.8291120999999999,-1.020408,2.625196,-122.5525,188.4575,-190.995
736,212685,0.408456,1.4478959999999998,0.6749041,-271.4775,287.7,-287.665
737,212781,1.8763599999999998,0.868152,-3.474072,-202.65,369.11,-262.1325
738,212877,3.450648,-0.07393200000000001,-1.795596,3.7975,350.315,-93.87
739,212973,3.7312480000000003,0.9708760000000001,-2.0801,13.7025,309.6975,-47.46
740,213069,3.005592,0.883768,-2.251388,-7.49,237.475,-58.6075
741,213166,1.285636,0.06588,-1.121424,8.82,150.7625,-55.7025
742,213262,-0.1708,-0.5343600000000001,-0.223016,7.6475,118.2475,-69.3525
743,213358,1.963468,-2.705716,-1.297592,2.5375,135.6775,-60.06
744,213454,2.101572,-0.478484,-0.7017439999999999,-95.9175,102.7775,-57.9775
745,213550,1.013576,0.950868,-1.413492,-114.9575,61.1975,-62.3525
746,213647,1.22366,0.087108,-1.200724,-73.955,26.81,-52.955
747,213743,0.43724799999999997,-0.39918400000000004,-0.7707961,-50.4,9.66,-32.76
748,213839,0.70028,-0.062952,-0.9506241,-45.99,16.0125,-26.6175
749,213935,0.7881199999999999,-0.03416,-0.9779521000000001,-36.575,13.475,-23.6775
750,214032,0.636596,-0.185928,-0.8383841000000001,-20.7725,11.865,-14.2275
751,214128,0.59658,0.006587999999999999,-0.902068,-10.745,11.6025,-8.82
752,214224,0.654896,-0.052216,-0.865468,0.665,14.4375,-2.345
753,214320,0.577304,-0.13078399999999998,-0.819108,10.885,14.7875,3.605
754,214416,0.580476,-0.10492,-0.8376520000000001,14.42,16.415,6.4925
755,214513,0.613904,-0.1708,-0.81984,18.5325,17.535,8.0325
756,214609,0.624884,-0.141276,-0.806908,20.37,17.605,8.3125
757,214705,0.605608,-0.16909200000000002,-0.796172,21.945,16.31,8.6625
758,214801,0.5917,-0.20105599999999998,-0.784216,22.82,15.435,8.6975
759,214897,0.586088,-0.20861999999999997,-0.7795801,22.3125,15.6275,8.19
760,214994,0.5858439999999999,-0.190808,-0.7707961,21.245,16.135,8.05
761,215090,0.5724239999999999,-0.203984,-0.768356,19.8275,16.8525,8.19
762,215186,0.571204,-0.216428,-0.768356,18.5325,17.465,8.1025
763,215282,0.565836,-0.1891,-0.774212,16.7825,18.5675,7.0875
764,215379,0.574132,-0.193004,-0.781044,16.065,20.755,7.0875
765,215475,0.577304,-0.20861999999999997,-0.774944,15.855,23.0825,7.14
766,215571,0.5843801,-0.22667600000000002,-0.747128,14.49,25.095,5.7925
767,215667,0.608536,-0.233508,-0.737124,11.5325,26.425,3.85
768,215763,0.5997520000000001,-0.188856,-0.7707961,10.01,27.545,3.2725
769,215860,0.612928,-0.233996,-0.7376119999999999,11.445,27.825,3.185
770,215956,0.6231760999999999,-0.230336,-0.735416,10.43,28.245,2.345
771,216052,0.613904,-0.2257,-0.738344,10.85,27.37,1.26
772,216148,0.609024,-0.24058400000000002,-0.728096,10.29,26.3025,-1.1025
773,216245,0.608536,-0.217648,-0.763232,9.24,25.585,-4.48
774,216341,0.586576,-0.367952,-0.71004,11.795,23.6425,-9.7125
775,216437,0.598288,-0.292312,-0.73932,3.4825,24.5525,-16.555
776,216533,0.62708,-0.3172,-0.7034521,-0.91,25.3925,-21.805
777,216629,0.7076001000000001,-0.20788800000000002,-0.7007680000000001,-2.5375,25.27,-25.69
778,216726,0.6893,-0.207156,-0.714432,-3.7275,26.075,-27.9125
779,216822,0.6612401,-0.180804,-0.735904,-2.4325,26.425,-27.825
780,216918,0.650748,-0.16226,-0.73932,-0.91,29.1375,-27.2125
781,217014,0.654896,-0.154452,-0.7373681,1.19,33.985,-26.005
782,217111,0.654408,-0.12175599999999999,-0.7259001,2.9575,40.4425,-24.2725
783,217207,0.6675840000000001,-0.136152,-0.709796,5.4775,47.215,-22.0325
784,217303,0.6675840000000001,-0.129076,-0.71004,7.1575,52.9725,-20.3875
785,217399,0.6883239999999999,-0.14078800000000002,-0.7027201,8.96,57.33,-17.92
786,217495,0.691008,-0.123708,-0.7007680000000001,9.8875,61.7575,-14.0525
787,217592,0.6834439999999999,-0.123464,-0.7076001000000001,11.1825,66.22,-9.135
788,217688,0.6653880999999999,-0.156648,-0.7200439999999999,13.125,72.7475,-4.795
789,217784,0.6600201,-0.188368,-0.739564,14.7875,81.0075,-3.1675
790,217880,0.62464,-0.22789600000000002,-0.745664,17.395,92.225,-4.7425
791,217977,0.592188,-0.25790799999999997,-0.764452,19.5125,106.365,-9.7475
792,218073,0.567788,-0.24058400000000002,-0.787876,18.76,124.3025,-18.55
793,218169,0.522892,-0.232776,-0.7854361,16.45,144.9175,-26.74
794,218265,0.454816,-0.219112,-0.781044,21.63,172.095,-31.0625
795,218362,0.633912,-0.21057199999999998,-0.915976,32.5675,214.9875,-30.3625
796,218458,0.45603599999999994,-0.15372,-0.8781559999999999,38.15,248.5175,-32.9525
797,218554,0.739564,-0.361852,-1.061156,45.9725,287.7525,-40.0925
798,218650,0.6380600000000001,-0.5826720000000001,-0.752008,53.3925,339.85,-53.795
799,218747,1.412028,-0.034892,-1.60186,75.775,408.2925,-66.15
800,218843,1.6272360000000001,-0.524356,-1.41886,138.74,447.825,-49.9975
801,218939,2.023736,-0.8461921,-1.743624,176.3475,483.77,-59.6575
802,219035,2.826252,-0.46921199999999996,-1.7284959999999998,168.7175,463.75,-97.21251
803,219131,3.206648,-0.345016,-1.8038919999999998,238.2975,448.1575,-107.1875
804,219228,2.2692,-0.74664,-1.60674,311.395,415.4325,-90.35251
805,219324,1.542568,-0.781044,-2.037156,311.7975,330.365,-94.2025
806,219420,0.9379360000000001,-0.8662001,-1.951024,295.0325,195.8075,-122.1325
807,219516,1.813896,-1.581364,-3.0097400000000003,228.48,94.92,-155.6975
808,219613,0.321592,-1.6513919999999997,-1.788764,173.95,-17.6925,-147.42
809,219709,-0.270596,-1.6440720000000002,-1.26636,120.015,-73.8325,-121.065
810,219805,-0.356484,-1.4396,-1.019188,73.5175,-82.4425,-82.7225
811,219901,-0.223504,-1.244644,-0.9389120000000001,47.285,-86.625,-32.165
812,219998,0.024156,-1.04554,-1.011136,33.7575,-94.58751,23.765
813,220094,0.18056,-0.8569280999999999,-1.041636,25.095,-114.6775,76.30001
814,220190,0.281332,-0.648796,-1.050664,13.0725,-140.3675,116.4975
815,220286,0.352092,-0.408456,-1.038708,-2.24,-167.8075,140.28
816,220382,0.447008,-0.0793,-1.0401719999999999,-16.695,-194.215,148.6975
817,220479,0.5753520000000001,0.278648,-1.0589600000000001,-20.475,-219.6425,147.0875
818,220575,0.70638,0.48848800000000003,-1.064816,-4.725,-247.24,139.37
819,220671,0.8095920999999999,0.6039,-1.03334,23.2225,-276.9725,126.385
820,220767,0.8632719999999999,0.6319600000000001,-0.958432,53.6025,-305.445,109.83
821,220864,0.9147559999999999,0.641232,-0.8913321,79.3275,-328.5275,90.3875
822,220960,0.9406200000000001,0.662704,-0.8461921,99.54,-345.205,68.9675
823,221056,0.9652639999999999,0.658556,-0.796904,116.4625,-355.845,46.27
824,221152,1.015528,0.6036560999999999,-0.8271601000000001,128.9925,-361.445,21.8575
825,221248,1.13704,0.523868,-0.8703481,136.8325,-363.1075,-3.0625
826,221345,1.281488,0.5043479999999999,-0.907436,139.23,-364.7175,-24.7975
827,221441,1.342244,0.43334399999999995,-0.8552200000000001,144.515,-367.2725,-38.01
828,221537,1.283196,0.33305999999999997,-0.779092,151.2875,-366.2925,-41.1775
829,221633,1.169736,0.228384,-0.709064,154.9275,-355.2675,-34.5975
830,221730,1.078724,0.180316,-0.71736,150.465,-334.3375,-24.57
831,221826,1.1812040000000001,0.165676,-0.874984,141.19,-307.1075,-17.9725
832,221922,1.45058,0.19276,-1.080432,132.9825,-283.9375,-14.14
833,222018,1.694336,0.173728,-1.226588,126.0875,-272.2125,-10.5525
834,222114,1.9827439999999998,0.188856,-1.342488,122.4825,-268.695,-5.215
835,222211,2.26798,0.245952,-1.428132,122.7625,-273.1575,5.495
836,222307,2.44488,0.500688,-1.386652,128.3625,-284.27,24.9025
837,222403,2.40096,0.830332,-1.121424,144.2525,-296.1175,50.82
838,222499,2.187704,0.9969841,-0.666608,165.48,-298.3575,69.9475
839,222596,1.8971,1.010892,-0.122244,174.2125,-281.3825,68.8625
840,222692,1.80804,0.9325680000000001,0.259372,158.7075,-240.905,43.05
841,222788,2.054968,0.9684360999999999,0.35282399999999997,126.1225,-188.8425,1.1725
842,222884,2.449516,1.13826,0.290604,101.71,-147.2975,-40.5125
843,222980,2.446832,1.385432,0.516792,102.515,-128.03,-71.9075
844,223077,2.2770080000000004,1.529148,0.819108,125.4225,-114.205,-98.14
845,223173,2.203808,1.334436,0.957456,151.8125,-93.1175,-131.46
846,223269,2.134268,0.9869800999999999,0.868396,155.155,-68.8625,-172.06
847,223365,1.55672,-0.22814,0.8852321,131.075,-44.625,-206.535
848,223462,0.9137799999999999,-1.8573279999999999,1.239276,-10.64,16.24,-258.86
849,223558,1.5823399999999999,-0.066856,-1.089704,-258.1425,82.2675,-324.66
850,223654,-0.063684,-3.1339360000000003,-0.8476561,-211.6625,74.445,-273.42
851,223750,-0.868884,-1.3351680000000001,0.49288000000000004,-271.005,94.81501,-224.735
852,223846,1.747772,0.304512,-2.2201560000000002,-287.175,180.3375,-179.41
853,223943,3.432348,3.2874120000000002,-1.732156,-252.4025,160.545,-112.2275
854,224039,1.06628,1.16632,-1.7111720000000001,-214.27,86.25751,-115.08
855,224135,0.9259799999999999,0.320616,-1.830976,-159.32,72.2225,-74.8125
856,224231,1.18706,1.249768,-0.849608,-118.405,55.7025,-55.825
857,224328,1.200968,-0.191052,-1.2526959999999998,-48.615,15.5925,-38.5175
858,224424,0.781044,0.049532,-0.8271601000000001,-34.0375,20.93,-26.11
859,224520,0.750788,-0.142252,-0.8025161,-20.7375,18.41,-19.4075
860,224616,0.64904,-0.047092,-0.889136,-11.2175,14.3325,-15.2425
861,224713,0.64904,0.0034159999999999998,-0.754692,0.245,15.505,-9.695
862,224809,0.7046720999999999,-0.07076001,-0.823744,2.765,16.555,-5.1275
863,224905,0.659532,-0.165676,-0.790804,4.55,14.105,-2.59
864,225001,0.633912,-0.07710399999999999,-0.815448,4.83,11.5675,-2.2925
865,225097,0.590724,-0.133468,-0.797392,8.085,10.3775,0.035
866,225194,0.564128,-0.101504,-0.819108,10.9025,10.885,2.625
867,225290,0.565104,-0.101504,-0.8247200000000001,13.685,13.125,4.7425
868,225386,0.58682,-0.128344,-0.807884,16.3275,15.6975,6.755
869,225482,0.612928,-0.144448,-0.781044,17.99,17.01,7.8225
870,225579,0.612684,-0.187148,-0.7700640999999999,18.97,16.695,8.1375
871,225675,0.6029241,-0.179584,-0.7754321,18.6025,15.925,7.8225
872,225771,0.584868,-0.1708,-0.7747001,17.885,15.925,7.6475
873,225867,0.576572,-0.206668,-0.772992,18.34,17.01,7.4725
874,225963,0.583404,-0.2318,-0.768112,16.7125,18.585,5.81
875,226060,0.5631520000000001,-0.231068,-0.7612800999999999,12.6175,19.7575,2.7825
876,226156,0.558272,-0.25961599999999996,-0.783972,7.56,21.875,-1.4525
877,226252,0.58316,-0.290848,-0.765184,5.18,24.605,-7.07
878,226348,0.6202479999999999,-0.21520799999999998,-0.742492,0.7175,25.83,-13.055
879,226444,0.653676,-0.204228,-0.737124,-0.105,24.6575,-16.7825
880,226541,0.6368401,-0.16201600000000002,-0.7451760000000001,2.1525,22.505,-17.7275
881,226637,0.6539201,-0.17616800000000002,-0.731024,5.0575,20.93,-16.9925
882,226733,0.638548,-0.183488,-0.7388319999999999,5.53,19.9675,-15.75
883,226829,0.625372,-0.271572,-0.729072,5.0225,19.7925,-15.26
884,226926,0.634156,-0.18544000000000002,-0.7551800000000001,-1.015,21.5775,-16.87
885,227022,0.6390359999999999,-0.194468,-0.75274,-0.4725,22.6975,-18.0775
886,227118,0.638304,-0.187636,-0.741028,-0.035,24.36,-20.4225
887,227214,0.6663640000000001,-0.163236,-0.7361481,1.4175,25.935,-22.015
888,227310,0.6541640000000001,-0.10223600000000001,-0.733952,1.89,28.315,-21.9625
889,227407,0.658556,-0.125904,-0.718824,4.025,31.395,-19.6175
890,227503,0.6729520999999999,-0.11321600000000001,-0.727364,5.775,34.23,-17.3075
891,227599,0.6749041,-0.1098,-0.72712,8.1025,37.065,-14.7525
892,227695,0.6663640000000001,-0.125172,-0.726388,10.745,40.3375,-12.495
893,227792,0.660752,-0.12688,-0.729804,13.4575,44.1525,-11.165
894,227888,0.676612,-0.14152,-0.7278521,17.4125,48.6675,-10.57
895,227984,0.6653880999999999,-0.123464,-0.715896,22.085,52.99,-10.3075
896,228080,0.687592,-0.133712,-0.702232,28.63,56.7,-9.9575
897,228176,0.711992,-0.11394800000000001,-0.673196,34.44,59.6575,-9.31
898,228273,0.71004,-0.12980799999999998,-0.685396,39.41,61.6175,-7.735
899,228369,0.7224841,-0.135176,-0.677344,43.785,63.5075,-5.4775
900,228465,0.7388319999999999,-0.101504,-0.709064,48.475,65.6075,-2.2225
901,228561,0.73444,-0.06563601,-0.6973520000000001,57.9775,66.045,2.8525
902,228658,0.743224,-0.18178,-0.647332,65.8875,66.745,7.63
903,228754,0.74054,-0.17202,-0.6688041,65.29251,69.65,6.93
904,228850,0.759084,-0.203984,-0.71126,73.6575,73.92,7.28
905,228946,0.7381001,-0.20984,-0.667828,88.02501,79.1175,9.24
906,229043,0.761524,-0.196664,-0.692716,111.1425,89.93251,12.74
907,229139,0.699548,-0.140544,-0.7422481,132.5975,99.995,13.86
908,229235,0.764452,-0.141276,-0.8149601,150.6225,107.065,6.3175
909,229331,0.9320801,-0.233264,-0.86864,191.9575,130.585,9.1
910,229427,0.7107720000000001,-0.086864,-0.9167081,235.7075,161.4725,16.17
911,229524,0.9125601000000001,-0.07808001,-1.1350879999999999,278.355,183.8375,27.37
912,229620,1.149484,0.127856,-1.490108,334.25,217.0175,47.2325
913,229716,1.23098,0.0793,-1.5074319999999999,403.76,247.2925,81.04251
914,229812,1.579656,-0.282308,-1.3607879999999999,459.3225,246.785,120.2775
915,229909,1.5523280000000002,-0.33305999999999997,-1.063108,497.28,228.34,140.035
916,230005,1.488156,-0.144448,-0.953308,515.5675,198.8,128.9575
917,230101,1.4149559999999999,-0.299388,-0.606584,528.535,157.78,96.84501
918,230197,1.586244,-0.4636,-0.7407841,558.46,162.085,50.26
919,230293,1.1468,-0.525332,-0.897432,546.2275,134.05,18.9175
920,230390,0.266448,-1.118252,-0.8718120999999999,515.0075,46.2175,-5.705
921,230486,1.4069040000000002,-1.241716,-1.5201200000000001,434.245,-41.195,-72.5375
922,230582,1.6389479999999998,-1.099952,-2.35094,270.7075,-104.2825,-150.64
923,230678,0.647332,-0.267424,-1.527196,175.14,-217.175,-178.15
924,230775,0.34892,-0.027083999999999997,-1.191208,159.53,-262.71,-174.1425
925,230871,0.212524,-0.029524,-0.8866961,176.12,-278.355,-163.695
926,230967,0.31476,-0.217892,-0.8115439999999999,185.5875,-280.4375,-150.22
927,231063,0.43236800000000003,-0.254492,-0.836676,171.29,-281.4175,-134.3475
928,231159,0.559736,-0.179828,-0.916952,146.2825,-285.1975,-112.6475
929,231256,0.605608,0.000732,-0.9589200999999999,122.8675,-291.865,-86.38
930,231352,0.5885281,0.228384,-0.9323239999999999,109.935,-299.0925,-57.4
931,231448,0.559248,0.444324,-0.8935280999999999,108.0275,-302.6625,-30.45
932,231544,0.5785241,0.6219561,-0.8823040000000001,113.8025,-301.63,-9.7475
933,231641,0.7141881,0.675148,-0.9301280000000001,123.4625,-298.445,4.4975
934,231737,0.8840120000000001,0.686616,-0.9921040999999999,127.4,-298.095,11.3925
935,231833,0.990884,0.743224,-1.02114,122.7975,-302.5925,12.32
936,231929,1.0321200000000001,0.8647360000000001,-1.065548,114.0825,-306.145,9.1875
937,232025,1.069696,0.9413520000000001,-1.083848,107.2925,-308.4725,1.5925
938,232122,1.0911680000000001,0.9972281,-1.08702,102.1475,-310.6075,-12.1275
939,232218,1.16998,1.005524,-1.115812,99.855,-312.1125,-31.465
940,232314,1.2343959999999998,0.931348,-1.13704,98.7,-314.895,-53.9
941,232410,1.23464,0.8525360000000001,-1.102148,95.4975,-318.4125,-74.515
942,232507,1.0948280000000001,0.793976,-0.901336,92.575,-319.5675,-90.07251
943,232603,0.987224,0.640744,-0.7849480999999999,90.965,-310.45,-99.40001
944,232699,0.915976,0.438956,-0.7285841,83.9125,-291.4625,-103.18
945,232795,0.922076,0.28548,-0.7895840999999999,69.615,-269.3775,-104.93
946,232891,1.0140639999999999,0.185928,-0.9030440000000001,55.3525,-248.8325,-106.54
947,232988,1.211216,0.126636,-1.057008,48.4225,-235.095,-107.38
948,233084,1.479372,0.024644,-1.239032,52.2725,-230.8425,-104.195
949,233180,1.6994599999999997,-0.09882,-1.3268719999999998,61.8975,-238.7,-94.88501
950,233276,1.738256,-0.211548,-1.1777879999999998,70.4375,-254.205,-81.67251
951,233372,1.653832,-0.24766,-0.9059721,74.55,-267.1375,-68.1975
952,233469,1.579412,-0.19251600000000002,-0.690032,77.105,-269.8675,-56.2975
953,233565,1.5384200000000001,-0.10858,-0.47336000000000006,82.4075,-262.395,-46.585
954,233661,1.528416,-0.038796,-0.28011199999999997,91.805,-247.275,-41.195
955,233757,1.583804,0.09882,-0.041968,100.24,-226.1525,-42.3325
956,233854,1.60674,0.302804,0.185196,111.475,-199.85,-46.9525
957,233950,1.7172720000000001,0.30353600000000003,0.38674000000000003,132.3875,-166.0925,-52.9725
958,234046,2.02886,0.18544000000000002,0.41846000000000005,144.5325,-133.6125,-60.9175
959,234142,2.2423599999999997,0.115656,0.5011760000000001,134.225,-109.4625,-69.1075
960,234238,2.25822,0.24034,0.658312,106.6625,-92.7325,-76.9825
961,234335,2.104988,0.352092,0.8647360000000001,77.315,-72.45,-82.6175
962,234431,1.863184,0.274012,0.915976,47.8975,-44.1175,-90.685
963,234527,1.777296,-0.046360000000000005,1.44814,-8.96,10.115,-114.1525
964,234623,1.880508,1.240008,0.690764,-107.2225,76.755,-173.74
965,234720,1.85074,-0.336964,-1.7936439999999998,-112.525,87.7975,-208.215
966,234816,-0.091744,-1.148996,-1.513044,-105.4375,44.275,-198.905
967,234912,-0.9318360000000001,-0.9618481,-0.5858439999999999,-110.5825,57.575,-193.9
968,235008,1.0528600000000001,-0.527772,-1.0023520000000001,-70.2275,125.2125,-141.1725
969,235104,2.608848,0.148108,-1.8226799999999999,-46.48,148.295,-68.53
970,235201,1.416176,0.983808,-1.333704,-43.7675,96.65250999999999,-43.2425
971,235297,-0.37942,0.6729520999999999,-0.653676,-16.5375,68.495,-38.9375
972,235393,-0.075396,-0.067832,-0.5380199999999999,28.6125,94.045,-32.97
973,235489,2.479284,-2.302384,-1.6613959999999999,40.7225,113.68,-31.78
974,235586,1.023336,-0.142008,-0.738588,-38.3425,70.28,-17.22
975,235682,0.450912,0.47702,-1.0828719999999998,-29.05,59.99,-9.8525
976,235778,1.14314,-0.5121560000000001,-0.9974719999999999,-14.91,53.8125,-18.83
977,235874,0.8274040000000001,0.053436000000000004,-0.9738041,-6.9475,42.8225,-6.6675
978,235971,0.776896,-0.057584,-0.9757561,4.7075,31.395,-0.7
979,236067,0.652212,-0.211304,-0.8671761,16.87,22.2425,5.2325
980,236163,0.807396,-0.159332,-0.9125601000000001,24.4125,20.9475,9.5025
981,236259,0.6390359999999999,-0.165188,-0.83204,31.6225,15.8375,13.37
982,236355,0.6695361,-0.180316,-0.8574161,36.4525,13.1775,18.1475
983,236452,0.6409881,-0.22448,-0.8378960999999999,41.6325,10.9725,20.9825
984,236548,0.652212,-0.256688,-0.806176,46.55,8.8725,22.33
985,236644,0.634156,-0.25351599999999996,-0.783972,49.175,6.545,23.275
986,236740,0.62464,-0.2562,-0.772504,50.785,4.5675,25.7075
987,236837,0.583404,-0.302316,-0.7300479999999999,51.24,3.08,27.7375
988,236933,0.52704,-0.34404,-0.702232,48.7025,3.22,28.315
989,237029,0.4514,-0.38064000000000003,-0.6380600000000001,42.7,5.1275,25.9525
990,237125,0.417484,-0.42822,-0.6512359999999999,31.57,9.9575,20.545
991,237221,0.537044,-0.36356,-0.7439560000000001,20.335,15.1025,13.3525
992,237318,0.57584,-0.35233600000000004,-0.73932,16.765,16.835,9.415
993,237414,0.538996,-0.37112399999999995,-0.6973520000000001,15.96,17.0275,7.8575
994,237510,0.487512,-0.424072,-0.673928,11.9875,17.885,4.2
995,237606,0.478728,-0.43724799999999997,-0.6453800000000001,4.69,19.67,-2.1
996,237703,0.49824799999999997,-0.45164399999999993,-0.642452,-4.0075,22.05,-9.66
997,237799,0.5043479999999999,-0.40894400000000003,-0.701256,-12.915,24.0625,-18.0075
998,237895,0.5343600000000001,-0.27816,-0.8042239999999999,-16.2575,25.305,-25.97
999,237991,0.6344,-0.267912,-0.785924,-7.07,23.73,-30.7475
1000,238087,0.5392399999999999,-0.261812,-0.7388319999999999,-0.245,21.1225,-33.1275
1001,238184,0.5814520000000001,-0.233752,-0.712236,0.5075,20.4225,-37.345
1002,238280,0.660752,-0.274256,-0.726144,0.0875,20.405,-38.29
1003,238376,0.644648,-0.247416,-0.69662,-0.1225,21.315,-36.75
1004,238472,0.6646561,-0.25254,-0.689056,-0.2625,22.68,-33.145
1005,238569,0.664412,-0.22448,-0.69906,-2.4325,25.515,-26.985
1006,238665,0.6319600000000001,-0.219844,-0.7376119999999999,-3.885,29.54,-20.265
1007,238761,0.6197600000000001,-0.23838800000000002,-0.7361481,-2.1525,35.595,-14.0
1008,238857,0.592432,-0.30402399999999996,-0.754204,-2.0125,42.035,-11.445
1009,238953,0.5795,-0.259372,-0.754448,-5.0925,50.6275,-11.935
1010,239050,0.571936,-0.30036399999999996,-0.752984,-4.3925,59.605,-13.755
1011,239146,0.5604680000000001,-0.296704,-0.769332,-1.4175,68.3025,-17.535
1012,239242,0.5577840000000001,-0.291092,-0.757864,-0.6825,77.9975,-22.75
1013,239338,0.568764,-0.293044,-0.778604,1.68,87.97251,-28.9975
1014,239435,0.593896,-0.275476,-0.772992,6.37,96.53,-35.805
1015,239531,0.609024,-0.318176,-0.721264,11.235,103.565,-41.72
1016,239627,0.630252,-0.30841599999999997,-0.708332,8.4,112.5775,-45.815
1017,239723,0.657824,-0.2257,-0.69906,9.3275,125.3875,-46.7075
1018,239819,0.6344,-0.264252,-0.702964,18.0075,139.335,-47.635
1019,239916,0.7986121,-0.14469200000000002,-0.654408,23.8525,157.1675,-43.505
1020,240012,0.7500560000000001,-0.077836,-0.7356600000000001,27.7025,177.45,-30.5725
1021,240108,0.720288,-0.13542,-0.6939361,17.9725,187.0575,-19.4425
1022,240204,0.8701040000000001,-0.207644,-0.6649,8.54,215.285,-13.4225
1023,240301,0.69906,-0.104676,-0.732244,-3.9375,251.475,-13.8075
1024,240397,0.749568,-0.172508,-0.7449321,-7.035,284.4975,-3.2025
1025,240493,1.110932,-0.19397999999999999,-0.8720559999999999,-8.1725,331.275,2.45
1026,240589,1.2136559999999998,-0.071492,-1.031388,15.715,403.69,18.865
1027,240685,1.075552,-0.162992,-1.096048,41.9475,467.9325,50.6275
1028,240782,1.281,-0.41016400000000003,-0.8669319999999999,61.5125,498.26,79.5725
1029,240878,1.862696,-0.560956,-1.123864,63.9625,511.875,80.605
1030,240974,2.172332,-0.20861999999999997,-1.7219080000000002,79.3625,510.1425,70.42
1031,241070,2.31068,-0.226188,-1.7629,128.555,471.485,75.4775
1032,241167,2.7081560000000002,-1.043588,-1.53598,211.715,411.5825,94.90250999999999
1033,241263,4.0687,-1.441064,-1.8234119999999998,355.7225,410.7075,91.2975
1034,241359,2.197952,-0.937448,-2.649108,372.2075,420.7525,47.9675
1035,241455,0.468236,-1.1855959999999999,-2.2262560000000002,342.4575,249.4625,-1.9425
1036,241551,3.811768,-2.2469959999999998,-3.81494,252.4725,108.9725,-56.035
1037,241648,1.582584,-1.851472,-2.8308880000000003,89.1975,-51.94,-67.3925
1038,241744,0.320128,-1.131428,-2.002752,-29.4525,-193.095,-74.48
1039,241840,-0.006344,-0.59048,-1.530612,-75.845,-220.01,-83.9125
1040,241936,0.020252000000000003,-0.406992,-1.2517200000000002,-75.705,-231.1225,-91.56
1041,242033,0.152988,-0.49898000000000003,-1.164368,-61.88,-237.02,-91.8925
1042,242129,0.29158,-0.6304960000000001,-1.074088,-57.4525,-253.5225,-91.0
1043,242225,0.407236,-0.764696,-0.965752,-65.24,-274.3825,-92.8025
1044,242321,0.410896,-0.786412,-0.8481440999999998,-80.57,-296.7475,-96.93251
1045,242418,0.41455600000000004,-0.7991,-0.7166279999999999,-94.045,-315.9625,-102.0075
1046,242514,0.48433999999999994,-0.8076399999999999,-0.6512359999999999,-101.5175,-329.4375,-104.9825
1047,242610,0.618052,-0.879376,-0.600484,-101.3425,-340.235,-103.285
1048,242706,0.739808,-0.968924,-0.5441199999999999,-97.5975,-350.1225,-96.56501
1049,242802,0.791048,-1.001132,-0.450668,-95.97,-359.45,-84.1925
1050,242899,0.8532681000000001,-1.0025959999999998,-0.43798000000000004,-92.69751,-363.7375,-67.34000999999999
1051,242995,0.8727879999999999,-0.978928,-0.38064000000000003,-84.15751,-364.7175,-47.04
1052,243091,0.8613200000000001,-0.942816,-0.321836,-71.75,-360.955,-23.52
1053,243187,0.8571719999999999,-0.9103641,-0.28304,-53.585,-350.6125,3.08
1054,243284,0.993568,-0.9503799999999999,-0.310612,-31.43,-334.075,31.6925
1055,243380,1.13582,-1.15656,-0.260592,-13.7025,-317.695,59.745
1056,243476,1.099952,-1.022848,-0.338428,-17.22,-299.11,86.3625
1057,243572,1.1834,-0.9084121,-0.49995600000000007,-21.7525,-282.205,108.2375
1058,243668,1.211948,-0.8815719999999999,-0.598532,-10.6225,-268.8,125.405
1059,243765,1.342488,-0.9079241,-0.7622561,1.3125,-257.1975,134.575
1060,243861,1.575752,-0.9252481,-0.9418401,9.9925,-250.145,139.5625
1061,243957,1.845372,-0.983808,-1.1289879999999999,16.73,-250.775,144.4625
1062,244053,2.161108,-0.9967401,-1.2902719999999999,21.5425,-260.2425,150.9025
1063,244150,2.364604,-0.969412,-1.345904,23.8875,-279.195,160.16
1064,244246,2.39486,-0.92232,-1.295396,24.605,-301.945,171.78
1065,244342,2.322148,-0.828624,-1.186572,23.59,-320.74,182.4025
1066,244438,2.274324,-0.549488,-1.1009280000000001,21.8225,-330.2775,191.5025
1067,244535,2.425116,-0.373808,-1.092388,27.895,-330.3825,202.5975
1068,244631,2.54858,-0.424804,-0.9125601000000001,35.2275,-330.1375,208.635
1069,244727,2.591524,-0.34721199999999997,-0.5690081,21.525,-328.2475,199.395
1070,244823,2.51198,0.041968,0.02806,-0.8225,-320.145,176.61
1071,244919,2.4927040000000003,0.585112,0.799588,-6.2475,-297.115,142.6075
1072,245016,2.675216,1.226344,1.6818919999999997,27.37,-256.6725,98.98001
1073,245112,2.9575240000000003,1.577704,2.302628,104.265,-200.9175,53.41
1074,245208,2.9880240000000002,1.001132,2.487336,183.4,-136.15,25.9175
1075,245304,2.601528,-0.163968,2.1347560000000003,182.0,-69.73751,3.92
1076,245401,2.4992919999999996,-0.39771999999999996,1.33102,74.6025,-5.775,-42.3325
1077,245497,2.363628,0.23424,0.45457200000000003,-42.07,36.715,-88.9
1078,245593,2.039596,-0.30988000000000004,1.1831559999999999,-85.575,90.055,-121.94
1079,245689,0.443104,0.18446400000000002,2.5315,-182.91,192.57,-206.9025
1080,245785,1.2141440000000001,1.158512,-2.736948,-238.595,300.335,-270.515
1081,245882,1.647488,1.184132,-2.33874,-124.8975,313.1975,-173.8275
1082,245978,3.137108,0.277672,-1.685064,40.845,320.4425,-57.575
1083,246074,3.4184400000000004,1.355664,-2.72182,9.065,288.9775,-68.4425
1084,246170,2.162328,0.02562,-1.353712,45.0975,198.975,-70.8575
1085,246267,0.6836880999999999,-0.434808,-0.7861680999999999,28.42,144.83,-73.7975
1086,246363,0.21032800000000001,-0.6156119999999999,-0.45383999999999997,37.765,144.2875,-51.94
1087,246459,3.0741560000000003,-2.589816,-1.713612,26.3375,154.63,-36.47
1088,246555,1.118984,-0.19983599999999999,-0.786656,-66.045,93.2575,-29.295
1089,246652,0.633424,0.2318,-1.138016,-69.3,73.2025,-28.595
1090,246748,0.773968,-0.8857200999999999,-0.715408,-48.5275,64.8725,-31.255
1091,246844,0.547536,-0.27816,-0.8735200000000001,-64.54,63.07,-31.2375
1092,246940,0.9315921,-0.2379,-0.9254921,-70.21,61.6175,-35.875
1093,247036,0.622688,-0.16811600000000002,-0.870592,-67.2525,46.69,-39.4275
1094,247133,0.8430200999999999,0.027327999999999998,-1.066524,-62.2475,41.8075,-35.14
1095,247229,0.571448,-0.383812,-0.7812880999999999,-43.575,33.3725,-29.8725
1096,247325,0.724436,-0.09784401,-0.9852719999999999,-39.1125,33.5475,-28.2625
1097,247421,0.6351319999999999,-0.077836,-0.82594,-30.8175,27.7025,-26.6875
1098,247518,0.5978,-0.197884,-0.8003201,-20.93,20.2825,-23.205
1099,247614,0.6319600000000001,-0.22277199999999997,-0.8149601,-22.33,21.6825,-23.2575
1100,247710,0.636352,-0.16958,-0.8222799999999999,-19.7575,21.9275,-23.3275
1101,247806,0.681248,-0.053436000000000004,-0.8439959999999999,-16.59,22.2075,-20.51
1102,247902,0.648308,-0.112728,-0.8003201,-7.7525,20.0725,-14.77
1103,247999,0.638304,-0.0854,-0.8100801,-0.735,19.88,-9.1875
1104,248095,0.5856,-0.15762400000000001,-0.7929999999999999,5.46,21.1225,-5.4075
1105,248191,0.608536,-0.17763199999999998,-0.7820199999999999,7.945,24.92,-4.13
1106,248287,0.631228,-0.128344,-0.7820199999999999,8.61,27.9825,-4.3225
1107,248384,0.647576,-0.157136,-0.764452,11.27,29.19,-3.675
1108,248480,0.617564,-0.047092,-0.796904,15.225,29.575,-1.61
1109,248576,0.619272,-0.205936,-0.742492,24.85,30.3975,1.12
1110,248672,0.6229319999999999,-0.19397999999999999,-0.758596,26.11,33.0575,2.1175
1111,248769,0.590724,-0.260836,-0.72956,23.1525,36.1725,2.275
1112,248865,0.644892,-0.195688,-0.733952,16.835,40.355,1.3125
1113,248961,0.634156,-0.22935999999999998,-0.712236,17.1675,41.3,0.5425
1114,249057,0.61854,-0.243024,-0.714676,13.44,41.8775,-2.17
1115,249153,0.635376,-0.267912,-0.6956439999999999,9.5725,41.86,-6.65
1116,249250,0.6602640000000001,-0.275476,-0.68686,4.1125,40.845,-13.2475
1117,249346,0.6673399999999999,-0.284748,-0.681492,-0.49,38.2725,-20.7375
1118,249442,0.69662,-0.23911999999999997,-0.6790520999999999,-4.095,35.14,-27.3875
1119,249538,0.7241920000000001,-0.21008400000000002,-0.664168,-5.915,31.535,-32.935
1120,249635,0.70394,-0.162504,-0.6763680000000001,-4.795,28.945,-35.56
1121,249731,0.6885680999999999,-0.13078399999999998,-0.686372,-0.7525,28.245,-35.0175
1122,249827,0.676124,-0.1403,-0.699548,3.64,29.54,-33.3725
1123,249923,0.66978,-0.133224,-0.7107720000000001,7.3325,32.9875,-31.2725
1124,250019,0.6263479999999999,-0.13054000000000002,-0.737124,10.5175,39.025,-29.295
1125,250116,0.646112,-0.165676,-0.73688,13.265,47.53,-29.5925
1126,250212,0.6314721,-0.17446,-0.7327321,16.3625,58.6775,-29.9775
1127,250308,0.644892,-0.183488,-0.727364,18.0075,71.1025,-31.2375
1128,250404,0.6851520999999999,-0.17934,-0.681248,18.7775,83.1775,-31.9375
1129,250501,0.6973520000000001,-0.14396,-0.676124,18.7075,93.17,-32.655
1130,250597,0.686128,-0.086864,-0.7019880000000001,15.855,102.5325,-30.2575
1131,250693,0.68808,-0.07490801,-0.727364,11.1125,113.54,-23.52
1132,250789,0.6722199999999999,-0.082228,-0.7617681,7.4025,127.9775,-16.17
1133,250886,0.6082920999999999,-0.125172,-0.7686,7.35,143.185,-12.1275
1134,250982,0.5692520000000001,-0.22716399999999998,-0.720776,9.24,160.755,-15.2775
1135,251078,0.6156119999999999,-0.29158,-0.691008,11.97,191.695,-19.4425
1136,251174,0.5897479999999999,-0.22472399999999998,-0.7442,15.2425,220.1675,-24.185
1137,251270,0.76982,-0.35697199999999996,-0.820572,0.105,238.1225,-37.135
1138,251367,0.576572,-0.369904,-0.662704,-19.1975,269.78,-51.8
1139,251463,1.065792,-0.30378,-0.776896,-31.9025,323.575,-65.0125
1140,251559,1.408368,-0.274744,-0.8310639999999999,-21.1925,397.88,-70.35
1141,251655,1.236348,-0.07881200000000001,-1.366156,-11.97,485.485,-58.485
1142,251751,1.707268,-0.112728,-1.103612,48.86,509.1275,-35.1225
1143,251848,2.0342279999999997,-0.553636,-1.356396,106.4525,547.2775,-36.33
1144,251944,2.419504,-0.827892,-2.033496,106.8025,563.5175,-62.335
1145,252040,2.219668,-0.44773999999999997,-1.204628,108.745,523.215,-100.45
1146,252136,4.472764,-0.721996,-2.199172,158.795,514.4825,-103.2325
1147,252233,3.224216,-0.628544,-2.718404,249.1475,522.0775,-47.5825
1148,252329,1.8243880000000001,-1.669936,-3.014376,237.93,419.9825,-35.56
1149,252425,3.58924,-2.872856,-3.51482,136.6925,179.48,-46.305
1150,252521,2.3306880000000003,-1.931016,-3.870084,-2.8,-15.5575,-19.46
1151,252617,0.128588,-0.9418401,-1.915644,-65.66,-196.0175,-1.75
1152,252714,-0.28377199999999997,-0.313784,-1.49084,-57.05,-218.1725,6.125
1153,252810,-0.245464,-0.111996,-1.206092,-13.335,-210.6475,10.115
1154,252906,0.007320001,-0.340624,-1.143384,38.2025,-205.275,20.545
1155,253002,0.480192,-0.6070720000000001,-1.2197559999999998,63.6475,-217.9625,30.065
1156,253098,0.696376,-0.7812880999999999,-1.160952,56.875,-253.505,35.35
1157,253195,0.7378560000000001,-0.7503,-1.05164,27.1425,-295.6975,36.96
1158,253291,0.63562,-0.60024,-0.84424,-4.7425,-332.325,35.8225
1159,253387,0.571692,-0.432856,-0.653676,-24.9375,-355.53,33.39
1160,253483,0.563884,-0.30134,-0.5514399999999999,-30.17,-364.6825,31.4825
1161,253580,0.595116,-0.276452,-0.46921199999999996,-21.385,-366.66,32.5675
1162,253676,0.695156,-0.309636,-0.44896,-7.595,-364.63,37.485
1163,253772,0.830576,-0.367708,-0.484828,4.06,-360.605,45.2725
1164,253868,0.9325680000000001,-0.38674000000000003,-0.5165481,10.815,-358.4525,55.055
1165,253964,0.9999121,-0.36575599999999997,-0.530212,16.03,-356.5975,65.31
1166,254061,1.063352,-0.372344,-0.52582,23.275,-353.64,74.375
1167,254157,1.147532,-0.38308000000000003,-0.518256,30.905,-349.1075,80.955
1168,254253,1.3139399999999999,-0.44115200000000004,-0.533628,38.115,-343.455,85.62751
1169,254349,1.338584,-0.48702399999999996,-0.51118,39.935,-336.7875,90.8075
1170,254446,1.352004,-0.548512,-0.543388,38.955,-326.9525,97.8075
1171,254542,1.335656,-0.5936520000000001,-0.5948720000000001,34.93,-313.8625,105.5425
1172,254638,1.39812,-0.6756361,-0.703696,28.4375,-297.99,112.5775
1173,254734,1.62382,-0.7327321,-0.8679081,21.0175,-282.5725,119.665
1174,254830,1.9102759999999999,-0.777872,-1.0248,15.645,-273.91,129.2725
1175,254927,2.172576,-0.837408,-1.137528,12.4425,-274.4175,141.3125
1176,255023,2.401448,-0.8801081000000001,-1.2214639999999999,9.9925,-282.1,155.05
1177,255119,2.52906,-0.894748,-1.20902,8.1725,-295.1725,169.5925
1178,255215,2.5161279999999997,-0.889136,-1.0906799999999999,4.62,-309.435,182.9275
1179,255312,2.41926,-0.621468,-0.913292,-0.875,-316.925,194.285
1180,255408,2.460252,-0.237656,-0.8164239999999999,2.2925,-310.0825,210.1575
1181,255504,2.631784,-0.1891,-0.5795,22.1375,-295.8725,227.815
1182,255600,2.739632,-0.18104800000000001,-0.166652,28.665,-279.6675,232.925
1183,255696,2.782332,0.023180000000000003,0.49044,12.32,-259.28,221.0775
1184,255793,2.84748,0.538752,1.2463520000000001,-12.3725,-229.6525,192.4825
1185,255889,3.034628,1.382992,1.898564,-11.655,-187.9675,149.5725
1186,255985,3.03536,1.7458200000000001,2.324344,44.59,-135.8175,107.1175
1187,256081,2.6693599999999997,1.0279719999999999,2.31068,110.565,-73.8325,70.49
1188,256178,2.41194,0.182756,1.76046,92.7325,-5.8975,16.5025
1189,256274,1.8292680000000001,0.09150001,0.9237841,-4.55,50.61,-57.1725
1190,256370,1.7611919999999999,-0.384056,1.502552,-118.1775,139.3875,-140.8225
1191,256466,1.010404,0.902068,2.134268,-244.5275,235.3225,-255.605
1192,256562,1.226588,1.26148,-3.023404,-266.0875,324.73,-312.9
1193,256659,2.68522,0.8310639999999999,-2.795264,-93.9575,337.5575,-188.125
1194,256755,3.080012,0.134444,-1.262944,48.9125,310.1875,-70.595
1195,256851,3.184688,1.123376,-2.528084,-14.56,277.34,-74.935
1196,256947,1.8234119999999998,0.183488,-1.285636,26.95,205.0125,-51.5725
1197,257044,0.624884,-0.07832401,-0.720288,17.535,158.935,-61.1625
1198,257140,0.21520799999999998,-0.31158800000000003,-0.518256,33.355,157.22,-50.4175
1199,257236,3.115392,-2.81698,-1.38592,13.5275,156.625,-41.3525
1200,257332,1.188768,0.25742,-0.960384,-93.24,90.09000999999999,-40.565
1201,257428,0.7605481,0.582428,-1.250988,-93.3625,68.1625,-46.6725
1202,257525,0.9247601000000001,-0.8176439999999999,-0.7700640999999999,-62.09,51.45,-44.625
1203,257621,0.773724,0.045627999999999995,-1.066768,-68.5475,42.4725,-39.6375
1204,257717,0.646112,-0.44554399999999994,-0.7937320999999999,-60.8475,34.1425,-40.1275
1205,257813,0.8735200000000001,-0.132736,-1.069696,-50.2075,28.42,-38.08
1206,257910,0.6653880999999999,0.075396,-0.9476959999999999,-38.4125,24.64,-29.2775
1207,258006,0.6380600000000001,-0.2562,-0.812276,-16.625,20.6675,-18.3225
1208,258102,0.699792,0.006344,-0.885964,-13.965,21.35,-17.045
1209,258198,0.58804,-0.193492,-0.806176,-7.6125,20.125,-15.3125
1210,258295,0.597312,-0.126636,-0.8261841000000001,-7.2975,21.5425,-16.2925
1211,258391,0.6258600000000001,-0.16226,-0.793488,-7.77,22.4875,-17.885
1212,258487,0.647576,-0.0854,-0.79056,-6.44,22.5225,-17.325
1213,258583,0.6695361,-0.048556,-0.807396,-2.485,22.785,-13.475
1214,258679,0.638304,-0.107848,-0.803492,1.68,22.715,-9.59
1215,258776,0.59292,-0.153232,-0.8042239999999999,4.445,24.71,-7.5775
1216,258872,0.612196,-0.223992,-0.788852,5.7575,28.6825,-7.14
1217,258968,0.657824,-0.17397200000000002,-0.7617681,5.915,29.9425,-9.17
1218,259064,0.621712,-0.146156,-0.779824,11.095,29.015,-11.305
1219,259161,0.538996,-0.295484,-0.767624,15.715,31.15,-12.8625
1220,259257,0.6222,-0.179828,-0.779092,4.165,39.9,-15.6975
1221,259353,0.6326921,-0.158356,-0.7522521,5.8625,43.5575,-16.9575
1222,259449,0.661728,-0.13151600000000002,-0.731268,2.24,47.3375,-17.6925
1223,259545,0.676124,-0.096624,-0.720532,1.8725,49.525,-15.4
1224,259642,0.6836880999999999,-0.116388,-0.70638,1.19,50.8025,-12.5475
1225,259738,0.681736,-0.138104,-0.70638,1.89,51.2925,-10.2725
1226,259834,0.6836880999999999,-0.172264,-0.69418,2.1525,50.925,-9.8875
1227,259930,0.685884,-0.183976,-0.678076,2.38,50.5925,-11.4625
1228,260027,0.7093081,-0.163724,-0.665876,2.7825,50.12,-13.44
1229,260123,0.7176041,-0.137372,-0.658312,3.9725,48.8775,-14.3325
1230,260219,0.7095520000000001,-0.136884,-0.6541640000000001,5.0575,47.4775,-14.2975
1231,260315,0.7015,-0.13761600000000002,-0.6709999999999999,6.0375,47.1275,-14.2625
1232,260411,0.692472,-0.143716,-0.6729520999999999,7.4375,48.44,-14.805
1233,260508,0.7007680000000001,-0.112728,-0.6802720999999999,8.9775,50.8725,-15.505
1234,260604,0.7088201,-0.07564,-0.67588,11.27,54.04,-14.7525
1235,260700,0.693448,-0.073688,-0.6790520999999999,13.72,57.4525,-12.635
1236,260796,0.7134560999999999,-0.09589201,-0.670024,15.645,62.2125,-10.5875
1237,260893,0.69296,-0.125172,-0.661484,17.7275,67.655,-8.89
1238,260989,0.704916,-0.146644,-0.6566041,19.1625,74.1475,-8.68
1239,261085,0.707356,-0.138348,-0.665632,18.4275,80.395,-8.855
1240,261181,0.7468840999999999,-0.1464,-0.642696,15.96,87.045,-8.4
1241,261278,0.732244,-0.132492,-0.64904,13.1075,94.4125,-7.4375
1242,261374,0.707112,-0.130296,-0.646844,10.5525,100.3625,-6.895
1243,261470,0.6912520000000001,-0.118828,-0.672708,8.12,108.0975,-6.72
1244,261566,0.640256,-0.16811600000000002,-0.671732,8.3825,123.445,-4.725
1245,261662,0.715896,-0.241804,-0.66368,6.6325,147.21,-5.46
1246,261759,0.589016,-0.21276799999999998,-0.716384,8.435,169.155,-6.7725
1247,261855,0.743224,-0.288408,-0.676612,-6.3,183.1725,-18.9175
1248,261951,0.586576,-0.287188,-0.603168,-17.2725,211.1025,-33.565
1249,262047,0.8127641,-0.25790799999999997,-0.79666,-30.205,252.0525,-43.3125
1250,262144,1.467416,-0.307684,-0.925736,-38.08,301.6125,-51.905
1251,262240,0.633668,-0.050263999999999996,-0.989664,-40.0925,389.375,-41.965
1252,262336,0.906216,-0.22033200000000003,-1.2322,-48.58,450.17,-14.6825
1253,262432,1.2695319999999999,-0.23521599999999998,-1.01016,-19.74,477.225,-4.095
1254,262528,1.874652,-0.28377199999999997,-0.749324,33.2325,522.1125,-9.9575
1255,262625,1.9483400000000002,-0.260592,-1.5584280000000001,23.3275,569.3275,-30.835
1256,262721,1.979328,-0.329644,-1.65432,55.93,557.865,-42.2275
1257,262817,2.774036,-0.49898000000000003,-1.35786,126.6825,498.295,-68.88
1258,262913,5.026155999999999,-0.791048,-2.269444,197.715,506.345,-53.865
1259,263010,3.3684199999999995,-0.8252079999999999,-2.5705400000000003,305.0775,527.1525,9.2225
1260,263106,1.3603,-1.380064,-3.112464,243.1275,397.0925,-15.47
1261,263202,4.499116000000001,-2.344596,-3.7090440000000005,132.1775,121.975,-45.4475
1262,263298,2.043744,-1.64578,-3.4469879999999997,4.2175,-90.00251,-46.4275
1263,263395,0.275964,-0.8430200999999999,-1.706536,-56.4375,-263.97,-53.76
1264,263491,0.049776,-0.387228,-1.4835200000000002,-52.115,-269.71,-60.9175
1265,263587,0.009516001,-0.24863600000000002,-1.1272799999999998,-12.6525,-271.845,-58.9225
1266,263683,0.23155599999999998,-0.515084,-1.01748,38.3425,-272.475,-40.67
1267,263779,0.46506400000000003,-0.8103239999999999,-0.9738041,62.9825,-285.11,-18.6375
1268,263876,0.537288,-0.9799041,-0.8784,54.46,-308.77,-1.365
1269,263972,0.5631520000000001,-0.9547720999999999,-0.758596,24.0975,-330.19,10.43
1270,264068,0.564616,-0.803492,-0.636596,-9.31,-346.7625,18.06
1271,264164,0.58194,-0.6390359999999999,-0.5753520000000001,-30.8175,-357.385,24.5525
1272,264261,0.627568,-0.504104,-0.511424,-37.5025,-362.04,32.865
1273,264357,0.7283400999999999,-0.413092,-0.5009319999999999,-31.9725,-364.4375,42.9625
1274,264453,0.83936,-0.353312,-0.513864,-18.725,-366.5725,55.6325
1275,264549,0.9235399999999999,-0.332084,-0.519476,-4.0075,-370.02,68.0925
1276,264646,0.9686799999999999,-0.28011199999999997,-0.510204,9.205,-372.6275,77.7175
1277,264742,1.0084520000000001,-0.20984,-0.503616,22.26,-372.19,84.0525
1278,264838,1.013332,-0.20984,-0.47458,37.9225,-368.76,86.485
1279,264934,1.063352,-0.22277199999999997,-0.45383999999999997,52.78,-361.27,85.3125
1280,265031,1.2160959999999998,-0.265716,-0.48873199999999994,65.205,-350.0875,83.59751
1281,265127,1.33956,-0.371368,-0.537532,74.62,-338.9225,85.0325
1282,265223,1.3651799999999998,-0.49532,-0.567788,76.9125,-329.2275,89.6
1283,265319,1.310768,-0.570716,-0.5694961,69.965,-318.1325,95.6725
1284,265415,1.280024,-0.6326921,-0.6307401,57.155,-302.1375,100.6425
1285,265512,1.448628,-0.666852,-0.7893399999999999,46.2175,-282.0125,105.945
1286,265608,1.7877880000000002,-0.664168,-1.0384639999999998,40.985,-264.985,116.2
1287,265704,2.177212,-0.747128,-1.277828,44.0125,-260.26,133.5075
1288,265800,2.511248,-0.8718120999999999,-1.419592,48.4575,-270.375,154.9975
1289,265897,2.614704,-0.9052401,-1.391044,43.295,-291.305,176.26
1290,265993,2.484408,-0.7417600000000001,-1.169736,28.8575,-312.2175,193.69
1291,266089,2.340936,-0.296704,-0.9940559999999999,18.0775,-318.7275,210.2975
1292,266185,2.36802,-0.196176,-0.8117880000000001,26.915,-309.715,228.9175
1293,266281,2.56078,-0.269864,-0.5875520000000001,34.7725,-293.7725,238.5075
1294,266378,2.716208,-0.266936,-0.169824,20.8775,-277.305,234.29
1295,266474,2.712792,0.040016,0.5172800999999999,-8.68,-259.105,214.1125
1296,266570,2.7520759999999997,0.80276,1.371768,-23.5025,-229.5825,178.535
1297,266666,2.961672,1.719956,2.067412,16.4675,-183.1725,134.155
1298,266763,3.073668,1.7355720000000001,2.412916,114.1525,-125.3875,98.735
1299,266859,2.753052,0.598532,2.323856,182.9625,-61.565,70.1225
1300,266955,2.571028,-0.31524800000000003,1.7873,130.41,5.46,15.05
1301,267051,2.5114919999999996,0.040748,0.868152,-1.89,57.82,-56.7525
1302,267148,2.229916,-0.269376,1.2871,-92.75001,101.8325,-111.755
1303,267244,-0.776408,-0.125172,2.3550880000000003,-204.1375,207.3925,-197.82
1304,267340,0.34257600000000005,1.070184,-2.161352,-287.7875,298.725,-289.3275
1305,267436,1.7263,1.7470400000000001,-2.72548,-202.1075,338.7825,-233.0475
1306,267533,3.124176,0.638792,-1.22244,16.905,327.88,-88.585
1307,267629,3.427468,1.481324,-2.625928,0.1575,301.105,-90.1075
1308,267725,2.7642759999999997,0.26352,-1.6567599999999998,22.75,221.3925,-92.4525
1309,267821,1.085068,-0.33794,-1.0438319999999999,15.82,150.0625,-82.81
1310,267918,0.07637200000000001,-0.462868,-0.40016,11.5675,134.6975,-74.865
1311,268014,2.441464,-2.810148,-1.411784,-1.6625,145.985,-59.0275
1312,268110,1.594052,-0.267912,-0.74054,-98.245,100.94,-53.2525
1313,268206,1.013576,0.646112,-1.2585520000000001,-109.83,73.4475,-55.4575
1314,268303,0.9269561,-0.5011760000000001,-0.832528,-76.9475,49.665,-49.5075
1315,268399,0.45286400000000004,-0.430172,-0.76982,-76.58,39.7075,-40.5125
1316,268495,0.9384239999999999,0.16909200000000002,-1.179008,-83.125,38.2725,-41.7375
1317,268591,0.539972,-0.282552,-0.8493641,-64.1025,25.5675,-38.9725
1318,268687,0.8815719999999999,0.041968,-1.0145520000000001,-48.4575,26.425,-30.6425
1319,268784,0.6039,-0.026351999999999997,-0.9084121,-30.0475,21.63,-21.875
1320,268880,0.630252,-0.163236,-0.858392,-11.515,19.9675,-13.335
1321,268976,0.635864,-0.048556,-0.8610761,-2.835,21.42,-10.395
1322,269072,0.628544,-0.1159,-0.8361879999999999,5.18,21.4025,-7.315
1323,269169,0.6070720000000001,-0.11394800000000001,-0.8244761,9.7825,22.75,-5.635
1324,269265,0.651968,-0.128344,-0.791292,11.3225,23.9225,-4.69
1325,269361,0.6439159999999999,-0.137128,-0.7747001,12.705,22.33,-3.955
1326,269457,0.6263479999999999,-0.111752,-0.782508,12.39,21.07,-3.3775
1327,269553,0.601216,-0.159088,-0.784704,13.405,22.05,-1.0675
1328,269650,0.6007279999999999,-0.177144,-0.786656,14.4725,23.9575,0.0525
1329,269746,0.62098,-0.15616,-0.797148,14.77,27.615,0.7525
1330,269842,0.619516,-0.195444,-0.780312,15.05,31.045,1.575
1331,269938,0.639768,-0.203496,-0.745664,14.63,32.235,0.4025
1332,270035,0.615124,-0.051484,-0.7986121,16.2925,32.55,-0.7
1333,270131,0.601704,-0.249856,-0.7381001,25.305,33.3725,-0.6475
1334,270227,0.5511961,-0.298656,-0.7376119999999999,22.4,37.3975,-2.1175
1335,270323,0.6451359999999999,-0.164212,-0.748836,11.935,43.75,-4.2
1336,270420,0.632204,-0.236436,-0.7041841,11.83,45.2375,-5.18
1337,270516,0.648796,-0.21813600000000002,-0.709064,6.0725,46.165,-8.155
1338,270612,0.66368,-0.239364,-0.696376,1.9075,45.9025,-12.7225
1339,270708,0.679296,-0.241804,-0.684908,-1.715,45.6575,-17.3425
1340,270805,0.691496,-0.205204,-0.6856399999999999,-1.925,44.135,-20.9125
1341,270901,0.6939361,-0.1647,-0.691008,0.49,42.3675,-23.1175
1342,270997,0.69052,-0.15176800000000001,-0.687348,3.22,41.44,-23.695
1343,271093,0.687104,-0.142008,-0.692472,3.9375,42.21,-23.485
1344,271190,0.6832,-0.11955999999999999,-0.69418,5.18,44.6075,-22.1025
1345,271286,0.6795401,-0.109556,-0.6993041,7.77,48.16,-19.6175
1346,271382,0.680516,-0.121512,-0.715164,11.0425,53.1125,-16.975
1347,271478,0.668072,-0.143716,-0.7171161,12.9675,58.73,-14.9275
1348,271574,0.658068,-0.183732,-0.7183361,14.4725,66.2375,-14.4725
1349,271671,0.675148,-0.207644,-0.6912520000000001,15.3825,74.235,-15.9775
1350,271767,0.66856,-0.19739600000000002,-0.669048,16.0475,82.7225,-17.8325
1351,271863,0.727364,-0.16201600000000002,-0.682712,15.19,90.685,-20.09
1352,271959,0.7239479999999999,-0.156892,-0.677344,14.6475,98.035,-19.88
1353,272056,0.6980841,-0.131028,-0.684664,12.8625,106.2775,-17.2725
1354,272152,0.6946681,-0.14493599999999998,-0.671732,10.1325,114.345,-15.8725
1355,272248,0.662704,-0.12029200000000001,-0.6422081000000001,6.86,124.11,-16.0825
1356,272344,0.6695361,-0.13054000000000002,-0.612684,7.35,142.555,-13.2825
1357,272440,0.7332201,-0.230336,-0.696864,7.1575,166.215,-8.4525
1358,272537,0.581208,-0.250832,-0.678076,9.2225,185.64,-8.3475
1359,272633,0.7551800000000001,-0.345992,-0.7329760000000001,-8.8025,202.37,-22.3475
1360,272729,0.546804,-0.3599,-0.630984,-17.7625,232.7325,-40.2675
1361,272825,0.7793359999999999,-0.324764,-0.849608,-27.8775,276.22,-54.8275
1362,272922,1.48596,-0.438468,-0.9015799999999999,-25.8825,330.5575,-65.975
1363,273018,0.6075600999999999,-0.0671,-1.0018639999999999,-30.1,424.27,-59.71
1364,273114,1.210728,-0.225212,-1.542568,-30.4325,475.93,-39.8475
1365,273210,1.6989720000000001,-0.431148,-1.0462719999999999,36.2775,494.76,-30.0125
1366,273307,1.874652,-0.386252,-1.1446040000000002,83.895,536.8474,-45.2725
1367,273403,2.273348,-0.363316,-1.788032,91.875,560.2975,-65.9925
1368,273499,1.821216,-0.367952,-0.677588,129.29,518.0525,-81.77750999999999
1369,273595,4.051376,-0.944524,-1.276852,169.3825,490.2275,-103.705
1370,273691,3.860812,-0.6441600000000001,-2.148908,271.6,525.0175,-46.935
1371,273788,2.567124,-0.9567241,-2.726212,316.0325,494.8475,-28.7
1372,273884,1.75436,-1.951756,-2.221376,227.9025,306.8625,-49.525
1373,273980,4.3707720000000005,-2.5061240000000002,-4.172644,114.17,95.02501,-59.3075
1374,274076,1.634556,-1.820728,-2.551996,-2.2925,-99.40001,-32.13
1375,274173,0.609024,-1.056032,-1.818776,-81.48001,-229.8625,-23.17
1376,274269,0.14396,-0.4743361,-1.3917760000000001,-100.6075,-246.925,-23.905
1377,274365,0.016836,-0.19032000000000002,-1.077992,-70.7875,-257.39,-21.5425
1378,274461,0.23058,-0.261324,-1.052616,-21.77,-256.5325,-8.3825
1379,274558,0.494588,-0.482876,-1.013088,18.445,-268.8,8.1025
1380,274654,0.671244,-0.684908,-0.9862479999999999,31.2725,-293.685,21.105
1381,274750,0.784704,-0.746152,-0.9320801,18.655,-323.295,28.8225
1382,274846,0.790804,-0.638548,-0.8010520000000001,-5.8975,-352.905,32.3225
1383,274942,0.7137001000000001,-0.47092,-0.638304,-23.38,-375.8475,34.8075
1384,275039,0.657092,-0.327692,-0.5002,-25.1125,-388.6925,38.0625
1385,275135,0.643184,-0.260104,-0.410896,-14.8225,-390.5825,42.945
1386,275231,0.670512,-0.28377199999999997,-0.360388,0.805,-386.3825,48.8775
1387,275327,0.782508,-0.374784,-0.388204,14.9625,-378.14,54.8975
1388,275424,0.9067040000000001,-0.434808,-0.43188000000000004,21.035,-370.0725,61.425
1389,275520,0.9642879999999999,-0.43212399999999995,-0.47946000000000005,20.545,-363.5975,69.1425
1390,275616,1.038952,-0.41992399999999996,-0.509716,19.81,-356.6325,76.895
1391,275712,1.111176,-0.41284799999999994,-0.534604,22.4525,-349.3,82.985
1392,275809,1.17608,-0.49654,-0.518256,26.845,-340.27,89.4425
1393,275905,1.303204,-0.5382640000000001,-0.624884,27.1775,-330.1375,96.5475
1394,276001,1.3790879999999999,-0.634156,-0.686128,29.365,-320.67,105.735
1395,276097,1.387384,-0.712724,-0.731024,24.78,-313.1975,116.165
1396,276194,1.434964,-0.727608,-0.855708,13.44,-304.29,126.9275
1397,276290,1.616256,-0.701012,-1.05164,4.6725,-295.645,136.7625
1398,276386,1.917352,-0.6756361,-1.242936,4.9525,-292.495,147.2625
1399,276482,2.154764,-0.687348,-1.347612,11.76,-298.9875,159.6875
1400,276579,2.311412,-0.764208,-1.38592,19.705,-310.8875,171.99
1401,276675,2.40096,-0.8427761,-1.3468799999999999,23.7475,-322.2625,181.7375
1402,276771,2.488068,-0.9006040999999999,-1.2566,20.37,-330.05,188.545
1403,276868,2.556388,-0.5975560000000001,-1.0948280000000001,10.395,-332.605,194.74
1404,276964,2.709864,-0.29572800000000005,-0.9345201,10.22,-325.4475,209.2825
1405,277060,2.816736,-0.181536,-0.48556000000000005,27.545,-315.1225,222.5125
1406,277156,2.88286,0.047580000000000004,0.17934,36.5225,-296.625,221.2525
1407,277252,3.010716,0.479704,1.016504,37.59,-266.6825,206.29
1408,277349,3.1827360000000002,1.075064,1.883436,45.43,-225.8375,176.6975
1409,277445,3.231292,1.4776639999999999,2.483676,76.8075,-172.2175,137.13
1410,277541,3.044388,1.153144,2.613972,114.7825,-104.4925,92.48751
1411,277637,2.648864,0.41406800000000005,2.1840439999999997,98.455,-32.27,31.43
1412,277734,2.565416,0.298168,1.42984,9.2575,32.025,-52.3775
1413,277830,1.806332,0.28157600000000005,0.7664041,-76.8775,74.4625,-125.545
1414,277926,0.819108,-0.8315520000000001,2.365336,-158.4625,167.405,-198.0825
1415,278022,-0.220088,1.735084,0.283528,-293.5975,275.1875,-298.7425
1416,278119,1.33102,1.3268719999999998,-3.6490199999999997,-211.8725,382.6375,-265.93
1417,278215,3.3786680000000002,0.439688,-1.137528,49.8225,373.695,-85.92501
1418,278311,4.186552,1.271728,-2.484896,38.7625,343.945,-58.1525
1419,278407,3.3489,0.38308000000000003,-2.090592,28.525,260.1375,-72.73
1420,278503,1.339316,-0.19861600000000001,-1.203652,22.4525,167.895,-66.7975
1421,278600,0.057096,-0.269864,-0.418704,19.1975,143.885,-64.855
1422,278696,2.5217400000000003,-3.030236,-1.4069040000000002,14.9975,154.4025,-49.6825
1423,278792,1.636264,-0.346236,-0.714676,-90.405,106.365,-49.875
1424,278888,1.117032,0.759328,-1.386896,-104.755,75.3025,-53.5675
1425,278985,0.9720960999999999,-0.509472,-0.86864,-67.305,46.48,-46.5325
1426,279081,0.405528,-0.479216,-0.7829961,-63.525,34.0375,-36.7675
1427,279177,0.8642481,0.02806,-1.0462719999999999,-72.0475,34.8075,-39.6375
1428,279273,0.5292359999999999,-0.384788,-0.7849480999999999,-60.445,23.8525,-39.4625
1429,279369,0.8862081,-0.03904,-1.044808,-55.93,23.065,-37.205
1430,279466,0.6161,-0.049044,-0.9001161,-43.26,15.5925,-31.535
1431,279562,0.610488,-0.21032800000000001,-0.8378960999999999,-26.5475,13.7025,-22.785
1432,279658,0.655628,-0.039284,-0.8549761,-21.8225,14.0875,-21.3325
1433,279754,0.612684,-0.08954801,-0.8332601000000001,-16.6425,12.5125,-18.62
1434,279851,0.587064,-0.13785999999999998,-0.820572,-14.735,12.4775,-17.71
1435,279947,0.592188,-0.152988,-0.8193521,-14.385,13.4225,-18.34
1436,280043,0.6109760000000001,-0.129564,-0.813984,-13.58,13.5625,-18.9175
1437,280139,0.667096,-0.06661201,-0.7978801,-10.9375,13.16,-17.465
1438,280236,0.6441600000000001,-0.08759601,-0.796172,-5.145,11.445,-13.265
1439,280332,0.597068,-0.074664,-0.807396,-0.6475,11.165,-9.24
1440,280428,0.579256,-0.12468399999999999,-0.8054439999999999,3.2375,13.6675,-5.6875
1441,280524,0.575596,-0.22057600000000002,-0.793244,5.8625,17.0975,-6.02
1442,280621,0.600484,-0.15054800000000002,-0.7944641,4.8475,19.8975,-9.6425
1443,280717,0.633424,-0.11126400000000002,-0.7659161,5.6175,21.0525,-11.0425
1444,280813,0.6317159999999999,-0.14566800000000002,-0.7500560000000001,7.735,21.8225,-10.64
1445,280909,0.571692,-0.087352,-0.813984,6.65,24.0625,-11.0425
1446,281006,0.5914560000000001,-0.13639600000000002,-0.7986121,7.6125,29.4525,-10.9725
1447,281102,0.606584,-0.10345599999999999,-0.777384,7.735,34.9125,-10.2375
1448,281198,0.77836,0.06490399999999999,-0.47213999999999995,22.7675,40.46,-6.475
1449,281294,0.4392,-0.14347200000000002,-0.71736,17.36,43.7325,-4.8475
1450,281390,0.632204,-0.203496,-0.7617681,11.5675,44.835,-6.0375
1451,281487,0.628788,-0.12053599999999999,-0.759328,10.2025,46.8475,-7.28
1452,281583,0.6663640000000001,-0.16835999999999998,-0.725412,10.8325,49.8925,-8.6275
1453,281679,0.6470880999999999,-0.12468399999999999,-0.742492,12.5475,50.9075,-9.415
1454,281775,0.6600201,-0.162748,-0.708088,13.1775,52.7625,-10.2375
1455,281872,0.646112,-0.133468,-0.7285841,13.265,55.195,-11.445
1456,281968,0.6673399999999999,-0.14762,-0.719312,13.72,58.5725,-12.6525
1457,282064,0.649528,-0.148352,-0.7198,14.9625,62.9125,-13.5975
1458,282160,0.6612401,-0.143228,-0.714676,16.1175,67.9875,-15.1375
1459,282257,0.6695361,-0.13761600000000002,-0.7198,17.115,73.815,-16.5725
1460,282353,0.658068,-0.197152,-0.7041841,17.3775,79.7825,-18.235
1461,282449,0.6939361,-0.164944,-0.677344,16.415,85.92501,-21.105
1462,282545,0.6885680999999999,-0.16811600000000002,-0.6673399999999999,16.59,91.2625,-23.8
1463,282641,0.692716,-0.13298,-0.669292,15.1025,97.1775,-23.2575
1464,282738,0.70394,-0.09320801,-0.664412,12.3025,104.2475,-20.8075
1465,282834,0.686128,-0.047580000000000004,-0.6785640000000001,10.605,113.715,-16.9575
1466,282930,0.7117479999999999,-0.011468,-0.686128,9.765,125.195,-12.2675
1467,283026,0.6653880999999999,-0.042212,-0.688812,10.57,134.8375,-6.2475
1468,283123,0.650016,-0.193004,-0.6439159999999999,10.885,145.39,-3.1675
1469,283219,0.6283,-0.257664,-0.628544,9.2575,167.3525,-5.18
1470,283315,0.6197600000000001,-0.217648,-0.740052,10.185,194.6,-7.385
1471,283411,0.726876,-0.328424,-0.677344,-3.605,205.2225,-20.2475
1472,283508,0.56242,-0.424072,-0.545096,-20.44,231.2975,-38.3775
1473,283604,0.7788480999999999,-0.305244,-0.8525360000000001,-37.975,274.8375,-55.755
1474,283700,1.430816,-0.4209,-0.764208,-40.46,325.815,-67.2875
1475,283796,0.8596120999999999,-0.13785999999999998,-0.9799041,-37.45,410.7775,-67.6025
1476,283893,1.1224,-0.25351599999999996,-1.117276,-33.8275,458.2725,-52.15
1477,283989,1.7265439999999999,-0.264984,-0.71858,11.3225,472.5875,-49.49
1478,284085,1.6928720000000002,-0.23424,-1.161684,28.42,515.4099,-68.18
1479,284181,2.239188,-0.5602239999999999,-1.7036080000000002,47.705,527.52,-79.905
1480,284277,2.7084,-0.542656,-1.0499319999999999,62.79,498.225,-100.7125
1481,284374,4.263412000000001,-0.6939361,-1.6792080000000003,127.05,505.33,-74.97
1482,284470,2.691076,-0.5206960999999999,-1.9190599999999998,201.7575,509.9325,-29.8725
1483,284566,1.5982,-0.803248,-2.267736,183.1725,427.84,-31.675
1484,284662,3.067812,-1.855864,-2.4148680000000002,143.01,234.605,-42.7525
1485,284759,3.099288,-1.8065759999999997,-3.826164,61.145,56.8925,-34.72
1486,284855,0.6070720000000001,-1.231468,-1.796084,-7.875,-128.94,-26.11
1487,284951,0.09589201,-0.7171161,-1.506456,-41.65,-169.575,-26.6
1488,285047,-0.10687200000000001,-0.38503200000000004,-1.139968,-39.13,-170.415,-26.4425
1489,285143,0.010492,-0.39161999999999997,-1.056764,-9.135,-168.2275,-13.65
1490,285240,0.329156,-0.559004,-1.124352,18.2525,-176.1375,3.535
1491,285336,0.57096,-0.7366361,-1.1468,26.8975,-201.5125,17.0975
1492,285432,0.669292,-0.807396,-1.092632,11.4625,-238.42,24.0975
1493,285528,0.6566041,-0.681248,-0.96624,-15.4525,-275.555,25.5675
1494,285625,0.608536,-0.496296,-0.826428,-36.645,-306.04,24.815
1495,285721,0.608536,-0.33623200000000003,-0.686372,-41.2825,-326.34,24.605
1496,285817,0.662948,-0.266448,-0.599264,-30.9925,-339.08,26.5125
1497,285913,0.7378560000000001,-0.282064,-0.552904,-13.4575,-348.8975,31.0625
1498,286010,0.8193521,-0.31158800000000003,-0.527528,2.8,-356.8425,36.5225
1499,286106,0.8845,-0.350628,-0.4941,15.0325,-362.0925,43.1725
1500,286202,0.919392,-0.378932,-0.46945600000000004,21.4025,-364.3325,49.1925
1501,286298,0.955992,-0.383324,-0.45261999999999997,23.6425,-362.6525,54.495
1502,286395,1.018456,-0.334524,-0.47336000000000006,25.06,-357.0175,59.045
1503,286491,1.1089799999999999,-0.334524,-0.516304,31.185,-349.685,63.1225
1504,286587,1.206092,-0.376248,-0.559248,40.1275,-343.1575,66.6575
1505,286683,1.341024,-0.4553041,-0.61732,48.1775,-337.12,70.5775
1506,286780,1.399584,-0.5738880000000001,-0.636108,52.36,-332.045,76.44001
1507,286876,1.379332,-0.6368401,-0.64172,46.4975,-325.0275,83.94751
1508,286972,1.342976,-0.630008,-0.6824680000000001,34.5975,-314.125,91.4025
1509,287068,1.402756,-0.601704,-0.781044,24.71,-298.7425,99.435
1510,287165,1.586488,-0.590236,-0.960384,21.9975,-282.9225,109.305
1511,287261,1.8727,-0.6131721,-1.1836440000000001,26.3025,-271.1625,123.0075
1512,287357,2.249192,-0.6409881,-1.404464,34.4925,-268.835,141.3125
1513,287453,2.5803,-0.7417600000000001,-1.551108,42.84,-278.74,162.12
1514,287550,2.683512,-0.7956840999999999,-1.49206,40.005,-299.3375,180.2325
1515,287646,2.636176,-0.571936,-1.279292,25.55,-317.905,193.7775
1516,287742,2.614948,-0.165188,-1.1033680000000001,15.8025,-323.68,210.525
1517,287838,2.6693599999999997,-0.029036000000000003,-0.7788480999999999,24.6925,-319.1125,229.0925
1518,287935,2.724748,0.07417601,-0.296704,30.17,-306.74,237.0725
1519,288031,2.760616,0.2928,0.418216,22.75,-284.7775,230.58
1520,288127,2.972896,0.85644,1.322724,9.45,-251.4225,206.99
1521,288223,3.166876,1.622844,2.048136,21.0525,-209.65,168.21
1522,288319,2.961672,1.861476,2.418284,82.11,-160.2825,129.6925
1523,288416,2.41804,1.095316,2.3321520000000002,139.3875,-97.405,97.51
1524,288512,1.9947,0.176656,1.8529360000000001,111.9125,-25.0425,42.0525
1525,288608,2.058872,0.14469200000000002,0.892308,10.0625,39.4625,-37.835
1526,288704,1.7470400000000001,0.379664,-0.11834000000000001,-67.8125,73.3775,-98.385
1527,288801,1.561112,-0.668072,0.885476,-98.1225,127.2075,-149.7125
1528,288897,0.459696,0.71126,2.247728,-194.11,201.1275,-243.1275
1529,288993,1.380308,1.286856,-2.72182,-194.6525,312.655,-289.4325
1530,289089,2.775256,0.010492,-2.767936,-8.4,317.1,-163.03
1531,289186,2.90604,-0.16689600000000002,-0.9264680000000001,74.69,287.3675,-59.5525
1532,289282,3.044388,0.20252,-2.2448,4.9,258.09,-66.6225
1533,289378,1.595272,0.22472399999999998,-1.355176,12.425,188.475,-50.0675
1534,289474,0.0793,0.110776,-0.5172800999999999,12.425,156.2575,-56.84
1535,289570,1.6682279999999998,-2.199172,-1.61406,35.245,166.3725,-42.8925
1536,289667,1.9478520000000001,-1.425448,-0.281088,-53.9525,131.0925,-43.155
1537,289763,0.849852,0.7107720000000001,-1.2939319999999999,-105.245,92.365,-46.4975
1538,289859,1.255136,-0.16958,-1.067012,-77.6825,69.79,-47.285
1539,289955,0.5838920999999999,-0.447984,-0.760304,-70.0525,45.6575,-42.665
1540,290052,1.077016,-0.036356,-1.137284,-71.9775,43.7675,-35.945
1541,290148,0.59658,-0.284016,-0.8147161,-57.5925,26.88,-34.79
1542,290244,0.7822640000000001,-0.074664,-0.9955200000000001,-43.61,24.7625,-27.3
1543,290340,0.671488,-0.022692,-0.888648,-28.2975,23.345,-18.935
1544,290437,0.6329359999999999,-0.258396,-0.794708,-10.57,17.815,-12.6
1545,290533,0.645868,-0.08344800000000001,-0.850096,-12.355,19.355,-12.915
1546,290629,0.5785241,-0.25132,-0.7793359999999999,-10.0975,17.85,-13.7025
1547,290725,0.6273241,-0.203496,-0.814472,-14.63,17.9375,-17.745
1548,290821,0.654896,-0.19885999999999998,-0.773968,-16.2925,16.9575,-20.37
1549,290918,0.655384,-0.15128,-0.778116,-14.35,15.26,-18.935
1550,291014,0.639524,-0.16226,-0.7820199999999999,-10.5875,13.8425,-15.5575
1551,291110,0.629764,-0.172508,-0.7734800000000001,-7.315,12.705,-12.81
1552,291206,0.6202479999999999,-0.16592,-0.773724,-5.11,12.1275,-11.1825
1553,291303,0.615368,-0.14274,-0.776896,-2.6425,11.9,-9.8175
1554,291399,0.61,-0.124196,-0.787632,-0.1575,12.88,-8.1725
1555,291495,0.6168319999999999,-0.17763199999999998,-0.7734800000000001,2.1,14.4725,-6.6325
1556,291591,0.6317159999999999,-0.17543599999999998,-0.752008,2.9225,14.56,-6.9825
1557,291688,0.644404,-0.153232,-0.742492,3.9375,13.825,-7.1925
1558,291784,0.659776,-0.135908,-0.740296,5.4775,13.755,-6.0375
1559,291880,0.639768,-0.128832,-0.7549359999999999,8.61,13.825,-3.6225
1560,291976,0.642452,-0.138836,-0.748104,13.5625,13.86,-1.785
1561,292073,0.6380600000000001,-0.13761600000000002,-0.7415161,17.01,14.245,-0.7
1562,292169,0.635376,-0.138836,-0.7451760000000001,17.6575,14.9975,0.07
1563,292265,0.640012,-0.16592,-0.7361481,17.4825,15.89,0.9975
1564,292361,0.6392800000000001,-0.151036,-0.752984,15.435,17.745,2.065
1565,292457,0.636596,-0.188368,-0.735904,15.225,19.215,2.485
1566,292554,0.640256,-0.189344,-0.740296,15.3125,20.825,2.6775
1567,292650,0.6441600000000001,-0.205448,-0.726876,15.47,22.1025,2.1525
1568,292746,0.6373281,-0.22326,-0.715164,15.015,22.8375,0.4375
1569,292842,0.6373281,-0.2318,-0.7141881,12.495,23.38,-2.52
1570,292939,0.64904,-0.235704,-0.714432,9.45,23.905,-6.44
1571,293035,0.6558721,-0.227408,-0.711992,6.37,24.0975,-9.9925
1572,293131,0.658068,-0.21716,-0.7190681,5.5125,24.465,-12.3375
1573,293227,0.656848,-0.193492,-0.7198,5.8975,25.725,-13.93
1574,293324,0.643672,-0.180072,-0.72712,7.56,27.825,-14.875
1575,293420,0.6497721,-0.164456,-0.733952,8.7675,31.7625,-14.91
1576,293516,0.668316,-0.15054800000000002,-0.7217521,9.9925,37.03,-13.86
1577,293612,0.6558721,-0.119316,-0.736392,11.795,42.7,-11.27
1578,293708,0.6722199999999999,-0.114192,-0.726144,13.055,48.9125,-7.77
1579,293805,0.670268,-0.14469200000000002,-0.715896,13.3525,55.405,-4.1475
1580,293901,0.658312,-0.188124,-0.7278521,14.49,62.265,-1.5925
1581,293997,0.6541640000000001,-0.186416,-0.742492,15.33,70.525,-1.6975
1582,294093,0.650748,-0.189588,-0.751276,17.535,79.3975,-3.3075
1583,294190,0.6414761,-0.20642399999999997,-0.7522521,20.51,89.88,-4.655
1584,294286,0.624396,-0.24351199999999998,-0.73932,21.7875,101.92,-7.5775
1585,294382,0.638548,-0.278404,-0.72468,21.0175,115.3075,-13.58
1586,294478,0.5936520000000001,-0.252052,-0.719312,18.6725,132.0725,-21.1225
1587,294575,0.583648,-0.2257,-0.7417600000000001,14.9275,149.275,-31.6925
1588,294671,0.572912,-0.244,-0.748592,19.11,169.365,-36.365
1589,294767,0.47775200000000007,-0.27279200000000003,-0.7449321,27.0375,197.365,-37.7825
1590,294863,0.60146,-0.2684,-1.084336,26.7575,235.725,-43.6625
1591,294960,0.662216,-0.48068,-0.8127641,16.9925,260.225,-63.8925
1592,295056,0.5380199999999999,-0.49727200000000005,-0.6375721,11.69,313.845,-83.30001
1593,295152,1.510116,-0.46116,-1.479372,21.455,369.4775,-98.595
1594,295248,1.7355720000000001,-0.213988,-1.224636,77.9975,416.6225,-101.0625
1595,295344,1.737768,-0.48678,-1.401292,152.355,450.3275,-97.79
1596,295441,2.3380080000000003,-0.696132,-1.518656,184.8525,448.7525,-110.775
1597,295537,3.311812,-0.72346,-1.475956,241.85,437.1675,-120.3475
1598,295633,2.77916,-0.6736840000000001,-1.7951080000000001,285.495,405.475,-115.78
1599,295729,1.537444,-0.6502600000000001,-1.5464719999999998,292.8975,327.7575,-109.305
1600,295826,0.9474520000000001,-1.2587959999999998,-2.672776,277.1825,217.2625,-127.295
1601,295922,1.820972,-2.0093400000000003,-2.588596,217.0875,112.9275,-130.2175
1602,296018,0.489708,-2.021296,-1.9541959999999998,128.73,28.105,-109.025
1603,296114,-0.187148,-1.594296,-1.387384,51.1175,-35.665,-71.1725
1604,296211,-0.11467999999999999,-1.10776,-1.2505,16.2225,-41.5975,-24.815
1605,296307,0.09272000000000001,-0.8100801,-1.247816,18.515,-54.6,30.17
1606,296403,0.276452,-0.650992,-1.241472,33.355,-79.065,85.68
1607,296499,0.315736,-0.5077640999999999,-1.143872,39.3225,-112.2975,129.675
1608,296595,0.30402399999999996,-0.268888,-1.0086959999999998,29.7325,-143.4125,155.435
1609,296692,0.30256,0.0122,-0.9406200000000001,11.2175,-167.265,161.945
1610,296788,0.393328,0.418216,-0.9555040000000001,-5.425,-185.885,151.2875
1611,296884,0.529968,0.737124,-0.9916161,-1.9775,-206.1675,132.72
1612,296980,0.626836,0.838628,-0.9730721,24.29,-231.28,114.1
1613,297077,0.718824,0.748836,-0.9286639999999999,57.925,-256.025,97.545
1614,297173,0.8149601,0.614636,-0.8913321,80.97251,-277.13,83.2825
1615,297269,0.8842561,0.555588,-0.8666879999999999,88.62,-294.035,71.9425
1616,297365,0.913536,0.546072,-0.7883640000000001,88.6375,-306.1975,63.7525
1617,297462,0.9967401,0.55266,-0.774944,88.865,-313.145,56.945
1618,297558,1.079212,0.513376,-0.75884,92.505,-318.1675,51.205
1619,297654,1.14802,0.370636,-0.7556681,96.84501,-322.7875,47.0575
1620,297750,1.205848,0.226188,-0.775676,94.57,-326.2,44.7125
1621,297847,1.274656,0.141764,-0.8235001000000001,83.615,-328.545,44.45
1622,297943,1.325408,0.14469200000000002,-0.8666879999999999,71.0675,-330.9425,46.69
1623,298039,1.371768,0.24570799999999998,-0.921344,63.0875,-332.99,51.2575
1624,298135,1.41764,0.393572,-0.968924,66.22,-335.4925,56.245
1625,298232,1.3978760000000001,0.50142,-0.9903959999999999,78.1375,-339.29,56.6825
1626,298328,1.407148,0.6021920000000001,-1.0169920000000001,93.4675,-342.615,46.3925
1627,298424,1.4269120000000002,0.711016,-1.036756,108.4125,-345.3625,23.8875
1628,298520,1.456436,0.7556681,-1.01504,121.94,-347.375,-8.4
1629,298616,1.555744,0.7415161,-0.9906401,133.7175,-346.22,-48.3175
1630,298713,1.736548,0.8466800999999999,-1.031876,143.3775,-340.2875,-89.7575
1631,298809,2.0008,1.050664,-1.117276,162.3475,-331.1175,-123.83
1632,298905,2.162328,1.0462719999999999,-1.080676,197.5575,-326.76,-148.4875
1633,299001,2.319464,0.9589200999999999,-0.989176,230.4225,-323.19,-169.365
1634,299098,2.4278,0.9354959999999999,-0.8422879999999999,244.9475,-318.99,-190.12
1635,299194,2.261392,1.011868,-0.57218,246.995,-313.3375,-211.8375
1636,299290,1.998116,1.272948,-0.20178800000000002,240.73,-297.57,-234.9375
1637,299386,1.7870560000000002,1.452288,0.18104800000000001,240.1,-265.72,-251.37
1638,299482,1.821704,1.249768,0.46042799999999995,241.605,-222.1975,-258.1775
1639,299579,1.9417520000000001,1.1951120000000002,0.6182960999999999,222.4775,-178.465,-259.4725
1640,299675,2.008852,1.2688,0.799588,196.1925,-138.2675,-258.5275
1641,299771,1.981524,1.0521280000000002,0.9318360000000001,181.965,-101.2725,-252.2625
1642,299867,1.6560279999999998,-0.8676640999999999,1.26636,143.9025,-50.4175,-252.98
1643,299964,2.04472,-0.334036,1.226588,-60.9525,40.3725,-311.185
1644,300060,2.605432,0.017568,-1.047004,-220.3425,86.32751,-355.845
1645,300156,1.0208959999999998,-5.496588,-1.789984,-155.1375,57.4175,-281.1375
1646,300252,-0.4575,-2.05692,0.267912,-331.8525,55.125,-218.5925
1647,300348,1.432524,3.254228,-2.079124,-374.255,120.3125,-163.4675
1648,300445,1.946632,2.2057599999999997,-1.5018200000000002,-241.4825,119.4375,-103.495
1649,300541,0.020252000000000003,0.10394400000000001,-1.016748,-194.2325,76.1425,-104.23
1650,300637,2.079612,1.054568,-2.510516,-185.01,80.4475,-84.175
1651,300733,0.467016,0.5607121,-0.697108,-132.1075,43.645,-71.155
1652,300829,1.184376,-0.155428,-0.8371639999999999,-66.99,27.3175,-54.95
1653,300926,0.8332601000000001,0.134444,-1.207068,-47.075,23.8175,-37.765
1654,301022,0.9628241,-0.067832,-0.9486720999999999,-19.705,20.79,-24.4825
1655,301118,0.6653880999999999,-0.042944,-0.800808,-25.06,17.535,-21.5075
1656,301214,0.612196,-0.161772,-0.8030041,-17.2025,18.6725,-17.815
1657,301311,0.671244,-0.07588400000000001,-0.8049561,-15.3125,19.0225,-16.1875
1658,301407,0.627568,-0.0854,-0.820084,-13.055,18.655,-13.405
1659,301503,0.6785640000000001,-0.08369201,-0.7849480999999999,-10.36,19.11,-10.815
1660,301599,0.648796,-0.06344,-0.780068,-5.9675,17.29,-7.875
1661,301695,0.627812,-0.07881200000000001,-0.7993439999999999,-3.2025,15.9075,-6.1425
1662,301792,0.6326921,-0.06466001,-0.79178,-0.1575,15.925,-3.7275
1663,301888,0.6224441,-0.11541199999999999,-0.7832399999999999,2.66,16.555,-1.61
1664,301984,0.634156,-0.10614000000000001,-0.7822640000000001,4.4275,17.325,-0.9275
1665,302080,0.6344,-0.13859200000000002,-0.7700640999999999,6.0375,17.535,-0.98
1666,302177,0.635864,-0.119072,-0.773724,6.8425,17.5,-1.68
1667,302273,0.6527,-0.129564,-0.7500560000000001,9.0125,17.1325,-1.96
1668,302369,0.650992,-0.13785999999999998,-0.7376119999999999,10.08,16.4675,-1.7325
1669,302465,0.64294,-0.142252,-0.748836,10.0975,15.785,-1.155
1670,302562,0.6480640000000001,-0.10516400000000001,-0.7427361,9.555,15.9775,-0.4725
1671,302658,0.61732,-0.10906800000000001,-0.76982,10.43,16.275,1.1375
1672,302754,0.610488,-0.191052,-0.772992,12.6175,18.48,1.715
1673,302850,0.6109760000000001,-0.183,-0.768112,11.9,22.2425,-1.435
1674,302947,0.6168319999999999,-0.197884,-0.7503,10.5175,25.935,-6.0375
1675,303043,0.6075600999999999,-0.149816,-0.7666480999999999,12.6175,28.6825,-10.43
1676,303139,0.613904,-0.099552,-0.755424,16.695,31.99,-14.7875
1677,303235,0.630008,-0.088328,-0.748836,25.41,34.5975,-18.935
1678,303332,0.640256,-0.114924,-0.749324,35.3325,36.75,-24.5525
1679,303428,0.610244,-0.148596,-0.7427361,47.4775,38.1675,-32.27
1680,303524,0.601704,-0.21618400000000002,-0.74054,63.525,40.1975,-44.0825
1681,303620,0.640012,-0.204716,-0.7324881,83.615,42.4725,-61.145
1682,303717,0.626836,-0.260592,-0.709064,106.2075,43.96,-81.445
1683,303813,0.661972,-0.25790799999999997,-0.6973520000000001,129.1325,44.59,-103.18
1684,303909,0.6749041,-0.29743600000000003,-0.658068,151.3925,41.475,-124.6
1685,304005,0.714676,-0.267912,-0.6258600000000001,171.2725,36.19,-146.2125
1686,304102,0.753228,-0.234972,-0.5980439999999999,188.79,29.4175,-163.4675
1687,304198,0.79056,-0.180804,-0.5838920999999999,202.79,20.3525,-174.825
1688,304294,0.8437520000000001,-0.118096,-0.5702281,212.45,11.0425,-179.6375
1689,304390,0.8579041,-0.060267999999999995,-0.584868,221.8125,-0.07,-175.6125
1690,304487,0.8335040000000001,-0.07393200000000001,-0.541192,229.355,-12.9325,-165.48
1691,304583,0.8215481,-0.16909200000000002,-0.5604680000000001,224.4725,-24.4125,-157.325
1692,304679,0.8371639999999999,-0.10418800000000002,-0.5502199999999999,206.0275,-30.345,-147.9625
1693,304775,0.8066641,-0.19983599999999999,-0.5192319999999999,184.9225,-34.4225,-135.2575
1694,304871,0.8105680000000001,-0.16348,-0.58194,154.1225,-33.6875,-125.02
1695,304968,0.7822640000000001,-0.168604,-0.58682,131.5125,-31.3775,-114.94
1696,305064,0.777872,-0.167628,-0.6019479999999999,117.81,-27.5275,-106.8375
1697,305160,0.7549359999999999,-0.197884,-0.6280560000000001,110.32,-22.295,-101.465
1698,305256,0.743712,-0.19739600000000002,-0.6304960000000001,106.2075,-16.17,-99.1375
1699,305353,0.736392,-0.148596,-0.646844,104.9125,-8.2425,-97.4925
1700,305449,0.7178479999999999,-0.16958,-0.681248,106.645,0.105,-95.9525
1701,305545,0.703696,-0.144204,-0.699792,108.5525,10.3775,-94.74501
1702,305641,0.69662,-0.094672,-0.7190681,110.0575,22.715,-90.49251
1703,305737,0.6902761,-0.08662001,-0.745908,115.0975,34.755,-83.93001
1704,305834,0.700036,-0.027327999999999998,-0.74542,125.8425,48.4925,-74.6025
1705,305930,0.695156,-0.027572000000000003,-0.7503,143.08,62.3525,-62.93
1706,306026,0.6946681,-0.122,-0.701012,154.28,77.3675,-49.42
1707,306122,0.6763680000000001,-0.196176,-0.62708,152.5125,96.88,-38.6225
1708,306219,0.6405,-0.19764,-0.7951961,121.4325,120.5925,-33.9675
1709,306315,0.669292,-0.18446400000000002,-0.696132,96.3725,144.7425,-32.1125
1710,306411,0.71614,-0.14566800000000002,-0.7686,87.115,180.5475,-24.78
1711,306507,0.737124,-0.08174001,-0.8959681,85.76751,223.5625,-19.7925
1712,306604,0.924516,-0.15274400000000002,-0.9052401,102.83,270.8125,-13.6675
1713,306700,1.1568040000000002,-0.125172,-1.352004,143.6225,337.925,4.2875
1714,306796,0.9242720999999999,-0.029524,-1.010648,172.9,379.7325,23.8525
1715,306892,1.698484,-0.393816,-1.263188,196.805,403.445,58.695
1716,306988,1.98616,-0.431148,-1.307352,222.705,424.9875,69.2825
1717,307085,1.785836,-0.136884,-1.245132,223.9475,416.7625,52.4475
1718,307181,2.8652919999999997,-0.49898000000000003,-0.993812,264.25,377.3875,47.6525
1719,307277,2.672776,-0.34111199999999997,-1.410808,365.2425,392.805,54.005
1720,307373,1.61162,-0.190564,-1.6513919999999997,417.7075,353.605,53.585
1721,307470,0.77104,-0.8669319999999999,-1.940532,419.6675,231.595,40.565
1722,307566,1.898564,-1.117276,-2.822836,350.9275,68.565,-21.3675
1723,307662,1.29808,-1.028704,-3.136132,221.795,-88.53251,-94.23751
1724,307758,-0.10418800000000002,-0.47067600000000004,-1.79584,149.2925,-224.5075,-126.4375
1725,307855,-0.17202,-0.36478,-1.44326,140.91,-251.195,-125.9825
1726,307951,-0.029524,-0.323544,-1.276608,153.2475,-254.9925,-110.915
1727,308047,0.233752,-0.449692,-1.2688,167.44,-263.0075,-83.475
1728,308143,0.48165600000000003,-0.57096,-1.304668,163.45,-282.8875,-51.8525
1729,308240,0.5602239999999999,-0.6304960000000001,-1.249768,140.9625,-313.53,-22.645
1730,308336,0.559248,-0.508984,-1.114104,104.8775,-341.3725,0.07
1731,308432,0.5934081,-0.29597199999999996,-1.000888,71.505,-357.805,19.25
1732,308528,0.61,-0.05929201,-0.8640040000000001,53.0075,-366.765,39.025
1733,308624,0.643428,0.123464,-0.771528,50.1725,-367.71,60.5325
1734,308721,0.67588,0.223748,-0.7088201,55.6675,-361.48,80.5525
1735,308817,0.783972,0.269376,-0.7510321,64.2075,-350.3325,96.93251
1736,308913,0.921344,0.24034,-0.8335040000000001,69.5625,-339.99,107.8875
1737,309009,1.0492,0.21228000000000002,-0.9125601000000001,64.9425,-333.4275,109.235
1738,309106,1.152168,0.22277199999999997,-0.9772200999999999,52.29,-331.345,99.6275
1739,309202,1.248792,0.29768,-1.013576,39.69,-332.5175,82.8625
1740,309298,1.2817319999999999,0.339404,-1.013332,34.6675,-334.8275,65.24
1741,309394,1.3005200000000001,0.319152,-0.9967401,37.4325,-334.88,49.9625
1742,309490,1.319308,0.261812,-0.9884440000000001,43.1025,-330.5925,37.8875
1743,309587,1.295152,0.1891,-0.9572120999999999,45.4825,-323.015,27.3525
1744,309683,1.22366,0.11394800000000001,-0.91012,40.4775,-311.0625,16.0125
1745,309779,1.2073120000000002,0.115168,-0.904752,32.1475,-292.5125,2.38
1746,309875,1.2993,0.096868,-0.892308,26.145,-268.835,-10.1325
1747,309972,1.4783959999999998,0.039528,-0.9630681000000001,21.7525,-245.9275,-19.5125
1748,310068,2.002508,-0.039772,-1.23464,19.6,-227.325,-23.03
1749,310164,2.5925,-0.19959200000000002,-1.3773799999999998,21.035,-227.115,-15.575
1750,310260,2.645204,-0.206668,-0.966484,13.44,-249.41,1.12
1751,310357,2.302628,-0.306952,-0.269376,-14.0525,-266.91,11.0075
1752,310453,2.1779439999999997,-0.203496,0.410652,-54.1275,-253.8025,7.8925
1753,310549,2.3607,0.015372,0.7237041,-85.83751,-219.345,0.035
1754,310645,2.584936,0.15006,0.801296,-90.9475,-183.1725,4.27
1755,310741,2.48758,0.219356,0.9791719999999999,-79.4675,-156.0825,23.135
1756,310838,2.067168,0.286456,1.534516,-69.9475,-124.6875,40.8975
1757,310934,1.6091799999999998,0.530212,2.053748,-83.73751,-57.225,34.545
1758,311030,2.044232,0.9296399999999999,1.833416,-92.33001,25.5675,4.06
1759,311126,2.594696,1.160708,1.836832,-77.84,98.7,-34.3175
1760,311223,2.799168,0.7722600000000001,2.34606,-38.1325,166.565,-71.9775
1761,311319,2.689368,0.374052,-2.498072,1.1025,227.045,-79.59000999999999
1762,311415,2.6754599999999997,-0.294752,-3.2061599999999997,38.92,190.8725,-52.3425
1763,311511,0.8459479999999999,-0.140544,-0.609024,46.4625,112.1575,-35.8925
1764,311607,0.448716,0.1586,-0.7893399999999999,28.735,117.39,-39.06
1765,311704,0.381616,-0.142252,-0.762744,49.0525,127.4525,-19.0575
1766,311800,0.561688,-0.1586,-0.529724,48.265,123.41,-28.3325
1767,311896,0.812032,-0.37990799999999997,-0.759084,47.39,125.8775,-38.395
1768,311992,2.644716,-2.0764400000000003,-1.6682279999999998,26.705,122.1325,-30.1525
1769,312089,0.953308,0.065148,-0.769332,-56.28,74.865,-22.8725
1770,312185,0.68808,0.47165200000000007,-1.130452,-52.3775,61.5825,-20.0025
1771,312281,1.110932,-0.328424,-1.000156,-34.1425,53.935,-17.115
1772,312377,0.5665680000000001,-0.10052799999999999,-0.9433041,-28.1225,39.34,-9.8525
1773,312473,0.7820199999999999,-0.35233600000000004,-0.83204,-17.7625,36.225,-9.3975
1774,312570,0.665876,-0.203008,-0.879376,-12.3375,31.9725,-8.995
1775,312666,0.822524,-0.054167999999999994,-0.919636,-6.8775,28.7875,-7.035
1776,312762,0.598532,-0.21594000000000002,-0.826672,3.605,23.0825,-3.395
1777,312858,0.643672,-0.181536,-0.831308,6.72,23.9925,-1.4525
1778,312955,0.59658,-0.21447600000000003,-0.8071520000000001,9.5725,23.695,-2.03
1779,313051,0.60512,-0.239852,-0.798124,10.465,24.8325,-3.7275
1780,313147,0.66246,-0.146156,-0.8247200000000001,10.29,26.53,-4.48
1781,313243,0.614636,-0.18446400000000002,-0.763232,13.7025,25.6725,-2.1175
1782,313340,0.643428,-0.17397200000000002,-0.780556,13.4575,27.0725,-0.9275
1783,313436,0.630252,-0.1891,-0.7849480999999999,14.175,29.0675,0.8925
1784,313532,0.653188,-0.160552,-0.7881199999999999,15.295,31.5875,2.31
1785,313628,0.6563601,-0.173728,-0.771528,17.85,34.125,3.185
1786,313724,0.649528,-0.145424,-0.767868,19.495,35.665,5.0575
1787,313821,0.6258600000000001,-0.121268,-0.7854361,24.2375,37.345,7.3325
1788,313917,0.604144,-0.19154000000000002,-0.75884,31.9025,38.99,8.12
1789,314013,0.6141479999999999,-0.191296,-0.744688,33.8625,40.705,6.2125
1790,314109,0.6068279999999999,-0.22082,-0.730292,34.055,43.3125,4.1125
1791,314206,0.568276,-0.355752,-0.677588,30.905,46.9525,2.6775
1792,314302,0.671488,-0.19642,-0.7442,19.0925,53.4975,0.9975
1793,314398,0.621468,-0.32818,-0.671244,21.2275,54.95,1.1025
1794,314494,0.6834439999999999,-0.27694,-0.684908,18.0075,56.0525,-1.1025
1795,314591,0.6856399999999999,-0.310856,-0.659532,16.52,54.915,-3.185
1796,314687,0.6795401,-0.28987199999999996,-0.6405,14.07,52.885,-5.1975
1797,314783,0.7044279999999999,-0.30036399999999996,-0.618052,11.025,50.33,-8.54
1798,314879,0.7881199999999999,-0.229116,-0.6182960999999999,7.91,47.5475,-11.1475
1799,314975,0.725168,-0.302804,-0.6117081,6.72,43.715,-14.1925
1800,315072,0.69906,-0.27205999999999997,-0.604876,-0.735,42.6125,-18.34
1801,315168,0.690764,-0.333304,-0.5978,-4.9525,40.7925,-23.1175
1802,315264,0.686372,-0.313052,-0.630984,-10.78,40.7225,-30.275
1803,315360,0.772748,-0.285968,-0.656848,-13.37,41.825,-38.22
1804,315457,0.7056479999999999,-0.27889200000000003,-0.636108,-11.9,42.385,-44.52
1805,315553,0.777872,-0.13639600000000002,-0.6375721,-9.1,44.065,-47.145
1806,315649,0.7329760000000001,-0.110776,-0.6517241,-1.82,47.075,-44.6075
1807,315745,0.716384,-0.10004,-0.647332,5.67,51.45,-38.6925
1808,315842,0.732244,-0.134932,-0.623664,7.4025,58.5375,-33.25
1809,315938,0.74664,-0.104432,-0.641232,7.2625,65.17,-29.925
1810,316034,0.7476161,-0.182024,-0.639768,8.1375,72.8525,-26.985
1811,316130,0.728096,-0.21081599999999998,-0.625372,9.0825,79.9925,-25.935
1812,316227,0.708088,-0.170312,-0.6466,7.6125,89.72251,-26.495
1813,316323,0.721508,-0.10809200000000001,-0.658556,5.2675,98.2625,-24.465
1814,316419,0.7034521,-0.122976,-0.665632,4.9,107.975,-20.3875
1815,316515,0.696132,-0.16909200000000002,-0.646844,4.935,126.1925,-14.5075
1816,316612,0.70638,-0.200812,-0.677588,3.71,149.0125,-11.3225
1817,316708,0.543876,-0.206668,-0.687348,1.96,164.745,-13.44
1818,316804,0.8757159999999999,-0.209596,-0.7722600000000001,-10.605,186.585,-20.5275
1819,316900,0.502152,-0.255712,-0.645868,-12.04,221.1475,-24.92
1820,316997,1.203164,-0.299388,-0.780556,-19.9325,266.8225,-29.645
1821,317093,0.915732,-0.169824,-0.8127641,-7.0175,334.04,-27.79
1822,317189,0.5429,-0.10248,-1.0248,-23.905,410.4275,-5.635
1823,317285,1.2153639999999999,-0.189832,-1.585512,-19.11,453.11,13.755
1824,317382,1.5603799999999999,-0.559004,-0.7329760000000001,36.89,473.2525,20.5275
1825,317478,1.9241840000000001,-0.26474000000000003,-1.0882399999999999,52.745,514.9724,-2.205
1826,317574,2.095716,-0.270108,-1.35176,60.06,520.9575,-21.7175
1827,317670,2.190632,-0.407968,-1.02724,97.86,481.25,-32.865
1828,317767,3.975248,-1.015284,-1.428376,172.5675,449.435,-44.1875
1829,317863,3.6712239999999996,-0.8669319999999999,-2.0059240000000003,271.075,479.955,-13.4225
1830,317959,2.24724,-0.7671359999999999,-2.656916,294.7175,465.2725,-4.0775
1831,318055,1.0826280000000001,-1.3327280000000001,-1.891488,238.315,280.42,-37.0125
1832,318151,3.7881,-1.8858759999999999,-3.6748839999999996,166.39,119.945,-59.185
1833,318248,1.8465919999999998,-1.7216639999999999,-2.689612,70.2975,-45.185,-50.4875
1834,318344,0.628544,-1.209264,-1.7397200000000002,-9.415,-192.185,-54.7225
1835,318440,0.273036,-0.7944641,-1.367864,-57.05,-224.21,-67.8475
1836,318536,0.10614000000000001,-0.505324,-1.0260200000000002,-68.775,-241.1325,-80.2725
1837,318633,0.22106399999999998,-0.47482399999999997,-0.9530641,-55.8775,-245.6125,-80.5525
1838,318729,0.369172,-0.5321640000000001,-0.8791321,-35.91,-254.7825,-70.91001
1839,318825,0.45628,-0.659044,-0.8127641,-21.875,-270.445,-57.505
1840,318921,0.53192,-0.76372,-0.748836,-19.6875,-288.82,-44.905
1841,319018,0.597312,-0.769088,-0.687592,-26.8625,-308.14,-34.3175
1842,319114,0.61366,-0.753472,-0.619028,-36.2425,-326.515,-24.465
1843,319210,0.6182960999999999,-0.68808,-0.533872,-44.765,-340.6725,-14.595
1844,319306,0.62464,-0.6292760000000001,-0.46335600000000005,-48.02,-349.58,-4.4275
1845,319402,0.662704,-0.568032,-0.416264,-45.1675,-353.8675,7.2275
1846,319499,0.7198,-0.5443640000000001,-0.395524,-37.275,-354.62,20.7725
1847,319595,0.8044680999999999,-0.548512,-0.40748,-26.6875,-352.7125,35.21
1848,319691,0.8725440999999999,-0.547536,-0.42114399999999996,-16.5025,-350.4025,49.455
1849,319787,0.9557479999999999,-0.547048,-0.457988,-6.58,-346.78,62.8775
1850,319884,1.035536,-0.5546121,-0.471896,3.36,-342.37,74.4975
1851,319980,1.1629040000000002,-0.57218,-0.5072760000000001,13.1775,-338.1875,83.825
1852,320076,1.270996,-0.568764,-0.537044,22.5575,-333.8125,92.05001
1853,320172,1.323944,-0.5724239999999999,-0.549488,31.045,-327.9675,100.8175
1854,320268,1.277096,-0.571692,-0.5397281,35.5425,-319.725,109.5325
1855,320365,1.24928,-0.542168,-0.6219561,37.59,-305.9,113.855
1856,320461,1.39812,-0.5170359999999999,-0.811056,41.265,-287.4725,116.165
1857,320557,1.764852,-0.532896,-1.090192,51.835,-273.1925,121.0825
1858,320653,2.1896560000000003,-0.684664,-1.3510280000000001,65.065,-272.0725,131.2325
1859,320750,2.529548,-0.8015399999999999,-1.49328,69.7725,-286.2475,143.5525
1860,320846,2.683512,-0.783972,-1.477908,62.055,-310.31,155.3475
1861,320942,2.608116,-0.584136,-1.2900280000000002,50.925,-334.8625,166.6175
1862,321038,2.4644,-0.186904,-1.088484,47.1975,-348.355,179.865
1863,321135,2.42536,-0.07246799999999999,-0.8796200000000001,59.605,-346.2375,195.09
1864,321231,2.505636,-0.192272,-0.524356,59.78,-326.235,196.9275
1865,321327,2.8250319999999998,0.074664,-0.42431599999999997,25.795,-305.9175,176.54
1866,321423,2.966552,0.21716,0.012688,19.81,-294.5075,167.965
1867,321520,2.764764,0.57218,1.101416,13.02,-276.605,144.7075
1868,321616,2.886764,1.257332,1.9124720000000002,12.18,-238.0525,98.805
1869,321712,2.9941240000000002,1.856108,2.462936,44.2925,-181.545,41.195
1870,321808,2.77672,1.430572,2.57908,100.94,-111.2825,-1.89
1871,321904,2.459276,0.406016,2.167452,105.28,-32.6725,-41.4925
1872,322001,1.915644,-0.2196,1.253916,28.6825,39.2,-93.9925
1873,322097,1.614792,-1.31028,1.7821759999999998,-108.395,135.3275,-162.365
1874,322193,0.912316,0.9032879999999999,2.0813200000000003,-306.1975,235.55,-260.3125
1875,322289,1.1892559999999999,1.8160919999999998,-2.7835520000000002,-322.735,324.87,-275.4675
1876,322386,2.462936,1.3705479999999999,-2.99022,-98.1225,340.27,-113.2425
1877,322482,3.1268599999999998,0.8613200000000001,-1.22244,38.64,308.7,-28.5425
1878,322578,3.610956,1.54208,-2.550776,-22.54,269.0625,-72.59
1879,322674,2.1291439999999997,0.305732,-1.520608,21.035,179.095,-62.86
1880,322771,0.251076,-0.610244,-0.537532,18.935,126.175,-62.7725
1881,322867,-0.19764,-0.8466800999999999,-0.489708,20.125,136.045,-50.8025
1882,322963,2.780136,-2.054968,-1.3388280000000001,-22.5925,148.4,-47.0575
1883,323059,1.489376,0.7854361,-1.143628,-106.855,86.04751,-52.325
1884,323156,1.134356,0.520208,-1.402268,-86.29251,51.555,-51.4675
1885,323252,0.5309441,-0.7259001,-0.6573359999999999,-54.5125,28.175,-35.5075
1886,323348,0.708088,-0.136152,-1.0182120000000001,-54.075,31.815,-30.66
1887,323444,0.9591639999999999,-0.120048,-0.9032879999999999,-47.32,26.495,-29.0325
1888,323540,0.509228,-0.196176,-0.879864,-27.7725,14.035,-22.9425
1889,323637,0.684908,0.034892,-0.8954801,-21.175,18.4275,-18.0425
1890,323733,0.6168319999999999,-0.189832,-0.845216,-8.295,17.745,-11.9175
1891,323829,0.674172,-0.0366,-0.835456,-2.8525,16.52,-10.8325
1892,323925,0.599264,-0.135908,-0.8371639999999999,1.925,16.59,-7.875
1893,324022,0.6021920000000001,-0.09247601,-0.831308,4.48,18.06,-5.7925
1894,324118,0.626104,-0.116876,-0.8091041,6.8775,19.25,-5.1625
1895,324214,0.6348881,-0.10760399999999999,-0.797392,9.8525,19.04,-4.2875
1896,324310,0.650016,-0.12932000000000002,-0.7766521,12.3025,18.235,-3.29
1897,324406,0.633668,-0.10052799999999999,-0.7890961,13.93,17.4825,-1.6975
1898,324503,0.610244,-0.124928,-0.78446,14.91,18.095,0.35
1899,324599,0.5873079999999999,-0.16689600000000002,-0.780068,14.8225,19.25,0.1225
1900,324695,0.593896,-0.137128,-0.800808,12.635,22.4,-1.295
1901,324791,0.5978,-0.169824,-0.7834840000000001,12.005,25.9175,-1.575
1902,324888,0.620492,-0.156648,-0.7712840999999999,13.7025,27.1075,-2.24
1903,324984,0.6131721,-0.185928,-0.763232,19.985,27.1425,-4.62
1904,325080,0.612196,-0.162504,-0.76982,22.82,29.05,-5.5825
1905,325176,0.5663239999999999,-0.19764,-0.7605481,15.12,33.81,-6.2125
1906,325273,0.634644,-0.186416,-0.734684,6.5625,40.4775,-7.2625
1907,325369,0.6612401,-0.13761600000000002,-0.7327321,7.595,41.9125,-7.595
1908,325465,0.653188,-0.18251199999999998,-0.719312,6.4575,43.225,-7.7525
1909,325561,0.6653880999999999,-0.172996,-0.705404,6.3875,43.68,-8.225
1910,325658,0.671488,-0.190076,-0.699548,7.595,42.98,-9.5725
1911,325754,0.676612,-0.179584,-0.6956439999999999,7.91,41.51,-11.5675
1912,325850,0.681248,-0.182756,-0.69784,7.105,39.935,-13.93
1913,325946,0.685884,-0.18470799999999998,-0.683932,5.8625,38.0975,-16.1
1914,326042,0.693692,-0.159088,-0.6707561,5.285,36.3825,-17.5
1915,326139,0.6902761,-0.141032,-0.681736,6.3875,35.42,-17.185
1916,326235,0.685884,-0.17128800000000002,-0.690764,8.82,34.9825,-16.94
1917,326331,0.68198,-0.149328,-0.7056479999999999,10.85,36.155,-17.0275
1918,326427,0.69052,-0.146644,-0.7056479999999999,12.6525,38.955,-17.325
1919,326524,0.677344,-0.168848,-0.686372,14.49,42.2275,-18.1125
1920,326620,0.6771,-0.155916,-0.7105279999999999,15.925,47.075,-18.025
1921,326716,0.6985720999999999,-0.136152,-0.7088201,16.9575,52.64,-18.0425
1922,326812,0.680028,-0.150792,-0.6980841,18.4625,58.8,-18.445
1923,326909,0.705892,-0.16226,-0.685396,19.7225,65.205,-18.6025
1924,327005,0.69784,-0.13639600000000002,-0.681248,18.6725,71.68,-17.1675
1925,327101,0.7088201,-0.128588,-0.6856399999999999,17.0975,78.55751,-14.9975
1926,327197,0.679784,-0.149084,-0.7056479999999999,15.5225,87.15,-12.04
1927,327293,0.677832,-0.14493599999999998,-0.730292,13.545,98.77,-11.2525
1928,327390,0.6722199999999999,-0.125416,-0.72224,12.775,114.0825,-11.655
1929,327486,0.633668,-0.157136,-0.696864,11.305,129.045,-14.105
1930,327582,0.5926760999999999,-0.226188,-0.671732,13.51,145.74,-16.1875
1931,327678,0.550952,-0.239608,-0.650016,15.82,172.06,-17.3775
1932,327775,0.6317159999999999,-0.19959200000000002,-0.824232,16.24,203.105,-19.5825
1933,327871,0.6019479999999999,-0.262544,-0.670512,-0.035,215.7925,-32.2525
1934,327967,0.562664,-0.264252,-0.720532,-15.47,253.505,-44.31
1935,328063,0.9630681000000001,-0.309148,-0.8188641,-26.25,295.89,-51.485
1936,328160,1.354444,-0.31158800000000003,-0.7442,-21.105,359.0475,-56.875
1937,328256,1.005524,-0.12395199999999999,-1.3590799999999998,-25.5325,443.6075,-45.745
1938,328352,1.410808,-0.21106,-1.09922,-4.4275,473.865,-24.64
1939,328448,1.8463479999999999,-0.335256,-0.8845,55.44,501.0775,-19.1275
1940,328545,1.7714400000000001,-0.451888,-1.343708,72.345,548.205,-37.87
1941,328641,2.379732,-0.572912,-1.636508,75.5825,540.5225,-66.4825
1942,328737,3.5177480000000005,-0.889868,-1.173152,106.715,508.4975,-93.2225
1943,328833,3.8381199999999995,-0.7929999999999999,-2.100108,201.355,527.0825,-56.5075
1944,328930,2.489044,-0.8552200000000001,-2.4805040000000003,263.655,514.22,-27.8075
1945,329026,1.214632,-1.504992,-2.697908,216.7375,379.68,-37.975
1946,329122,4.038444,-2.679852,-3.317424,162.1375,161.14,-49.175
1947,329218,2.3245880000000003,-2.094008,-3.3977,32.6725,-14.3325,-21.0
1948,329314,0.45579200000000003,-1.206336,-1.7929119999999998,-58.345,-203.28,-7.77
1949,329411,-0.04148,-0.547048,-1.3139399999999999,-86.22251,-221.83,-2.8875
1950,329507,-0.169336,-0.145424,-0.967216,-64.4875,-224.875,-0.1925
1951,329603,0.118584,-0.28181999999999996,-0.96624,-17.57,-215.8625,15.365
1952,329699,0.462624,-0.558272,-1.029192,15.96,-222.8975,34.4575
1953,329796,0.633912,-0.768356,-1.02846,16.66,-250.32,47.4425
1954,329892,0.677832,-0.7598161,-0.9372040999999999,-11.1475,-284.3225,52.5875
1955,329988,0.609268,-0.560956,-0.7659161,-45.08,-315.8925,51.38
1956,330084,0.525088,-0.380152,-0.6229319999999999,-65.22251,-338.24,48.2125
1957,330181,0.52094,-0.21618400000000002,-0.5206960999999999,-69.195,-348.81,44.555
1958,330277,0.569984,-0.15006,-0.444568,-58.8,-353.675,42.3325
1959,330373,0.612196,-0.140544,-0.423096,-41.545,-356.7025,42.6475
1960,330469,0.669048,-0.21301199999999998,-0.411384,-25.06,-355.5475,44.3275
1961,330566,0.708332,-0.260348,-0.409188,-15.785,-352.9575,44.3625
1962,330662,0.779824,-0.285724,-0.43651599999999996,-10.64,-347.9875,43.82
1963,330758,0.8666879999999999,-0.245464,-0.47165200000000007,-4.1125,-341.635,43.855
1964,330854,0.9567241,-0.248392,-0.5011760000000001,7.0875,-334.5825,46.9875
1965,330950,1.109224,-0.280356,-0.569984,21.42,-328.02,52.675
1966,331047,1.199016,-0.401136,-0.571692,33.3375,-322.035,60.8825
1967,331143,1.1960879999999998,-0.41504399999999997,-0.599996,36.1025,-314.4225,69.895
1968,331239,1.170224,-0.46945600000000004,-0.6283,34.02,-303.765,76.4925
1969,331335,1.25294,-0.533384,-0.735416,29.4175,-289.905,79.5025
1970,331432,1.520852,-0.5980439999999999,-0.9286639999999999,25.025,-276.29,81.90001
1971,331528,1.8666,-0.71004,-1.123132,23.73,-271.1625,88.725
1972,331624,2.153788,-0.8657120999999999,-1.239032,21.3325,-277.515,101.01
1973,331720,2.369484,-0.9540401,-1.259528,12.74,-290.6575,116.4625
1974,331816,2.490264,-1.0079639999999999,-1.168272,1.0325,-306.1275,133.1225
1975,331913,2.541016,-0.9706319999999999,-0.99918,-12.7225,-319.06,150.57
1976,332009,2.547604,-0.597068,-0.8613200000000001,-25.2525,-323.575,171.0975
1977,332105,2.573224,-0.392596,-0.681492,-21.105,-318.325,196.35
1978,332201,2.5922560000000003,-0.453108,-0.257664,-17.9025,-298.6725,209.8425
1979,332298,2.89506,-0.037332,-0.094916,-44.24,-274.575,197.8025
1980,332394,2.887984,0.348188,0.18422,-38.1325,-263.41,196.105
1981,332490,2.4038880000000002,0.6380600000000001,1.104588,-5.7575,-245.1575,188.86
1982,332586,2.3977880000000003,0.954528,1.789496,34.8075,-197.2425,153.44
1983,332683,2.865048,1.2141440000000001,1.987868,76.44001,-137.6725,95.09501
1984,332779,2.9819240000000002,1.0145520000000001,1.967128,111.2125,-87.6225,39.6025
1985,332875,2.30946,0.29792399999999997,1.939068,104.16,-41.6675,-9.59
1986,332971,1.74948,-0.38674000000000003,2.1777,12.355,44.87,-79.4675
1987,333067,2.276764,0.179584,2.366068,-136.3425,153.2475,-179.725
1988,333164,1.700436,1.641876,1.02968,-234.5175,243.5825,-271.67
1989,333260,1.9305279999999998,0.776408,-3.321328,-157.1675,294.7175,-257.5125
1990,333356,3.1766360000000002,-0.454084,-2.1411,6.9125,286.475,-105.1925
1991,333452,2.2457759999999998,0.3782,-1.16754,18.305,241.885,-43.82
1992,333549,2.074,0.7551800000000001,-1.9124720000000002,-11.445,218.75,-48.44
1993,333645,0.8849879999999999,0.437004,-0.9589200999999999,18.2,169.1025,-44.45
1994,333741,0.11834000000000001,-0.040260000000000004,-0.401868,28.9625,148.155,-63.6125
1995,333837,1.283684,-1.886852,-1.291248,51.31,161.5425,-52.92
1996,333934,2.443416,-2.113528,-0.7129681,-48.02,131.3375,-46.4625
1997,334030,0.8574161,1.274656,-1.417884,-125.02,84.7175,-45.115
1998,334126,1.321016,0.136884,-1.182424,-80.185,62.37,-40.565
1999,334222,0.5751081,-0.59658,-0.7832399999999999,-54.5125,34.0725,-26.95
2000,334319,0.7522521,0.06832001,-1.095804,-51.9925,34.615,-16.835
2001,334415,0.676612,-0.47165200000000007,-0.771772,-32.06,25.55,-18.165
2002,334511,0.747128,-0.052216,-1.016016,-24.8675,26.0925,-14.2625
2003,334607,0.686616,-0.07442,-0.8552200000000001,-13.125,23.17,-10.3775
2004,334704,0.5926760999999999,-0.26718000000000003,-0.794952,2.065,19.1275,-4.8475
2005,334800,0.659532,-0.11834000000000001,-0.8315520000000001,3.0275,20.1075,-4.0425
2006,334896,0.59658,-0.23668000000000003,-0.7722600000000001,8.4,17.64,-3.08
2007,334992,0.610244,-0.161528,-0.801296,8.0325,16.485,-4.375
2008,335089,0.567056,-0.236436,-0.7564001,6.72,16.5725,-6.65
2009,335185,0.6036560999999999,-0.157136,-0.79422,1.2775,18.0425,-9.9575
2010,335281,0.6141479999999999,-0.17519200000000001,-0.7793359999999999,0.0175,18.935,-10.4475
2011,335377,0.6058520000000001,-0.179096,-0.786656,0.175,19.11,-10.3775
2012,335473,0.614636,-0.175924,-0.7903161,1.0325,19.7925,-10.885
2013,335570,0.6021920000000001,-0.211304,-0.781532,3.0625,20.3175,-11.3925
2014,335666,0.6021920000000001,-0.221796,-0.774944,3.8675,20.86,-12.6
2015,335762,0.605364,-0.228384,-0.772992,3.605,21.84,-14.2975
2016,335858,0.6258600000000001,-0.211304,-0.764696,3.885,22.33,-16.135
2017,335955,0.612684,-0.135176,-0.781532,8.7325,22.0325,-17.0275
2018,336051,0.63318,-0.21057199999999998,-0.743468,18.13,24.325,-17.2025
2019,336147,0.5926760999999999,-0.227408,-0.7600600000000001,16.03,28.35,-16.7125
2020,336243,0.667828,-0.038551999999999996,-0.777384,9.135,35.8225,-14.2975
2021,336339,0.6344,-0.127856,-0.732244,12.075,40.6525,-10.1325
2022,336436,0.635864,-0.11834000000000001,-0.7442,10.9025,45.57,-7.805
2023,336532,0.644648,-0.1647,-0.72102,11.3925,49.8575,-6.5625
2024,336628,0.65514,-0.19251600000000002,-0.704916,10.5875,53.235,-6.475
2025,336724,0.663192,-0.205448,-0.697596,11.13,54.53,-7.56
2026,336821,0.670268,-0.19739600000000002,-0.69784,10.43,54.95,-9.625
2027,336917,0.6802720999999999,-0.227652,-0.6895439999999999,10.01,55.1775,-12.845
2028,337013,0.66856,-0.23741199999999998,-0.6736840000000001,8.6975,55.755,-17.4125
2029,337109,0.691496,-0.22277199999999997,-0.682956,6.79,56.7175,-21.77
2030,337205,0.677832,-0.200812,-0.6763680000000001,7.21,57.5225,-24.3075
2031,337302,0.6844201,-0.190076,-0.6836880999999999,9.2225,59.43,-26.25
2032,337398,0.6709999999999999,-0.184952,-0.6958880000000001,11.13,62.4575,-27.02
2033,337494,0.6736840000000001,-0.178852,-0.7088201,12.11,67.5675,-26.635
2034,337590,0.696132,-0.21032800000000001,-0.699548,12.74,74.585,-27.335
2035,337687,0.666852,-0.181536,-0.693204,13.4575,84.1225,-29.0675
2036,337783,0.7141881,-0.142252,-0.6724640000000001,13.8775,94.2725,-31.43
2037,337879,0.715164,-0.130052,-0.6688041,14.6125,104.4925,-31.8675
2038,337975,0.720288,-0.13078399999999998,-0.652944,14.2275,114.45,-29.7325
2039,338072,0.690032,-0.125416,-0.6602640000000001,9.94,122.7275,-26.9675
2040,338168,0.6612401,-0.118828,-0.634644,5.075,131.4425,-24.29
2041,338264,0.6661201,-0.135664,-0.61,4.0075,148.3125,-19.2675
2042,338360,0.721264,-0.15494000000000002,-0.7224841,1.9775,170.0475,-14.245
2043,338456,0.5099600000000001,-0.221552,-0.5958479999999999,-1.2775,181.2825,-16.625
2044,338553,0.7722600000000001,-0.296948,-0.8010520000000001,-20.125,202.37,-28.6125
2045,338649,0.765428,-0.40138,-0.643184,-26.425,230.58,-41.9125
2046,338745,1.1385040000000002,-0.383324,-0.715896,-32.5675,275.1875,-55.3525
2047,338841,0.898164,-0.17202,-0.7017439999999999,-18.3575,340.7425,-62.475
2048,338938,0.663192,-0.17397200000000002,-0.97234,-29.7325,411.95,-52.5875
2049,339034,1.161196,-0.1342,-1.046028,-14.3325,442.5575,-41.1425
2050,339130,1.747772,-0.358192,-0.611952,52.745,464.905,-34.2825
2051,339226,1.7221520000000001,-0.3416,-1.1895,71.4525,515.1475,-53.795
2052,339323,2.34728,-0.5856,-1.932724,78.925,532.805,-69.16
2053,339419,1.8651360000000001,-0.396256,-0.812032,107.2925,497.91,-94.3425
2054,339515,4.0850480000000005,-0.8730319999999999,-1.174372,136.115,482.4925,-115.255
2055,339611,3.630964,-0.654652,-1.987624,228.0775,513.5025,-60.305
2056,339708,2.824056,-0.9901521000000001,-2.5622439999999997,273.8225,483.77,-34.37
2057,339804,1.664568,-1.9478520000000001,-2.441464,195.965,305.305,-57.6625
2058,339900,4.146048,-2.491484,-3.869596,91.4725,97.14251,-63.735
2059,339996,1.46034,-1.798768,-2.5512639999999998,-16.0475,-88.4275,-31.325
2060,340092,0.343552,-1.097024,-1.722884,-86.9225,-210.735,-23.2575
2061,340189,0.08564401,-0.523868,-1.4034879999999998,-102.3225,-217.42,-23.2575
2062,340285,0.105652,-0.302316,-1.17852,-74.3925,-224.4375,-18.585
2063,340381,0.408456,-0.396988,-1.1855959999999999,-29.33,-231.8225,-2.415
2064,340477,0.6441600000000001,-0.6070720000000001,-1.150216,4.13,-255.43,17.4125
2065,340574,0.7283400999999999,-0.777872,-1.051152,8.6975,-288.645,32.6725
2066,340670,0.728096,-0.778604,-0.921832,-10.7625,-321.3175,40.355
2067,340766,0.69418,-0.61122,-0.7522521,-36.015,-348.495,43.295
2068,340862,0.6824680000000001,-0.45335200000000003,-0.643672,-48.4925,-366.7125,46.5325
2069,340959,0.691008,-0.314272,-0.544608,-45.7625,-377.6675,52.7975
2070,341055,0.7027201,-0.24351199999999998,-0.462624,-33.6525,-383.04,62.0725
2071,341151,0.716384,-0.246928,-0.38356799999999996,-16.415,-383.5475,72.4325
2072,341247,0.6939361,-0.281088,-0.319152,-3.955,-378.7875,81.46251
2073,341344,0.70394,-0.28914,-0.305976,1.8375,-367.0975,88.0075
2074,341440,0.8042239999999999,-0.273768,-0.359412,4.27,-350.1925,92.85501
2075,341536,0.9140241,-0.309636,-0.441884,7.0175,-334.425,95.7075
2076,341632,1.111908,-0.364536,-0.561688,8.4,-322.7875,96.32
2077,341728,1.313452,-0.5009319999999999,-0.6109760000000001,8.2775,-316.6625,97.1075
2078,341825,1.303448,-0.40504,-0.69418,-0.3325,-313.6,99.9075
2079,341921,1.287588,-0.313784,-0.756644,-3.0275,-310.975,104.265
2080,342017,1.210728,-0.372832,-0.7605481,3.9025,-307.055,108.29
2081,342113,1.267092,-0.42553599999999997,-0.8479,8.4175,-297.675,108.5525
2082,342210,1.486204,-0.467992,-1.041636,10.675,-287.315,106.365
2083,342306,1.860744,-0.5726680000000001,-1.26636,16.59,-283.6225,106.365
2084,342402,2.198928,-0.740052,-1.417884,20.7725,-292.1975,109.97
2085,342498,2.44,-0.880352,-1.44204,17.0275,-310.45,116.2875
2086,342595,2.545652,-0.8784,-1.29198,5.6525,-331.415,124.915
2087,342691,2.5183240000000002,-0.55266,-1.12606,-6.3875,-345.5375,138.915
2088,342787,2.506612,-0.478728,-0.8810841,-2.1525,-347.235,158.935
2089,342883,2.4502479999999998,-0.621468,-0.374052,-8.015,-326.5325,165.935
2090,342980,2.8365,-0.22496799999999997,-0.15762400000000001,-48.8075,-297.7975,148.575
2091,343076,3.090016,-0.046116000000000004,-0.17641199999999999,-41.72,-284.655,153.4925
2092,343172,2.780136,0.02074,0.653676,-7.63,-274.365,159.6175
2093,343268,2.696688,0.484096,1.41764,15.75,-242.8825,144.235
2094,343365,2.72792,1.17852,2.033008,48.755,-193.935,117.3725
2095,343461,2.797704,1.1873040000000001,2.4087680000000002,105.14,-130.0425,93.135
2096,343557,2.661308,0.380152,2.3441080000000003,126.315,-58.24,61.81
2097,343653,2.46196,0.016836,1.725568,56.91,11.55,1.3125
2098,343750,2.246264,-0.243024,1.671888,-49.175,91.875,-74.18251
2099,343846,1.3527360000000002,-0.15054800000000002,2.7877,-165.27,195.7725,-164.605
2100,343942,0.5799880000000001,1.802916,0.328912,-249.0075,302.9775,-240.205
2101,344038,2.071804,1.1538760000000001,-3.482612,-152.6875,368.515,-199.0625
2102,344134,3.643896,0.07637200000000001,-1.8819720000000002,26.6525,345.24,-56.2625
2103,344231,3.205428,0.9325680000000001,-1.7951080000000001,3.2725,291.6725,-38.2025
2104,344327,2.34972,0.6844201,-1.9351639999999999,-5.1975,232.3475,-49.28
2105,344423,1.0784799999999999,0.110044,-0.9589200999999999,14.7875,168.9975,-55.3
2106,344519,-0.021472,-0.548268,-0.30353600000000003,14.4025,144.6025,-72.8
2107,344616,1.1514360000000001,-1.927844,-1.2932,15.2075,161.665,-64.05
2108,344712,3.097336,-1.4520440000000001,-0.989176,-86.5025,134.26,-66.2375
2109,344808,0.38186,0.9347639999999999,-1.145092,-143.1325,61.285,-77.35
2110,344904,1.2585520000000001,0.2501,-1.3054,-106.015,34.6325,-73.745
2111,345001,0.5607121,-0.604876,-0.919392,-74.515,15.33,-53.305
2112,345097,0.7361481,0.061975999999999996,-0.9179280000000001,-67.305,20.3,-43.5925
2113,345193,0.803736,-0.348432,-0.822768,-45.4825,13.7725,-38.9375
2114,345289,0.6771,0.24156,-1.1685159999999999,-22.6625,17.15,-25.515
2115,345386,0.772504,-0.15372,-0.868396,-25.5325,11.585,-24.955
2116,345482,0.621224,-0.029524,-0.8522921,-18.9525,10.9025,-22.6275
2117,345578,0.615124,-0.000976,-0.850584,-13.7375,9.9225,-19.81
2118,345674,0.597312,-0.057096,-0.837408,-5.9675,12.7575,-13.7375
2119,345770,0.6107319999999999,-0.08174001,-0.8086161000000001,-1.75,14.0875,-12.215
2120,345867,0.6107319999999999,-0.058316,-0.805688,0.3675,15.225,-11.4275
2121,345963,0.625128,-0.044407999999999996,-0.8025161,1.155,14.9625,-10.5875
2122,346059,0.624884,-0.062220000000000004,-0.7986121,2.0125,14.455,-9.2575
2123,346155,0.606584,-0.09930800000000001,-0.796172,2.59,14.63,-7.77
2124,346252,0.583404,-0.15494000000000002,-0.8071520000000001,3.01,16.2925,-6.475
2125,346348,0.592188,-0.188612,-0.8076399999999999,3.4125,19.25,-6.65
2126,346444,0.6231760999999999,-0.12322000000000001,-0.793244,3.22,21.0875,-8.3125
2127,346540,0.601704,-0.196664,-0.7761640999999999,4.305,22.54,-9.135
2128,346637,0.588284,-0.16958,-0.7903161,-0.1925,25.5675,-12.6
2129,346733,0.609024,-0.090036,-0.792024,-1.7325,29.8725,-15.295
2130,346829,0.620492,-0.026595999999999998,-0.783728,-0.4025,34.3175,-13.58
2131,346925,0.619516,-0.036112,-0.773724,0.56,38.5175,-10.2025
2132,347021,0.6231760999999999,-0.040016,-0.764696,2.38,41.72,-7.175
2133,347118,0.625128,-0.05002,-0.748592,3.9375,44.555,-4.865
2134,347214,0.636596,-0.086864,-0.7381001,5.6,46.7775,-3.5525
2135,347310,0.646844,-0.10418800000000002,-0.720288,6.9825,48.055,-3.2725
2136,347406,0.664168,-0.10492,-0.709064,7.21,48.5625,-3.8325
2137,347503,0.671732,-0.111752,-0.6944241,8.085,47.9675,-4.8825
2138,347599,0.6824680000000001,-0.088328,-0.687348,9.2225,46.76,-6.0375
2139,347695,0.6883239999999999,-0.09125599999999999,-0.6895439999999999,12.1625,46.235,-6.86
2140,347791,0.670512,-0.09247601,-0.6973520000000001,15.2425,46.3225,-7.77
2141,347888,0.68808,-0.080764,-0.69662,17.5175,47.5825,-8.855
2142,347984,0.677344,-0.083936,-0.70516,19.46,49.3675,-8.75
2143,348080,0.67588,-0.101992,-0.721508,20.9125,53.305,-9.1
2144,348176,0.671244,-0.12322000000000001,-0.725168,22.9425,57.9775,-10.4825
2145,348273,0.662948,-0.15738,-0.7183361,25.0075,64.4,-13.4225
2146,348369,0.66978,-0.15201199999999998,-0.708088,26.39,72.0475,-17.955
2147,348465,0.672708,-0.148596,-0.703696,27.475,80.08,-22.1725
2148,348561,0.7027201,-0.134444,-0.686128,26.9675,88.2175,-25.62
2149,348657,0.68198,-0.135176,-0.669048,26.11,95.5675,-27.3875
2150,348754,0.71858,-0.11614400000000001,-0.650016,24.325,104.405,-28.98
2151,348850,0.7005239999999999,-0.07515201,-0.642696,21.5775,113.19,-28.6825
2152,348946,0.687104,-0.063928,-0.68076,17.22,122.605,-26.1275
2153,349042,0.686372,-0.10931199999999999,-0.7178479999999999,11.6025,133.665,-24.43
2154,349139,0.6178081,-0.15420799999999998,-0.71614,4.725,144.6025,-25.83
2155,349235,0.638792,-0.223016,-0.632448,0.7175,161.385,-29.715
2156,349331,0.6573359999999999,-0.252296,-0.784704,-2.905,191.66,-33.18
2157,349427,0.593164,-0.298412,-0.70394,-6.825,213.43,-40.8975
2158,349524,0.5694961,-0.276208,-0.800076,-34.195,243.39,-56.3675
2159,349620,1.105808,-0.30988000000000004,-0.897432,-57.3125,283.3425,-73.85
2160,349716,1.491328,-0.203252,-0.8727879999999999,-50.6625,344.435,-89.3375
2161,349812,0.8857200999999999,-0.16128399999999998,-1.074332,-7.875,424.445,-93.31
2162,349909,1.304912,-0.177144,-0.9128040000000001,27.265,468.825,-81.865
2163,350005,1.8409799999999998,0.087352,-0.9716081,67.5325,490.0525,-87.045
2164,350101,2.08498,-0.79056,-1.3832360000000001,122.1675,520.45,-87.15
2165,350197,1.949316,-0.6344,-1.275876,130.0075,517.405,-114.3975
2166,350293,3.69294,-0.586332,-1.5196319999999999,99.7675,492.5725,-152.6
2167,350390,3.793468,-0.334524,-1.814384,161.0,501.5325,-115.605
2168,350486,2.805268,-0.886452,-2.375828,209.965,472.535,-72.905
2169,350582,1.8099919999999998,-1.7489919999999999,-2.656672,146.825,326.375,-80.97251
2170,350678,3.682692,-2.0803439999999997,-3.6551199999999997,49.3675,149.17,-76.86
2171,350775,1.41886,-1.6206479999999999,-2.581032,-19.0225,-27.0375,-29.5225
2172,350871,0.26474000000000003,-1.051152,-1.7385,-70.0875,-137.4625,-5.25
2173,350967,0.08369201,-0.365268,-1.389824,-72.3275,-146.1075,7.9625
2174,351063,0.137128,-0.18544000000000002,-1.2221959999999998,-27.09,-155.155,30.24
2175,351160,0.29646,-0.359168,-1.1770559999999999,27.44,-168.42,57.6975
2176,351256,0.444812,-0.58316,-1.1148360000000002,51.94,-192.8325,76.5625
2177,351352,0.585112,-0.685396,-1.076284,41.3875,-221.0075,83.79001
2178,351448,0.6851520999999999,-0.611464,-0.9999121,10.85,-252.035,85.645
2179,351545,0.7095520000000001,-0.43188000000000004,-0.906216,-19.18,-282.2225,87.6925
2180,351641,0.7137001000000001,-0.22814,-0.793976,-34.755,-307.5975,92.085
2181,351737,0.696864,-0.07246799999999999,-0.676612,-33.0925,-326.5325,98.7175
2182,351833,0.655628,-0.00122,-0.550952,-20.1775,-339.6225,105.9275
2183,351929,0.642452,0.01952,-0.46726,-4.4275,-344.89,111.3175
2184,352026,0.657092,-0.013908000000000002,-0.43602799999999997,8.0325,-342.6325,113.75
2185,352122,0.7373681,-0.07808001,-0.45383999999999997,13.3175,-336.3325,113.1375
2186,352218,0.8071520000000001,-0.133224,-0.484828,10.4825,-329.84,110.3725
2187,352314,0.93086,-0.111508,-0.574132,1.7325,-322.9625,105.6125
2188,352411,1.0906799999999999,-0.062952,-0.668072,-3.9025,-318.9375,100.1525
2189,352507,1.193648,-0.07002799999999999,-0.731268,-2.1525,-321.1075,95.1125
2190,352603,1.229028,-0.08003201,-0.7673800000000001,3.325,-325.465,90.9825
2191,352699,1.250256,-0.173484,-0.7998321,9.555,-327.74,87.71
2192,352796,1.280756,-0.226188,-0.8422879999999999,11.1825,-327.6,83.475
2193,352892,1.297104,-0.251076,-0.868152,9.695,-325.3775,79.2575
2194,352988,1.334192,-0.307196,-0.940132,8.995,-320.25,76.44001
2195,353084,1.496208,-0.423584,-1.057984,9.835,-313.1625,75.075
2196,353181,1.748016,-0.563396,-1.226588,9.38,-308.245,76.8425
2197,353277,2.0037279999999997,-0.69418,-1.371768,5.915,-309.33,83.1425
2198,353373,2.269444,-0.8100801,-1.48718,0.385,-316.1025,93.2575
2199,353469,2.493436,-0.8132520999999999,-1.501576,-5.3375,-326.69,107.8
2200,353566,2.653988,-0.660996,-1.419348,-6.6675,-338.4325,127.575
2201,353662,2.7215759999999998,-0.616588,-1.1636360000000001,0.8575,-346.745,152.0925
2202,353758,2.778916,-0.628788,-0.748592,8.6275,-346.43,172.2525
2203,353854,2.7898959999999997,-0.4933681,-0.172752,2.5025,-333.1475,180.635
2204,353951,2.8191759999999997,-0.111752,0.526308,-7.2275,-306.845,179.2175
2205,354047,2.897256,0.6082920999999999,1.40666,-4.34,-266.805,171.29
2206,354143,3.115636,1.328092,2.077172,27.9125,-213.955,161.2975
2207,354239,3.255204,1.337608,2.427556,84.1925,-158.1125,145.95
2208,354335,2.93044,0.859368,2.461716,102.0775,-98.56,108.955
2209,354432,2.3672880000000003,0.5038600000000001,2.050332,48.2825,-33.1625,38.0275
2210,354528,2.359968,0.7356600000000001,1.175592,-30.52,29.155,-44.905
2211,354624,2.344596,0.05368,1.209508,-67.585,94.5,-111.65
2212,354720,0.517524,-0.175924,3.043168,-131.2325,193.935,-197.365
2213,354817,0.6441600000000001,1.7160520000000001,-0.9506241,-193.3575,312.8475,-270.9525
2214,354913,1.9773759999999998,0.15201199999999998,-3.439912,-61.5125,367.045,-195.965
2215,355009,3.737104,-0.539972,-1.20414,96.88,348.285,-60.0425
2216,355105,3.854712,0.5343600000000001,-2.4441479999999998,21.07,296.8175,-44.8
2217,355202,2.1313400000000002,0.543876,-1.611376,26.1275,211.925,-35.7525
2218,355298,0.5978,0.190564,-0.895236,22.68,158.41,-56.035
2219,355394,0.6068279999999999,-1.28344,-1.1392360000000001,38.3775,152.46,-57.0325
2220,355490,2.437316,-2.329468,-0.6558721,-25.375,134.05,-51.38
2221,355587,0.7468840999999999,0.7705521,-1.090924,-113.225,84.4375,-53.4625
2222,355683,1.198284,0.13078399999999998,-1.155584,-86.5725,64.7675,-57.365
2223,355779,0.640744,-0.542168,-0.889868,-69.195,42.56,-48.9125
2224,355875,0.70638,-0.055144000000000006,-1.009184,-69.93,38.1675,-41.1075
2225,355972,0.9057280999999999,-0.434808,-0.9328120000000001,-59.3425,32.41,-41.2825
2226,356068,0.621712,0.15054800000000002,-0.9340321,-48.4225,25.515,-34.265
2227,356164,0.726144,-0.142496,-0.8576601,-25.2175,20.2125,-22.505
2228,356260,0.6834439999999999,-0.155428,-0.8364321,-13.0375,20.72,-14.63
2229,356356,0.62952,-0.048068,-0.8637601,-4.2,21.21,-11.585
2230,356453,0.616344,-0.124928,-0.826672,3.22,21.7,-8.12
2231,356549,0.648552,-0.07856801,-0.812276,6.93,23.2925,-5.7225
2232,356645,0.6539201,-0.124928,-0.780556,10.9375,22.4875,-2.8875
2233,356741,0.6497721,-0.112972,-0.7700640999999999,13.1075,21.21,-0.77
2234,356838,0.6344,-0.108824,-0.774212,14.42,20.4925,1.4
2235,356934,0.609268,-0.17641199999999999,-0.7612800999999999,12.6525,19.8975,1.12
2236,357030,0.6095119999999999,-0.17397200000000002,-0.76372,9.205,20.16,-1.085
2237,357126,0.61122,-0.175924,-0.7832399999999999,7.5425,21.6825,-2.275
2238,357223,0.620492,-0.22716399999999998,-0.769576,6.5975,23.765,-3.0275
2239,357319,0.625128,-0.227652,-0.759572,5.9675,24.5,-5.3725
2240,357415,0.627568,-0.116876,-0.794708,7.9275,24.115,-7.2975
2241,357511,0.604632,-0.22716399999999998,-0.761524,16.73,23.555,-8.33
2242,357607,0.584136,-0.270108,-0.768356,17.6925,26.2675,-10.0625
2243,357704,0.6304960000000001,-0.133224,-0.778116,9.555,31.7625,-12.32
2244,357800,0.64172,-0.183488,-0.7327321,7.6825,35.4025,-12.32
2245,357896,0.6897880999999999,-0.11126400000000002,-0.729072,7.6475,36.155,-11.0075
2246,357992,0.668072,-0.163968,-0.7019880000000001,6.0375,36.295,-10.0275
2247,358089,0.682712,-0.168604,-0.696132,3.4475,36.225,-9.905
2248,358185,0.68686,-0.199348,-0.687104,2.135,34.9475,-10.85
2249,358281,0.687104,-0.19251600000000002,-0.693204,1.75,33.2325,-12.495
2250,358377,0.692716,-0.175924,-0.693204,2.66,31.57,-14.245
2251,358473,0.6802720999999999,-0.161772,-0.696132,3.99,30.5375,-15.295
2252,358570,0.678076,-0.14152,-0.7027201,4.97,30.59,-16.3275
2253,358666,0.671732,-0.13785999999999998,-0.702964,5.4425,31.99,-17.1325
2254,358762,0.681248,-0.10540799999999999,-0.7046720999999999,6.0375,34.965,-16.73
2255,358858,0.678808,-0.102968,-0.70638,7.8225,38.5,-14.595
2256,358954,0.686372,-0.12175599999999999,-0.695156,10.2375,42.49,-12.32
2257,359051,0.670024,-0.141032,-0.7015,12.39,46.4975,-10.745
2258,359147,0.666852,-0.167872,-0.712236,14.0175,51.345,-11.0425
2259,359243,0.671488,-0.19397999999999999,-0.701012,15.015,57.225,-12.8975
2260,359339,0.6885680999999999,-0.19885999999999998,-0.687348,15.155,63.9975,-15.3125
2261,359436,0.695156,-0.16958,-0.672708,13.7025,69.44,-17.045
2262,359532,0.71248,-0.125172,-0.687104,11.3225,75.4075,-16.6075
2263,359628,0.706624,-0.133712,-0.6973520000000001,9.66,81.445,-14.42
2264,359724,0.6851520999999999,-0.139324,-0.7105279999999999,9.0825,89.635,-11.9525
2265,359820,0.6944241,-0.116388,-0.69662,9.03,100.66,-10.745
2266,359917,0.7005239999999999,-0.157868,-0.700036,11.0775,113.4,-10.0625
2267,360013,0.646844,-0.16958,-0.7107720000000001,9.6075,126.56,-12.495
2268,360109,0.599508,-0.261812,-0.694912,9.065,141.4875,-18.3925
2269,360205,0.5368,-0.26961999999999997,-0.656848,12.1975,166.6175,-23.8875
2270,360302,0.690764,-0.24034,-0.8142281,14.14,199.045,-29.995
2271,360398,0.450668,-0.27889200000000003,-0.6919841,4.095,216.125,-41.93
2272,360494,0.65514,-0.338672,-0.8842561,-11.13,250.8975,-57.05
2273,360590,0.9140241,-0.334768,-0.966728,-24.08,293.5975,-69.0725
2274,360686,1.418128,-0.389912,-0.705892,-25.4975,356.3175,-80.325
2275,360783,0.9381801,-0.121512,-1.252208,-20.3525,446.6525,-81.46251
2276,360879,1.48108,-0.08442401,-1.35786,-2.03,491.2075,-64.54
2277,360975,1.86172,-0.16201600000000002,-0.889136,70.7,507.3425,-51.3975
2278,361071,1.760704,-0.412116,-1.405684,110.215,535.395,-56.6125
2279,361168,1.555744,-0.44944799999999996,-0.734684,127.54,515.4099,-80.255
2280,361264,3.3001,-0.685884,-1.208776,132.58,495.2675,-113.54
2281,361360,3.48066,-0.504592,-1.9337,217.455,511.3325,-72.03
2282,361456,2.625196,-0.752008,-2.339716,285.39,500.4475,-29.995
2283,361552,1.78608,-1.5708719999999998,-2.653012,239.435,369.1275,-34.0025
2284,361649,3.87106,-2.779892,-2.952156,148.47,153.1075,-56.07
2285,361745,2.3663119999999997,-2.08498,-3.2920480000000003,1.855,-32.935,-27.9825
2286,361841,0.351116,-1.196576,-1.4598520000000001,-84.875,-207.865,-3.5875
2287,361937,-0.13078399999999998,-0.5743761,-1.063108,-107.9225,-221.2,11.7425
2288,362034,-0.273524,-0.23448400000000003,-0.7283400999999999,-87.3775,-207.3225,21.5075
2289,362130,-0.09345201,-0.261812,-0.693448,-46.9875,-186.2875,37.24
2290,362226,0.28157600000000005,-0.467992,-0.849608,-16.45,-176.6975,54.0925
2291,362322,0.616344,-0.6724640000000001,-0.987224,-9.835,-188.86,65.625
2292,362419,0.73078,-0.7468840999999999,-0.993568,-31.2375,-220.745,69.7725
2293,362515,0.67832,-0.599996,-0.8813280000000001,-66.0975,-258.1425,67.1125
2294,362611,0.559248,-0.37258800000000003,-0.705892,-91.35,-289.03,61.285
2295,362707,0.491904,-0.226188,-0.548024,-96.5125,-307.7375,56.1225
2296,362803,0.505324,-0.1708,-0.49654,-85.96,-315.21,53.06
2297,362900,0.609268,-0.21447600000000003,-0.5011760000000001,-65.7825,-317.415,53.41
2298,362996,0.763476,-0.31354,-0.540216,-46.095,-321.51,56.5425
2299,363092,0.9042641,-0.4209,-0.575596,-33.495,-328.58,61.1625
2300,363188,0.957456,-0.48531599999999997,-0.574132,-31.15,-338.45,64.6625
2301,363285,0.978684,-0.4636,-0.5577840000000001,-34.6675,-346.4825,65.555
2302,363381,0.9852719999999999,-0.40748,-0.527772,-35.8925,-350.4375,64.505
2303,363477,1.031144,-0.34281999999999996,-0.527284,-29.3125,-349.2125,63.5775
2304,363573,1.0826280000000001,-0.37746799999999997,-0.49751599999999996,-14.385,-344.1375,64.7675
2305,363669,1.270508,-0.393816,-0.606584,2.0825,-336.1225,67.9175
2306,363766,1.375184,-0.5214281,-0.659044,22.54,-329.42,74.445
2307,363862,1.40788,-0.6414761,-0.685884,35.21,-323.47,82.1275
2308,363958,1.47864,-0.807396,-0.755424,38.2375,-314.58,89.2675
2309,364054,1.678232,-0.996008,-0.89426,32.095,-304.8325,94.0625
2310,364151,2.0620439999999998,-1.0967799999999999,-1.098976,19.32,-298.13,99.435
2311,364247,2.41804,-1.136308,-1.2075559999999999,5.11,-302.8725,111.3
2312,364343,2.544188,-1.1326479999999999,-1.167296,-7.84,-318.01,128.4325
2313,364439,2.52906,-1.074332,-1.017724,-17.0625,-332.2025,146.825
2314,364535,2.44976,-0.8945040000000001,-0.780068,-21.5425,-337.6275,164.2375
2315,364632,2.3597240000000004,-0.407968,-0.656848,-20.3875,-328.8775,184.87
2316,364728,2.482456,-0.30012,-0.50264,2.765,-309.3825,210.385
2317,364824,2.626904,-0.36478,-0.252784,24.395,-287.63,225.6625
2318,364920,2.71938,-0.24107199999999998,0.136884,22.19,-264.81,222.705
2319,365017,2.779892,0.16104000000000002,0.677344,8.225,-240.9225,206.36
2320,365113,2.929464,0.743224,1.300032,6.2125,-214.6375,179.4625
2321,365209,2.9487400000000004,1.306376,1.8590360000000001,36.05,-184.3625,143.4475
2322,365305,2.675948,1.308084,2.218692,93.2575,-143.675,103.3725
2323,365401,2.1108439999999997,0.7032079999999999,2.243824,124.985,-86.18751,54.6
2324,365498,1.8531799999999998,0.16348,1.7453319999999999,85.55751,-16.2925,-16.1875
2325,365594,1.354444,-0.06636801,0.8903561,3.9725,46.2175,-95.6025
2326,365690,1.249524,-0.8459479999999999,1.390556,-102.69,138.6,-180.985
2327,365786,0.8988959999999999,0.9298841,1.7931560000000002,-246.4875,227.36,-283.0625
2328,365883,0.968192,1.307352,-2.378756,-252.8575,308.7525,-319.55
2329,365979,2.521496,0.777872,-3.1051439999999997,-72.8175,329.28,-191.065
2330,366075,3.234464,-0.16835999999999998,-1.1102,67.8825,300.5625,-62.5625
2331,366171,3.370372,0.5292359999999999,-2.525156,9.7125,264.845,-63.6125
2332,366268,2.0525279999999997,0.308172,-1.4356959999999999,24.6925,191.73,-48.9475
2333,366364,0.36478,-0.05977999999999999,-0.628788,18.3225,142.5025,-56.4025
2334,366460,0.293044,-1.211948,-0.85034,28.0875,143.6225,-55.3
2335,366556,2.116212,-2.226012,-0.61122,-26.32,135.0125,-48.9475
2336,366653,1.2566,0.47604399999999997,-1.088484,-104.5275,95.305,-47.1625
2337,366749,1.119472,0.401868,-1.252208,-89.1275,65.555,-50.9775
2338,366845,0.686128,-0.576572,-0.7564001,-65.17,38.5175,-43.575
2339,366941,0.8108121,-0.06344,-1.0645719999999999,-66.53501,37.31,-32.4275
2340,367038,0.750788,-0.08906,-0.8527800999999999,-59.6925,28.385,-31.815
2341,367134,0.648308,-0.328424,-0.8193521,-40.3025,19.775,-25.8125
2342,367230,0.8337481,0.14469200000000002,-1.036512,-34.51,20.895,-19.81
2343,367326,0.617564,-0.13542,-0.8447280999999999,-12.3025,17.395,-10.3425
2344,367422,0.617564,-0.154452,-0.807396,0.7,16.94,-3.885
2345,367519,0.632204,-0.101992,-0.834724,5.2675,18.9,-0.665
2346,367615,0.6036560999999999,-0.187636,-0.805688,12.1625,19.075,2.695
2347,367711,0.628544,-0.164944,-0.805688,14.49,19.915,2.9925
2348,367807,0.614392,-0.233752,-0.76982,15.75,19.88,1.995
2349,367904,0.652944,-0.155916,-0.791292,14.77,20.475,0.98
2350,368000,0.6414761,-0.17641199999999999,-0.762012,16.625,19.845,2.3625
2351,368096,0.628788,-0.1952,-0.7522521,18.41,19.1275,4.0775
2352,368192,0.6229319999999999,-0.169336,-0.7700640999999999,19.145,19.2325,5.6525
2353,368288,0.5934081,-0.194224,-0.765184,20.6325,20.0025,7.8575
2354,368385,0.596092,-0.22643200000000002,-0.744444,19.6875,21.5775,8.1375
2355,368481,0.597312,-0.27328,-0.720532,15.1375,22.925,6.16
2356,368577,0.604876,-0.259372,-0.7241920000000001,8.7675,23.5375,2.275
2357,368673,0.611952,-0.243756,-0.744688,6.2125,23.3975,0.14
2358,368770,0.616344,-0.265228,-0.7227279999999999,5.565,23.24,-1.9425
2359,368866,0.6351319999999999,-0.30012,-0.720532,3.465,22.9425,-4.6725
2360,368962,0.635864,-0.286456,-0.7241920000000001,3.0275,21.455,-7.63
2361,369058,0.64904,-0.276696,-0.705404,2.94,18.8825,-10.5
2362,369155,0.621468,-0.252296,-0.7137001000000001,2.6425,14.945,-14.8925
2363,369251,0.6156119999999999,-0.341356,-0.711992,3.22,11.9175,-20.965
2364,369347,0.648796,-0.30012,-0.683932,-5.74,12.4425,-28.175
2365,369443,0.686372,-0.23692399999999997,-0.695156,-15.26,13.86,-32.375
2366,369540,0.692472,-0.214964,-0.699548,-15.82,11.165,-31.85
2367,369636,0.68808,-0.194224,-0.7032079999999999,-16.3275,8.8375,-29.26
2368,369732,0.6902761,-0.149328,-0.7107720000000001,-15.085,7.4375,-26.635
2369,369828,0.674172,-0.132736,-0.720288,-12.39,7.5075,-24.64
2370,369924,0.68076,-0.1098,-0.751276,-9.66,9.24,-23.0825
2371,370021,0.661972,-0.10394400000000001,-0.7522521,-7.0875,12.46,-21.1925
2372,370117,0.6480640000000001,-0.105896,-0.754692,-3.605,17.395,-19.075
2373,370213,0.646112,-0.1037,-0.7517640999999999,0.0175,23.4325,-16.2225
2374,370309,0.647332,-0.104676,-0.743712,3.7975,29.9775,-13.4575
2375,370405,0.652944,-0.12248800000000001,-0.7390760000000001,6.475,36.435,-11.585
2376,370502,0.6600201,-0.136152,-0.720776,8.295,42.28,-9.94
2377,370598,0.667096,-0.13761600000000002,-0.711992,9.7125,47.46,-8.1375
2378,370694,0.6675840000000001,-0.16958,-0.715164,11.2175,52.4475,-5.9675
2379,370790,0.6695361,-0.196176,-0.7227279999999999,12.845,58.03,-5.1625
2380,370886,0.668316,-0.182756,-0.7217521,13.3875,64.54,-6.1075
2381,370983,0.670512,-0.179584,-0.731268,14.4025,72.66,-7.0875
2382,371079,0.636352,-0.22643200000000002,-0.7483479999999999,16.24,82.565,-7.9975
2383,371175,0.606584,-0.25424800000000003,-0.767868,18.4625,95.4275,-11.41
2384,371271,0.6109760000000001,-0.246928,-0.759572,20.09,110.355,-18.8475
2385,371368,0.583404,-0.21838000000000002,-0.7503,20.335,128.45,-26.985
2386,371464,0.54656,-0.1891,-0.7564001,21.9975,149.765,-34.16
2387,371560,0.532652,-0.17738800000000002,-0.819108,22.47,173.67,-42.56
2388,371656,0.492392,-0.32866799999999996,-0.86498,30.87,202.2125,-46.375
2389,371752,0.794952,-0.285236,-0.9018241,38.3775,243.7575,-49.1925
2390,371849,0.5724239999999999,-0.277672,-0.754448,39.55,281.225,-56.63
2391,371945,0.7686,-0.49263599999999996,-1.012356,50.9075,324.8525,-72.8175
2392,372041,1.5164600000000001,-0.233264,-1.0919,64.1725,370.965,-90.79
2393,372137,1.568188,-0.251808,-1.220244,121.695,418.425,-87.6225
2394,372234,1.700192,-0.7176041,-1.548668,169.085,443.59,-89.6875
2395,372330,1.826584,-0.679784,-1.1953559999999999,169.47,438.4625,-114.8175
2396,372426,2.8784680000000002,-0.56242,-1.240984,189.5775,427.9975,-139.1075
2397,372522,2.502952,-0.443592,-1.761436,239.0675,427.1575,-127.085
2398,372618,2.32654,-0.373808,-1.6977520000000001,274.085,379.0675,-105.0
2399,372715,1.5079200000000001,-0.8271601000000001,-2.43512,278.11,260.8375,-109.8125
2400,372811,1.779004,-1.38226,-2.39486,276.4125,110.18,-114.5025
2401,372907,1.248792,-1.891,-2.689612,198.52,-6.3875,-117.81
2402,373003,-0.054655999999999996,-1.508408,-1.3954360000000001,124.18,-106.6275,-102.375
2403,373100,-0.32452,-1.19194,-1.020408,74.27,-129.01,-76.09000999999999
2404,373196,-0.207156,-0.8996280999999999,-0.8849879999999999,56.4375,-122.5175,-35.805
2405,373292,0.048556,-0.729072,-0.9589200999999999,56.4375,-123.2525,11.76
2406,373388,0.193492,-0.612684,-1.0023520000000001,58.1175,-135.8875,58.2925
2407,373485,0.24082800000000001,-0.40967600000000004,-0.989176,50.5225,-156.3625,93.8525
2408,373581,0.262056,-0.11760799999999999,-0.9608721,36.4,-175.8225,115.01
2409,373677,0.303048,0.23228800000000002,-0.94306,29.5225,-192.7625,124.9325
2410,373773,0.404064,0.529968,-0.952332,39.095,-207.8825,128.0475
2411,373869,0.472872,0.64782,-0.9352520000000001,63.805,-224.7,126.14
2412,373966,0.557052,0.6453800000000001,-0.9242720999999999,89.74,-241.6575,118.72
2413,374062,0.64904,0.582184,-0.9091440000000001,106.925,-257.145,107.6425
2414,374158,0.764452,0.535092,-0.9296399999999999,115.0275,-271.145,95.9875
2415,374254,0.913048,0.48995200000000005,-0.9699,118.6675,-284.235,86.905
2416,374351,1.026752,0.44676400000000005,-0.9999121,120.015,-298.655,80.78
2417,374447,1.120204,0.42065600000000003,-1.017968,121.205,-313.1975,76.545
2418,374543,1.17974,0.382348,-0.9933241,122.3425,-327.9675,72.0475
2419,374639,1.2012120000000002,0.346724,-0.9228081,122.8675,-340.4625,66.3075
2420,374736,1.22366,0.272304,-0.8479,123.025,-348.145,59.885
2421,374832,1.272216,0.17055599999999999,-0.806908,122.3075,-350.07,54.18
2422,374928,1.345416,0.122976,-0.821304,118.125,-347.06,52.01
2423,375024,1.422276,0.14688800000000002,-0.8962120000000001,113.5925,-341.915,54.8275
2424,375120,1.452288,0.201544,-0.9408639999999999,113.9775,-338.135,60.1475
2425,375217,1.396412,0.335988,-0.9254921,119.7875,-333.5675,63.14
2426,375313,1.322236,0.5636399999999999,-0.820572,132.2475,-323.2775,59.08
2427,375409,1.164124,0.827892,-0.580964,153.58,-304.22,45.4125
2428,375505,1.368352,0.9489161,-0.630008,183.155,-269.64,21.035
2429,375602,2.038376,0.903532,-0.9318360000000001,213.22,-234.0975,-13.7375
2430,375698,2.3607,0.886452,-0.9962521000000001,227.3425,-225.3825,-54.3725
2431,375794,2.264564,0.9972281,-0.72956,230.51,-229.2325,-96.3375
2432,375890,2.118652,1.062864,-0.366732,244.3525,-224.8575,-133.6125
2433,375987,2.040572,1.0821399999999999,-0.016104,271.8275,-206.605,-158.6725
2434,376083,2.0520400000000003,1.079456,0.255468,301.385,-179.97,-170.9575
2435,376179,2.117676,0.9850280999999999,0.34257600000000005,320.4775,-153.6325,-176.015
2436,376275,2.169648,0.9440360999999999,0.326228,316.155,-133.8225,-179.41
2437,376371,2.085468,0.968924,0.367464,284.6025,-121.52,-187.4075
2438,376468,1.8534240000000002,1.029436,0.502152,236.67,-110.075,-201.4075
2439,376564,1.641876,1.103124,0.659532,191.7475,-90.9475,-218.05
2440,376660,3.090992,-1.4313040000000001,-0.040504000000000005,157.08,-71.71500999999999,-232.4
2441,376756,2.3902240000000003,-3.06708,0.831308,-72.7475,-86.59,-309.3125
2442,376853,-0.7139439999999999,-2.974116,1.5677,-261.625,-47.7225,-278.145
2443,376949,-0.127856,0.307196,-0.534604,-406.7875,53.865,-251.0375
2444,377045,2.084492,2.718648,-2.562488,-397.2675,68.4425,-270.2875
2445,377141,1.263676,0.505324,-1.2444,-314.86,-11.5675,-265.02
2446,377237,1.423008,0.427976,-1.416908,-255.535,-36.3825,-235.025
2447,377334,0.931348,1.461072,-1.378112,-203.42,-43.75,-182.315
2448,377430,0.9125601000000001,0.48678,-1.1899879999999998,-115.7275,-47.7575,-115.01
2449,377526,0.47092,0.50508,-1.179252,-72.8875,-24.2725,-59.9375
2450,377622,0.5192319999999999,0.323544,-1.004548,-41.475,-4.2175,-33.005
2451,377719,0.531188,0.06880801,-0.9091440000000001,-16.3975,7.8225,-18.69
2452,377815,0.615124,-0.072956,-0.815692,-6.44,15.5575,-12.215
2453,377911,0.67832,-0.205448,-0.7625,-0.385,18.865,-9.59
2454,378007,0.70638,-0.164212,-0.76982,0.6125,17.8325,-9.9225
2455,378103,0.72346,-0.07881200000000001,-0.7700640999999999,1.8375,15.0325,-9.24
2456,378200,0.678076,-0.081984,-0.777384,4.34,12.4775,-4.5325
2457,378296,0.606096,-0.1464,-0.793976,7.735,11.095,1.015
2458,378392,0.5926760999999999,-0.166652,-0.787876,8.54,12.67,2.7125
2459,378488,0.5997520000000001,-0.160064,-0.775676,7.8575,14.77,2.275
2460,378585,0.6273241,-0.165676,-0.759328,7.0875,15.5575,1.82
2461,378681,0.620004,-0.1769,-0.758352,5.88,15.1725,1.7675
2462,378777,0.633912,-0.186172,-0.757376,4.5675,15.0325,1.3475
2463,378873,0.615124,-0.179584,-0.7625,3.675,14.945,0.5775
2464,378970,0.6161,-0.20008,-0.758352,2.2575,15.1725,-1.225
2465,379066,0.624396,-0.191052,-0.759328,0.945,16.135,-2.975
2466,379162,0.633668,-0.14005599999999999,-0.771772,1.505,17.045,-3.7625
2467,379258,0.6390359999999999,-0.173484,-0.746152,5.5125,17.325,-3.675
2468,379355,0.7856801,0.100772,-0.359656,15.5225,17.3775,-1.9775
2469,379451,0.6292760000000001,-0.013175999999999998,-0.7571321,13.09,18.0075,-1.26
2470,379547,0.58194,-0.281332,-0.7503,10.2025,20.0725,-1.1025
2471,379643,0.644648,-0.21228000000000002,-0.734196,9.3975,21.56,-4.0425
2472,379739,0.6675840000000001,-0.219844,-0.7266321,10.1675,22.225,-6.7725
2473,379836,0.604388,-0.305976,-0.7381001,9.87,22.4175,-9.8525
2474,379932,0.671244,-0.189588,-0.72712,3.7625,24.7975,-15.54
2475,380028,0.661972,-0.193736,-0.716384,3.78,25.305,-17.7275
2476,380124,0.662948,-0.183488,-0.7041841,2.9925,25.4975,-18.3925
2477,380221,0.673196,-0.16592,-0.718824,3.1675,25.5675,-18.1825
2478,380317,0.677832,-0.155672,-0.7168720000000001,4.5325,25.4975,-18.6025
2479,380413,0.689056,-0.14518,-0.7166279999999999,6.0375,26.075,-18.34
2480,380509,0.6836880999999999,-0.15006,-0.6985720999999999,6.965,26.9325,-17.08
2481,380606,0.6709999999999999,-0.15420799999999998,-0.705404,6.825,27.58,-16.3275
2482,380702,0.680028,-0.172752,-0.7017439999999999,8.1725,28.595,-16.625
2483,380798,0.6917399999999999,-0.158112,-0.6973520000000001,11.8475,29.855,-18.0775
2484,380894,0.7027201,-0.174704,-0.682956,16.2925,31.78,-19.3375
2485,380990,0.684664,-0.17934,-0.68686,21.1225,32.9875,-20.86
2486,381087,0.6919841,-0.173484,-0.69296,25.865,34.93,-23.1175
2487,381183,0.69052,-0.189344,-0.6912520000000001,31.4825,37.1525,-26.11
2488,381279,0.681248,-0.20374,-0.6893,37.135,40.1625,-30.4325
2489,381375,0.695156,-0.19983599999999999,-0.671976,44.415,44.4675,-35.56
2490,381472,0.70394,-0.183,-0.6663640000000001,54.0925,48.37,-40.88
2491,381568,0.7198,-0.19154000000000002,-0.639768,64.96,51.625,-44.9575
2492,381664,0.7361481,-0.18251199999999998,-0.6231760999999999,74.1475,53.8475,-48.1425
2493,381760,0.758596,-0.172996,-0.6058520000000001,80.185,54.95,-49.8925
2494,381857,0.76494,-0.168848,-0.615368,82.8275,56.1925,-48.895
2495,381953,0.768112,-0.161772,-0.604144,81.55001,57.1375,-46.585
2496,382049,0.772992,-0.101504,-0.63562,80.115,57.575,-43.8025
2497,382145,0.774944,-0.09418401,-0.6502600000000001,81.67251,59.7625,-38.255
2498,382241,0.813008,-0.090036,-0.653188,88.9525,64.33,-29.1025
2499,382338,0.760304,-0.081496,-0.671976,101.8675,69.9125,-19.0575
2500,382434,0.75884,-0.129564,-0.64172,115.3775,78.0675,-9.17
2501,382530,0.726388,-0.160308,-0.62098,123.7425,92.085,-2.3975
2502,382626,0.681492,-0.175924,-0.594384,110.7925,104.895,-3.29
2503,382723,0.8493641,-0.239852,-0.662704,103.1975,126.175,-6.8075
2504,382819,0.733708,-0.144448,-0.745908,123.5325,161.1925,-7.3675
2505,382915,0.830576,-0.128344,-0.8701040000000001,143.7975,189.07,-5.0575
2506,383011,1.0706719999999998,-0.2135,-0.99918,190.645,225.715,7.21
2507,383108,0.9882001,-0.081496,-1.118984,262.4475,283.8675,22.82
2508,383204,1.1472879999999999,-0.105652,-1.253672,325.465,323.155,46.55
2509,383300,1.1394799999999998,-0.12395199999999999,-1.095316,376.425,345.0125,86.06501
2510,383396,1.8648919999999998,-0.43724799999999997,-1.3066200000000001,409.9025,350.8575,120.4525
2511,383493,1.72508,-0.29158,-0.987712,423.1325,332.0625,130.3225
2512,383589,1.628944,-0.134932,-0.9506241,439.5475,292.425,125.475
2513,383685,2.4321919999999997,-0.5009319999999999,-0.768844,456.1725,242.7075,101.0975
2514,383781,2.136464,-0.20374,-1.375184,528.0625,265.16,81.515
2515,383877,1.6692040000000001,-0.009272001,-1.206092,542.6575,207.725,64.6275
2516,383974,0.524356,-1.176812,-1.44326,533.715,94.29,31.045
2517,384070,2.6715560000000003,-1.384944,-2.7471959999999997,450.73,-42.105,-33.3725
2518,384166,1.4391120000000002,-1.155096,-2.697664,292.4075,-165.2875,-99.015
2519,384262,0.294996,-0.5738880000000001,-1.557696,198.31,-295.26,-125.615
2520,384359,0.267912,-0.346968,-1.3571280000000001,169.47,-312.4975,-120.75
2521,384455,0.248392,-0.190564,-1.118984,164.2025,-315.525,-102.9525
2522,384551,0.460672,-0.232044,-1.17852,165.2525,-313.845,-73.4825
2523,384647,0.63562,-0.264496,-1.22244,154.7875,-321.1425,-39.6375
2524,384744,0.727364,-0.17202,-1.24196,128.73,-337.785,-9.31
2525,384840,0.7137001000000001,0.092964,-1.1575360000000001,96.46,-354.62,13.825
2526,384936,0.6231760999999999,0.488,-1.02968,74.3225,-364.525,32.6025
2527,385032,0.561688,0.856684,-0.936472,73.09751,-362.3725,49.385
2528,385128,0.621468,0.97356,-0.9242720999999999,90.545,-352.1875,62.685
2529,385225,0.81862,0.891576,-0.9974719999999999,108.08,-340.8475,68.95
2530,385321,1.022604,0.824232,-1.089216,107.835,-333.8125,67.025
2531,385417,1.184132,0.8547319999999999,-1.1509479999999999,95.935,-333.06,60.7775
2532,385513,1.235372,0.919392,-1.142652,84.175,-337.295,51.94
2533,385610,1.224636,0.8759601,-1.110444,78.5225,-339.01,45.325
2534,385706,1.243668,0.814472,-1.090192,71.5575,-337.9425,37.7125
2535,385802,1.290516,0.736392,-1.094584,60.2875,-335.02,27.58
2536,385898,1.320284,0.659044,-1.061888,46.795,-333.4975,14.6125
2537,385995,1.288808,0.60634,-1.01016,34.895,-332.3075,0.315
2538,386091,1.300276,0.46848,-0.9384239999999999,27.2475,-326.9175,-11.6725
2539,386187,1.3668879999999999,0.30988000000000004,-0.9381801,19.6,-318.36,-19.81
2540,386283,1.3969,0.225944,-0.8579041,10.325,-310.765,-23.835
2541,386380,1.303936,0.125904,-0.628544,3.745,-300.86,-25.69
2542,386476,1.373964,-0.023424,-0.5219159999999999,-3.1675,-281.26,-29.4175
2543,386572,1.6723759999999999,-0.20788800000000002,-0.593896,-12.46,-256.375,-33.0575
2544,386668,2.022272,-0.269376,-0.633424,-23.625,-240.205,-31.7275
2545,386764,2.198196,-0.321836,-0.46726,-31.57,-234.9025,-21.175
2546,386861,2.139636,-0.388448,-0.09711201,-40.6525,-230.895,-7.665
2547,386957,2.100596,-0.36136399999999996,0.145912,-58.5725,-216.7375,-2.975
2548,387053,2.244556,-0.10638399999999999,0.23424,-78.435,-196.5075,-9.415
2549,387149,2.338984,0.125172,0.327204,-81.91751,-179.2,-19.5125
2550,387246,2.217228,0.156404,0.5458281,-65.695,-164.71,-30.4675
2551,387342,2.031544,0.09345201,0.838628,-44.7825,-143.4475,-46.0075
2552,387438,1.979084,0.137372,0.9562360999999999,-25.06,-109.8825,-64.435
2553,387534,2.05448,0.149572,0.8893800999999999,0.315,-72.2925,-78.68
2554,387631,1.8178,-0.46848,1.5013319999999999,17.1325,-18.445,-92.76751
2555,387727,2.3441080000000003,0.21008400000000002,1.97396,-16.2925,57.12,-133.7175
2556,387823,2.1886799999999997,0.346724,2.038132,-24.0625,143.78,-158.1825
2557,387919,2.5219840000000002,-0.44896,-2.4522,21.7,189.4375,-108.43
2558,388015,1.712148,-1.264408,-2.222108,60.2875,162.7325,-23.6075
2559,388112,0.35526399999999997,-0.26596,-0.589016,26.3375,132.685,-17.185
2560,388208,0.8308200000000001,0.107116,-0.97356,3.8325,147.105,-46.7075
2561,388304,1.12362,0.172508,-1.04798,18.3575,142.065,-38.71
2562,388400,0.9015799999999999,-0.023668,-0.838628,23.0475,121.6775,-43.3125
2563,388497,0.8884040000000001,-0.7625,-0.9620920000000001,26.25,110.565,-44.975
2564,388593,2.28872,-1.6387040000000002,-1.187792,-27.2825,90.3175,-41.72
2565,388689,0.47384799999999994,0.500688,-0.7332201,-68.845,49.5775,-27.9475
2566,388785,0.756156,0.165432,-1.1331360000000001,-59.395,45.115,-25.97
2567,388881,1.038708,-0.248148,-1.019188,-44.975,33.285,-24.8325
2568,388978,0.391376,-0.101016,-0.9089001,-29.015,22.855,-14.5075
2569,389074,0.803492,-0.259128,-0.8052,-22.75,25.34,-15.2075
2570,389170,0.5292359999999999,-0.11028800000000001,-0.8662001,-15.7325,19.2675,-14.4725
2571,389266,0.745664,-0.09516001,-0.874984,-15.5925,17.605,-15.9775
2572,389363,0.58316,-0.22691999999999998,-0.8298440999999999,-11.2525,14.0175,-16.695
2573,389459,0.643672,-0.183732,-0.8361879999999999,-12.5125,14.525,-18.8125
2574,389555,0.6414761,-0.155428,-0.8203280000000001,-9.4325,14.63,-18.9
2575,389651,0.575596,-0.22204000000000002,-0.785924,-6.1775,14.07,-17.6575
2576,389748,0.590968,-0.162992,-0.813008,-9.2225,15.6625,-19.5475
2577,389844,0.60634,-0.17763199999999998,-0.79056,-11.2,16.765,-22.2775
2578,389940,0.626836,-0.164456,-0.7766521,-11.55,16.24,-23.6075
2579,390036,0.655628,-0.138104,-0.774456,-9.5375,15.1725,-23.9575
2580,390132,0.62342,-0.044896,-0.827892,-7.7875,12.215,-23.1525
2581,390229,0.640012,-0.1464,-0.763232,-6.58,9.9925,-20.7025
2582,390325,0.6229319999999999,-0.096868,-0.803492,-5.7225,11.0775,-20.195
2583,390421,0.6265921,-0.142252,-0.7832399999999999,-2.3975,12.565,-19.985
2584,390517,0.630008,-0.115656,-0.764452,-0.525,13.7375,-18.0425
2585,390614,0.6178081,-0.12761199999999998,-0.775188,2.8875,16.0825,-17.92
2586,390710,0.62952,-0.133956,-0.7639640999999999,3.5875,19.0575,-18.2
2587,390806,0.61122,0.01708,-0.797392,-1.8375,23.3275,-16.905
2588,390902,0.6283,-0.05246,-0.772504,-0.385,27.825,-11.6025
2589,390998,0.6344,-0.044164,-0.76982,1.61,31.0275,-8.1025
2590,391095,0.627812,-0.07832401,-0.7671359999999999,4.2875,34.335,-5.88
2591,391191,0.6375721,-0.092964,-0.756644,5.6525,37.485,-4.76
2592,391287,0.641964,-0.112728,-0.733464,7.3675,39.62,-4.7075
2593,391383,0.6505041,-0.109556,-0.734684,8.7325,41.7375,-5.04
2594,391480,0.6527,-0.10809200000000001,-0.728096,10.4475,43.8025,-5.2675
2595,391576,0.654896,-0.09516001,-0.7278521,11.6025,46.4625,-5.95
2596,391672,0.659044,-0.08881599,-0.7229720000000001,13.405,49.0175,-5.39
2597,391768,0.666608,-0.08052000000000001,-0.73444,15.6625,51.94,-4.0425
2598,391864,0.653676,-0.07393200000000001,-0.734684,18.655,55.65,-2.5025
2599,391961,0.646844,-0.10004,-0.7320001,22.05,60.025,-1.1725
2600,392057,0.64904,-0.099552,-0.733464,23.205,65.17,-0.2975
2601,392153,0.658556,-0.121268,-0.7107720000000001,23.415,71.1025,-0.2975
2602,392249,0.6563601,-0.134932,-0.707112,23.38,77.7525,-1.2775
2603,392345,0.6646561,-0.136152,-0.701012,22.82,85.34751,-2.3975
2604,392442,0.6527,-0.146644,-0.7078439999999999,22.6975,94.90250999999999,-3.4475
2605,392538,0.681248,-0.185928,-0.69418,22.785,104.965,-5.8975
2606,392634,0.6612401,-0.189832,-0.710284,21.8225,116.9525,-9.3975
2607,392730,0.663192,-0.168604,-0.7095520000000001,20.755,128.6775,-13.86
2608,392827,0.6663640000000001,-0.17446,-0.6954,19.8975,139.6325,-19.705
2609,392923,0.69662,-0.18446400000000002,-0.636108,18.9875,152.32,-25.5325
2610,393019,0.646112,-0.119804,-0.687104,13.7375,166.075,-31.395
2611,393115,0.6036560999999999,-0.245952,-0.6007279999999999,11.025,177.5375,-35.7175
2612,393211,0.73078,-0.22106399999999998,-0.7200439999999999,10.9725,204.8375,-36.015
2613,393308,0.60878,-0.28548,-0.58072,10.605,221.235,-41.16
2614,393404,0.670268,-0.15054800000000002,-0.64782,-13.44,241.815,-57.6975
2615,393500,1.416908,-0.2562,-0.6919841,-18.4625,275.8525,-71.6275
2616,393596,1.077016,-0.069052,-0.546804,8.5575,336.4375,-76.02
2617,393692,0.9145120999999999,-0.111752,-0.9323239999999999,38.22,400.9425,-57.645
2618,393789,1.2397639999999999,-0.034892,-0.8520479999999999,78.7675,431.935,-34.51
2619,393885,1.497916,-0.194712,-0.648308,124.705,447.09,-20.615
2620,393981,1.6399240000000002,-0.340868,-1.2465959999999998,133.8925,496.475,-26.7225
2621,394077,2.41682,-0.553148,-1.701168,107.1,521.9725,-50.365
2622,394174,2.077904,-0.19739600000000002,-1.09922,98.5775,496.4925,-78.5925
2623,394270,4.433724,-0.546072,-1.7141,125.0025,476.49,-82.1625
2624,394366,4.064552,-0.6749041,-2.0276400000000003,219.695,490.07,-35.42
2625,394462,2.584448,-1.111176,-2.05326,226.31,430.43,-15.225
2626,394558,2.46928,-2.2250360000000002,-2.571272,109.4975,234.0975,-49.945
2627,394655,3.221288,-1.704584,-3.993304,-2.9225,46.62,-58.765
2628,394751,0.41016400000000003,-0.9179280000000001,-1.969568,-63.035,-126.91,-47.4425
2629,394847,-0.030256,-0.302804,-1.5523280000000002,-58.695,-176.0325,-43.2075
2630,394943,-0.000732,-0.072956,-1.264896,-8.4175,-172.5325,-33.215
2631,395040,0.142496,-0.279868,-1.1770559999999999,56.455,-175.63,-9.9225
2632,395136,0.490196,-0.628788,-1.254892,94.43,-188.4925,15.96
2633,395232,0.663924,-0.87718,-1.229272,89.4075,-219.66,34.37
2634,395328,0.685396,-0.8579041,-1.129476,50.9775,-256.9525,45.15
2635,395424,0.6802720999999999,-0.633912,-1.00284,6.2125,-289.135,52.29
2636,395521,0.676124,-0.352092,-0.868152,-21.6475,-314.02,61.0575
2637,395617,0.690032,-0.194712,-0.791048,-26.2325,-331.695,72.0125
2638,395713,0.742004,-0.07002799999999999,-0.7156520000000001,-17.29,-344.33,85.55751
2639,395809,0.749812,-0.0366,-0.636596,-3.8675,-353.71,99.9425
2640,395906,0.758596,-0.066124,-0.580476,7.21,-357.665,111.4925
2641,396002,0.79056,-0.07881200000000001,-0.5382640000000001,10.465,-356.5975,117.81
2642,396098,0.8337481,-0.054167999999999994,-0.525332,6.3175,-351.925,118.23
2643,396194,0.915732,-0.020496,-0.5736441,1.4525,-344.89,112.035
2644,396290,1.056764,0.002196,-0.646112,1.19,-339.115,100.8875
2645,396387,1.167052,-0.023912,-0.71248,5.46,-337.33,89.5475
2646,396483,1.257576,-0.072956,-0.7366361,12.39,-337.6275,80.2725
2647,396579,1.2902719999999999,-0.181292,-0.747128,19.39,-336.105,76.0725
2648,396675,1.361764,-0.288896,-0.785924,22.2425,-330.645,76.4925
2649,396772,1.38226,-0.35892399999999997,-0.814472,19.2675,-323.19,80.15
2650,396868,1.392752,-0.406016,-0.8718120999999999,13.0025,-314.1425,83.30001
2651,396964,1.545496,-0.49117200000000005,-1.003084,9.975,-303.0125,84.735
2652,397060,1.857084,-0.5936520000000001,-1.181448,11.8825,-295.0675,86.29251
2653,397157,2.1657439999999997,-0.6844201,-1.27734,16.4675,-296.45,91.4025
2654,397253,2.362896,-0.813008,-1.285148,18.165,-306.11,99.40001
2655,397349,2.545896,-0.959408,-1.241472,14.2625,-317.975,107.1875
2656,397445,2.650084,-1.009672,-1.0382200000000001,3.1675,-330.61,115.1325
2657,397541,2.613972,-0.6319600000000001,-0.8081281,-12.74,-336.63,128.7475
2658,397638,2.5510200000000003,-0.424804,-0.496784,-11.6025,-329.4025,151.4975
2659,397734,2.567124,-0.355752,-0.168604,2.8175,-312.0075,169.715
2660,397830,2.70352,-0.223748,0.13542,6.475,-286.8775,173.67
2661,397926,2.737924,0.132248,0.56242,2.0125,-262.01,165.7425
2662,398023,2.632272,0.6229319999999999,1.187548,9.1525,-235.305,147.525
2663,398119,2.663504,1.0377319999999999,1.777296,41.5275,-198.1,116.7425
2664,398215,2.82674,1.111176,2.136708,90.52750999999999,-149.8525,77.63
2665,398311,2.57298,0.6707561,2.196976,122.395,-98.385,35.875
2666,398408,2.274812,0.17738800000000002,1.819996,99.12001,-41.3875,-12.9325
2667,398504,2.2130799999999997,0.071492,1.102148,35.3675,11.795,-62.58
2668,398600,2.132316,0.07027201,0.447008,-10.8325,46.305,-92.48751
2669,398696,1.80072,-1.419348,0.9296399999999999,-33.46,91.7525,-110.0225
2670,398793,-0.646112,-0.1525,2.089372,-169.75,195.65,-178.885
2671,398889,1.2404959999999998,0.5631520000000001,-2.549556,-203.5075,295.995,-220.64
2672,398985,1.41886,0.8547319999999999,-2.077416,-89.005,295.995,-114.17
2673,399081,2.990708,0.696864,-1.561112,26.355,322.9975,-26.6525
2674,399178,3.921568,0.9720960999999999,-2.769644,-1.3125,287.9625,-54.565
2675,399274,1.814384,0.540704,-1.31516,22.5225,183.9775,-66.6575
2676,399370,0.202032,-0.453108,-0.5673,26.2675,138.0925,-80.3425
2677,399466,0.8823040000000001,-2.013976,-1.247572,36.89,148.89,-61.565
2678,399563,2.099376,-1.524512,-0.620004,-43.855,131.7575,-47.46
2679,399659,0.8945040000000001,0.786656,-1.335656,-107.17,87.5875,-48.7375
2680,399755,0.908168,-0.271572,-0.9137799999999999,-78.4525,65.415,-56.385
2681,399851,0.53314,-0.7571321,-0.721996,-70.455,51.905,-53.4975
2682,399947,0.81252,-0.049532,-1.034316,-82.9675,55.1425,-49.35
2683,400044,0.928176,-0.12980799999999998,-0.9469641,-80.01,43.3475,-52.6225
2684,400140,0.508252,-0.288164,-0.8410681000000001,-63.5075,30.6425,-44.3275
2685,400236,0.927932,0.040260000000000004,-1.0889719999999998,-57.96,30.6075,-40.0925
2686,400332,0.587796,-0.21374400000000002,-0.800808,-41.6325,23.135,-33.285
2687,400429,0.6258600000000001,-0.15128,-0.862296,-34.055,17.7275,-31.2725
2688,400525,0.72346,-0.150792,-0.7759199999999999,-33.7225,18.7775,-31.3075
2689,400621,0.615124,-0.191052,-0.833016,-27.44,16.3625,-28.9625
2690,400717,0.6856399999999999,-0.08954801,-0.8020281,-23.52,16.7825,-27.8425
2691,400813,0.6749041,-0.10516400000000001,-0.785924,-18.0425,13.895,-24.0625
2692,400910,0.6709999999999999,-0.124928,-0.769332,-14.1925,10.185,-20.3175
2693,401006,0.6463561,-0.101992,-0.797636,-11.27,6.825,-16.8525
2694,401102,0.6380600000000001,-0.06539201,-0.807884,-7.6825,5.95,-14.4375
2695,401198,0.624152,-0.063684,-0.791292,-3.6925,7.42,-10.465
2696,401295,0.589992,-0.101748,-0.800808,-0.0525,9.1,-7.945
2697,401391,0.59902,-0.10540799999999999,-0.800564,1.82,11.6025,-7.91
2698,401487,0.6263479999999999,-0.08344800000000001,-0.795928,3.605,14.315,-8.05
2699,401583,0.6348881,-0.11712,-0.767624,6.2825,16.3625,-6.7725
2700,401679,0.623908,-0.172264,-0.75762,7.98,17.3775,-6.23
2701,401776,0.623908,-0.168604,-0.759328,6.23,18.5325,-7.665
2702,401872,0.5941401,-0.145912,-0.7734800000000001,4.83,20.72,-9.905
2703,401968,0.625128,-0.14347200000000002,-0.756156,5.215,23.135,-10.9375
2704,402064,0.62952,-0.10614000000000001,-0.758352,5.1275,24.7625,-11.025
2705,402161,0.6375721,-0.09638,-0.753472,5.81,26.8625,-9.73
2706,402257,0.632448,-0.082228,-0.756156,6.755,29.26,-7.9625
2707,402353,0.633668,-0.082228,-0.7564001,8.2775,31.6925,-6.7025
2708,402449,0.630252,-0.1098,-0.754448,10.185,34.3525,-6.23
2709,402545,0.6380600000000001,-0.11541199999999999,-0.7417600000000001,12.11,37.1175,-6.4925
2710,402642,0.650992,-0.114192,-0.7259001,13.86,39.48,-6.8775
2711,402738,0.643428,-0.11955999999999999,-0.72224,15.575,41.79,-6.3875
2712,402834,0.630008,-0.149084,-0.7324881,17.0975,44.135,-6.4225
2713,402930,0.631228,-0.143716,-0.735904,18.1825,47.46,-7.7875
2714,403027,0.643672,-0.128832,-0.7381001,19.7925,51.7825,-8.9775
2715,403123,0.6344,-0.121024,-0.733952,21.035,57.12,-9.4325
2716,403219,0.6319600000000001,-0.134688,-0.742004,22.6275,64.015,-9.4675
2717,403315,0.627812,-0.146644,-0.745908,24.0275,72.73,-9.4325
2718,403412,0.654408,-0.183488,-0.7190681,25.235,83.125,-10.185
2719,403508,0.659776,-0.174704,-0.7141881,24.1325,93.73,-11.1825
2720,403604,0.667096,-0.1098,-0.7190681,20.9825,103.775,-11.0775
2721,403700,0.669292,-0.058803999999999995,-0.721508,18.655,114.1,-8.995
2722,403796,0.677588,-0.067344,-0.7217521,17.4825,125.195,-5.4775
2723,403893,0.64904,-0.158844,-0.730292,17.4475,138.355,-3.0625
2724,403989,0.626104,-0.257664,-0.72102,16.3975,154.5775,-6.2825
2725,404085,0.539972,-0.312808,-0.660752,11.3225,169.75,-16.5375
2726,404181,0.5516840000000001,-0.352092,-0.597068,10.675,196.98,-24.8675
2727,404278,0.5838920999999999,-0.26303200000000004,-0.781776,11.235,232.5575,-29.085
2728,404374,0.76982,-0.392352,-0.7812880999999999,-10.7625,248.7275,-47.5125
2729,404470,0.6453800000000001,-0.448716,-0.642696,-29.0325,287.49,-69.44
2730,404566,1.535248,-0.38064000000000003,-0.830332,-41.3175,344.5575,-81.5675
2731,404662,0.898408,-0.133712,-0.87718,-32.3925,431.2875,-79.66001
2732,404759,1.2160959999999998,-0.12932000000000002,-1.4713200000000002,-22.2425,492.0125,-60.06
2733,404855,1.75558,-0.10516400000000001,-0.9272,41.5975,499.4325,-47.425
2734,404951,1.8636720000000002,-0.477264,-1.1834,87.29,542.15,-49.7525
2735,405047,2.4563479999999998,-0.766892,-1.849032,89.0575,567.77,-71.505
2736,405144,1.809748,-0.309392,-0.712236,95.97,525.8925,-107.6425
2737,405240,4.473008,-0.815936,-1.424472,125.4925,502.6525,-125.1075
2738,405336,4.015264,-0.704916,-2.04716,230.02,515.8125,-51.415
2739,405432,2.53638,-1.254648,-2.16672,245.0175,449.435,-30.2925
2740,405528,2.886032,-2.678632,-2.795264,131.1275,249.69,-61.215
2741,405625,3.498472,-2.154032,-4.11384,-2.9225,37.6425,-55.5275
2742,405721,0.5565640000000001,-1.315892,-2.061312,-81.865,-150.115,-30.7125
2743,405817,-0.124196,-0.5975560000000001,-1.56892,-98.96251,-208.2325,-21.84
2744,405913,-0.213988,-0.249612,-1.25294,-68.4775,-199.7275,-18.445
2745,406007,-0.006832001,-0.35697199999999996,-1.1599760000000001,-13.65,-195.825,-2.6075
2746,406104,0.391376,-0.677588,-1.238056,27.825,-203.875,20.4925
2747,406200,0.613904,-0.9394,-1.214388,32.06,-233.2225,38.465
2748,406296,0.6707561,-0.9772200999999999,-1.109956,3.185,-271.4075,48.335
2749,406392,0.683932,-0.793488,-0.9530641,-37.38,-306.915,51.2225
2750,406488,0.6663640000000001,-0.54778,-0.8003201,-65.73,-334.67,52.22
2751,406585,0.708576,-0.35136,-0.680028,-71.7675,-353.7625,53.55
2752,406681,0.757864,-0.258396,-0.580964,-60.2175,-367.08,55.8775
2753,406777,0.783972,-0.261324,-0.502884,-41.7025,-377.02,58.4325
2754,406873,0.8827921000000001,-0.268644,-0.47384799999999994,-24.4125,-382.1475,58.7475
2755,406970,0.9242720999999999,-0.32256799999999997,-0.434564,-10.4125,-384.9125,58.1525
2756,407066,0.9638,-0.35087199999999996,-0.41894799999999993,-1.9075,-383.7225,56.735
2757,407162,1.00406,-0.314272,-0.424804,3.2725,-378.28,54.3725
2758,407258,1.047004,-0.29646,-0.42016800000000004,11.1825,-370.125,52.08
2759,407355,1.109956,-0.293044,-0.434076,23.975,-360.22,49.525
2760,407451,1.232932,-0.321836,-0.490196,39.5675,-348.0225,48.545
2761,407547,1.3200399999999999,-0.429928,-0.5294800000000001,54.3375,-336.6825,51.24
2762,407643,1.297348,-0.5414359999999999,-0.539972,59.7625,-325.395,56.1575
2763,407739,1.259528,-0.648552,-0.6219561,54.0225,-311.535,59.2375
2764,407836,1.37982,-0.64904,-0.797392,43.47,-293.6675,61.075
2765,407932,1.597224,-0.625128,-0.965996,38.36,-279.44,66.22
2766,408028,1.8060880000000001,-0.696864,-1.071648,42.6125,-271.705,78.2425
2767,408124,2.149152,-0.787144,-1.217804,49.9625,-266.735,95.375
2768,408221,2.582008,-0.8827921000000001,-1.365424,56.14,-270.2875,117.5825
2769,408317,2.8613880000000003,-0.913292,-1.362252,57.2775,-287.7525,144.9
2770,408413,2.82064,-0.621712,-1.15412,49.9625,-311.6225,177.0125
2771,408509,2.672776,-0.294996,-0.8964561,46.7775,-322.805,212.5725
2772,408606,2.6059200000000002,-0.146644,-0.519476,53.375,-319.2875,241.99
2773,408702,2.4856279999999997,0.11248399999999999,0.05977999999999999,52.0625,-298.655,254.5025
2774,408798,2.397056,0.47213999999999995,0.725412,52.22,-254.6075,246.715
2775,408894,2.769888,0.657092,1.248792,55.7725,-194.81,216.8775
2776,408990,3.2117720000000003,0.8857200999999999,1.5584280000000001,54.95,-145.0575,165.8125
2777,409087,3.433324,1.373476,1.857084,56.14,-110.635,105.6125
2778,409183,3.1036799999999998,1.336632,2.032764,77.5775,-80.0625,57.05
2779,409279,2.631296,0.643428,1.9144240000000001,89.11,-36.4875,18.6375
2780,409375,2.745488,0.274012,1.3207719999999998,50.925,15.505,-25.3925
2781,409472,2.204296,-0.683932,1.244644,-4.62,56.4025,-67.375
2782,409568,1.175348,-1.098976,2.194292,-133.0875,147.84,-137.06
2783,409664,1.478884,1.1794959999999999,-1.580144,-283.0275,230.9125,-227.64
2784,409760,0.9296399999999999,1.208532,-2.82552,-203.315,246.015,-184.1875
2785,409857,1.419348,0.9232961,-0.951356,-55.475,237.51,-52.045
2786,409953,2.828936,1.658468,-2.201368,-37.835,270.0075,-70.2975
2787,410049,2.691076,0.410652,-1.8892919999999997,-12.6175,214.3225,-92.575
2788,410145,0.9372040999999999,-0.40381999999999996,-0.8261841000000001,6.9125,140.385,-83.8425
2789,410242,0.281332,-0.8464360000000001,-0.451888,4.445,127.6625,-76.09000999999999
2790,410338,1.0504200000000001,-0.512644,-0.8178880999999999,3.1675,140.315,-54.215
2791,410434,2.7284080000000004,-1.263676,-1.580388,-33.215,122.955,-55.44
2792,410530,0.818376,0.34648,-0.9608721,-86.06501,58.765,-51.9925
2793,410626,0.673196,-0.07808001,-0.934276,-71.19,45.185,-45.8675
2794,410723,0.793976,-0.616588,-0.76982,-61.075,37.66,-42.35
2795,410819,0.5429,-0.20861999999999997,-0.846924,-65.87,32.9175,-35.2625
2796,410915,0.726876,-0.126636,-1.0199200000000002,-66.2375,33.32,-33.0575
2797,411011,0.671488,0.03172,-0.946232,-58.8175,26.67,-29.5925
2798,411108,0.619516,-0.16811600000000002,-0.8991401,-45.22,22.4525,-22.3125
2799,411204,0.676124,-0.006587999999999999,-0.9115840000000001,-34.475,23.52,-15.0675
2800,411300,0.593164,-0.082472,-0.885476,-19.775,20.4225,-9.7825
2801,411396,0.609024,-0.07490801,-0.8520479999999999,-7.105,21.77,-5.145
2802,411493,0.59536,-0.08296,-0.83814,2.66,22.6275,-1.4175
2803,411589,0.605364,-0.08906,-0.8256960999999999,10.3075,24.6575,2.555
2804,411685,0.60878,-0.164456,-0.8291120999999999,16.94,26.355,5.88
2805,411781,0.592432,-0.208864,-0.822524,19.635,28.105,5.5475
2806,411877,0.620736,-0.17324,-0.8015399999999999,19.4425,29.2775,2.7475
2807,411974,0.638548,-0.123708,-0.7861680999999999,20.4225,28.84,2.4675
2808,412070,0.649528,-0.161528,-0.7610359999999999,23.065,28.9275,5.425
2809,412166,0.592432,-0.187636,-0.767624,25.4625,29.015,8.015
2810,412262,0.579256,-0.24668400000000001,-0.7622561,24.29,31.08,7.91
2811,412359,0.6034121,-0.25351599999999996,-0.730292,20.3175,33.3025,4.445
2812,412455,0.5987760999999999,-0.233996,-0.7515201,15.365,34.8075,0.6825
2813,412551,0.6480640000000001,-0.168848,-0.7625,13.685,35.2275,-1.75
2814,412647,0.591212,-0.263276,-0.750544,19.9325,33.5825,-3.1675
2815,412744,0.60268,-0.26156799999999997,-0.7266321,22.54,32.6025,-7.7
2816,412840,0.592432,-0.309392,-0.727608,17.2725,33.285,-12.005
2817,412936,0.6182960999999999,-0.223504,-0.7522521,7.945,36.4,-15.9425
2818,413032,0.6273241,-0.260592,-0.7156520000000001,2.8525,38.5875,-19.425
2819,413129,0.641232,-0.246928,-0.7237041,0.21,37.8525,-24.5175
2820,413225,0.649284,-0.262544,-0.7134560999999999,-3.4475,37.8525,-29.015
2821,413321,0.650016,-0.243756,-0.725412,-4.235,38.08,-32.76
2822,413417,0.699548,-0.131272,-0.7156520000000001,-3.8675,40.0925,-35.77
2823,413513,0.666852,-0.10906800000000001,-0.7139439999999999,0.4375,43.8025,-36.2425
2824,413610,0.65514,-0.040260000000000004,-0.7388319999999999,4.655,50.19,-33.985
2825,413706,0.6441600000000001,-0.096868,-0.7376119999999999,10.43,58.835,-30.2225
2826,413802,0.635376,-0.09320801,-0.750788,13.9475,69.16,-26.985
2827,413898,0.636596,-0.138104,-0.746152,17.1325,81.095,-23.0825
2828,413995,0.6539201,-0.161772,-0.7288279999999999,18.06,93.66,-19.145
2829,414091,0.6844201,-0.151036,-0.727364,16.94,105.105,-16.5375
2830,414187,0.673928,-0.156404,-0.724436,15.8725,115.64,-14.245
2831,414283,0.692228,-0.164212,-0.7332201,15.9775,127.015,-12.25
2832,414379,0.6675840000000001,-0.19959200000000002,-0.690764,15.96,139.51,-12.04
2833,414476,0.6156119999999999,-0.155428,-0.7007680000000001,12.88,154.21,-14.6125
2834,414572,0.593164,-0.231312,-0.64782,8.7675,167.23,-17.7975
2835,414668,0.615124,-0.279624,-0.6107319999999999,9.66,190.7675,-18.725
2836,414764,0.5753520000000001,-0.237656,-0.7991,10.78,222.1275,-18.69
2837,414860,0.8310639999999999,-0.465552,-0.6956439999999999,-7.315,237.3175,-35.5775
2838,414957,0.396744,-0.332572,-0.699792,-18.6375,279.4575,-58.135
2839,415053,1.521828,-0.473116,-0.780068,-29.89,330.1025,-69.9125
2840,415149,0.737124,-0.225944,-0.8559521000000001,-24.7275,417.62,-67.515
2841,415245,1.056032,-0.20252,-1.3827479999999999,-32.5675,488.95,-53.725
2842,415342,1.517192,-0.228872,-1.12972,9.38,507.1325,-43.75
2843,415438,1.896612,-0.338428,-0.915732,83.87751,538.9475,-42.1925
2844,415534,1.828048,-0.409188,-1.454972,98.54251,572.075,-61.4425
2845,415630,1.8480560000000001,-0.45554799999999995,-1.012356,118.0725,555.905,-85.1725
2846,415727,3.4569919999999996,-0.828624,-1.0706719999999998,156.94,514.6225,-116.3225
2847,415823,4.87756,-0.883524,-2.1413439999999997,266.91,530.1625,-68.25
2848,415919,2.964844,-1.096292,-3.091968,340.9,505.19,-9.3275
2849,416015,1.6621279999999998,-2.796728,-2.873832,236.915,307.475,-44.8875
2850,416111,4.403468,-2.7772080000000003,-4.633072,66.0975,87.2375,-65.43251
2851,416208,1.311256,-1.7385,-2.664724,-66.0625,-124.39,-29.33
2852,416304,0.29572800000000005,-0.8274040000000001,-1.8463479999999999,-119.0175,-244.3175,-9.2925
2853,416400,-0.041968,-0.25961599999999996,-1.321992,-104.965,-256.1125,-2.94
2854,416496,0.0017079999999999999,-0.141032,-1.0828719999999998,-52.2725,-256.025,6.7725
2855,416593,0.24863600000000002,-0.367464,-1.042368,1.015,-255.5525,24.535
2856,416689,0.49141599999999996,-0.655384,-1.0582280000000002,23.94,-268.695,39.8825
2857,416785,0.6563601,-0.81862,-1.038952,9.975,-293.4575,47.53
2858,416881,0.765428,-0.7539600000000001,-0.954284,-25.41,-322.9275,48.58
2859,416977,0.8108121,-0.5612,-0.8322841000000001,-57.0325,-351.3475,48.5275
2860,417074,0.772992,-0.39161999999999997,-0.6912520000000001,-72.3625,-374.7975,50.19
2861,417170,0.7417600000000001,-0.263276,-0.54778,-71.8025,-388.9025,53.095
2862,417266,0.735904,-0.215452,-0.466772,-59.78,-393.89,56.385
2863,417362,0.768356,-0.25351599999999996,-0.423828,-43.7675,-392.1225,60.13
2864,417459,0.820084,-0.300852,-0.44066400000000006,-31.0625,-385.7525,63.91
2865,417555,0.8769360999999999,-0.314272,-0.477508,-23.345,-377.72,66.53501
2866,417651,0.9618481,-0.310856,-0.485804,-15.8025,-368.27,68.5125
2867,417747,1.089216,-0.34721199999999997,-0.515084,-5.9675,-359.2225,70.3675
2868,417843,1.362252,-0.847412,-0.371612,4.27,-348.425,74.305
2869,417940,0.987956,-0.308172,-0.5282600000000001,-30.2575,-329.1925,79.94
2870,418036,1.5823399999999999,0.051484,-0.9372040999999999,-42.7,-314.5275,89.3375
2871,418132,1.323944,-0.343796,-0.8510719999999999,7.2275,-320.46,108.0625
2872,418228,1.311988,-0.5675439999999999,-0.8540000000000001,34.02,-315.21,115.8325
2873,418325,1.518412,-0.615368,-1.00894,27.6675,-304.9375,111.3525
2874,418421,1.8778240000000002,-0.586576,-1.224148,19.355,-299.32,106.435
2875,418517,2.1642799999999998,-0.64904,-1.3481,17.815,-305.7425,105.455
2876,418613,2.3467919999999998,-0.753472,-1.39446,17.535,-320.6175,107.03
2877,418710,2.453908,-0.789828,-1.349564,14.07,-336.07,111.3875
2878,418806,2.4827,-0.598532,-1.23708,10.01,-347.76,121.5025
2879,418902,2.507344,-0.41577600000000003,-1.1350879999999999,13.9825,-350.945,139.7025
2880,418998,2.548336,-0.45115600000000006,-0.889868,27.0025,-348.18,158.13
2881,419095,2.683512,-0.411628,-0.599508,24.535,-337.365,167.125
2882,419191,2.7957520000000002,-0.233752,-0.12053599999999999,8.8375,-320.11,166.8275
2883,419287,2.8496759999999997,0.179584,0.610244,-7.245,-295.2425,156.2575
2884,419383,3.0317,0.787388,1.429108,-5.3725,-258.335,135.1
2885,419479,3.293512,1.40422,2.176236,30.17,-210.4725,106.1375
2886,419576,3.166144,1.3886040000000002,2.6642360000000003,90.8425,-152.985,75.495
2887,419672,2.663748,0.5875520000000001,2.692052,114.94,-82.11,35.21
2888,419768,2.438536,0.228872,1.981036,46.0775,-0.0875,-36.1025
2889,419864,2.67912,0.488976,0.8940161,-49.735,66.08,-109.7775
2890,419961,2.628124,0.46506400000000003,0.24863600000000002,-81.76001,91.525,-146.23
2891,420057,2.0342279999999997,-1.084336,1.0704280000000002,-63.3675,110.215,-152.8975
2892,420153,-1.8031599999999999,-1.21146,2.105476,-151.9175,217.7875,-188.44
2893,420249,0.7288279999999999,0.363316,-2.5498,-185.78,342.51,-196.8225
2894,420345,2.1447599999999998,0.274012,-1.75558,-27.545,373.9925,-50.68
2895,420442,4.094564,0.571936,-1.967128,42.0525,389.0425,44.8525
2896,420538,4.008676,1.542568,-2.734752,-17.3775,321.58,6.825
2897,420634,1.8988080000000003,1.077748,-1.494744,-8.5225,209.8775,-51.6425
2898,420730,0.38186,-0.381128,-0.543876,1.9775,156.0825,-99.2075
2899,420827,0.313784,-1.22244,-0.395036,12.915,157.0275,-77.525
2900,420923,3.0619560000000003,-2.459276,-1.303448,-44.0825,151.8475,-68.74
2901,421019,1.140456,0.6653880999999999,-1.274168,-135.765,83.80751,-72.1
2902,421115,0.871568,0.274012,-1.1716879999999998,-116.8825,49.3675,-77.875
2903,421211,0.8569280999999999,-0.40211199999999997,-0.793244,-84.1225,27.0725,-64.4
2904,421308,0.552416,-0.07588400000000001,-0.9989360999999999,-71.61,15.2075,-51.765
2905,421404,0.758596,-0.383812,-0.78446,-60.1475,17.395,-47.6875
2906,421500,0.6993041,-0.053191999999999996,-0.9145120999999999,-52.15,13.9475,-44.5375
2907,421596,0.6466,-0.096868,-0.87108,-42.805,12.5475,-38.325
2908,421693,0.7808001,-0.044652,-0.9106081,-33.565,12.18,-31.85
2909,421789,0.7032079999999999,-0.034648000000000005,-0.8149601,-25.3225,11.5325,-26.215
2910,421885,0.624152,0.011956,-0.8296,-18.8825,8.75,-21.735
2911,421981,0.6158561,-0.11736400000000001,-0.81862,-12.8275,9.8,-18.235
2912,422077,0.6182960999999999,-0.114192,-0.8076399999999999,-11.69,10.185,-17.325
2913,422174,0.63318,0.008784,-0.807396,-10.08,10.3775,-15.575
2914,422270,0.615368,-0.021716,-0.8188641,-4.5675,10.08,-12.81
2915,422366,0.6034121,-0.01708,-0.801784,0.1225,10.78,-8.8725
2916,422462,0.597068,-0.046848,-0.8025161,3.92,12.3025,-5.9325
2917,422559,0.5551,-0.102724,-0.793976,6.6325,14.455,-4.8475
2918,422655,0.58316,-0.160552,-0.8042239999999999,7.7,17.815,-6.0025
2919,422751,0.6009720000000001,-0.145912,-0.7903161,7.6475,20.5625,-8.9075
2920,422847,0.61488,-0.122244,-0.781776,6.8425,22.1725,-11.7775
2921,422943,0.581208,-0.163968,-0.780068,4.6725,24.71,-12.81
2922,423040,0.62342,-0.10858,-0.777872,0.805,28.28,-13.615
2923,423136,0.623908,0.00244,-0.790804,2.59,30.695,-13.86
2924,423232,0.6068279999999999,-0.02562,-0.7766521,7.2975,34.055,-11.06
2925,423328,0.615124,-0.000488,-0.780556,8.0675,38.2725,-6.965
2926,423425,0.624884,-0.037576,-0.7661600000000001,10.325,42.0525,-2.6775
2927,423521,0.622688,-0.061488,-0.762744,11.8125,45.8675,0.1925
2928,423617,0.626104,-0.100284,-0.752496,13.16,49.6475,1.085
2929,423713,0.644648,-0.098576,-0.731024,13.755,53.445,-0.07
2930,423809,0.6439159999999999,-0.10223600000000001,-0.732244,15.89,56.385,-1.8725
2931,423906,0.651968,-0.10004,-0.721264,18.2,59.2725,-3.5875
2932,424002,0.659532,-0.1098,-0.721508,20.4925,62.055,-5.145
2933,424098,0.667096,-0.099552,-0.719312,22.2425,64.3125,-6.7025
2934,424194,0.6663640000000001,-0.114436,-0.72346,24.2725,67.165,-8.5575
2935,424290,0.66856,-0.122,-0.71126,25.7425,71.4525,-11.2
2936,424387,0.64294,-0.114192,-0.7141881,27.125,76.7025,-12.74
2937,424483,0.6749041,-0.10223600000000001,-0.7176041,28.7,84.01751,-14.3675
2938,424579,0.67466,-0.12761199999999998,-0.7017439999999999,30.1175,92.48751,-15.47
2939,424675,0.681736,-0.1708,-0.6771,29.855,101.64,-16.975
2940,424771,0.71614,-0.138836,-0.670268,27.6675,110.0575,-19.04
2941,424868,0.69296,-0.143228,-0.642696,24.6225,117.215,-21.4725
2942,424964,0.711992,-0.10833599999999999,-0.646112,21.7,125.37,-23.0475
2943,425060,0.696864,-0.134688,-0.642696,18.27,133.6125,-23.8525
2944,425156,0.69662,-0.1098,-0.67832,12.0925,144.725,-22.925
2945,425253,0.592188,-0.160796,-0.676612,4.7775,152.775,-23.9225
2946,425349,0.698816,-0.21667199999999998,-0.619516,0.035,170.065,-26.6525
2947,425445,0.58316,-0.23472800000000002,-0.74542,-3.5525,198.1,-29.3475
2948,425541,0.764208,-0.305976,-0.6505041,-14.6825,216.8075,-40.565
2949,425637,0.5799880000000001,-0.337696,-0.476288,-41.16,245.6825,-58.5025
2950,425734,1.322968,-0.342332,-0.769332,-53.725,293.79,-76.37001
2951,425830,1.138992,-0.111508,-0.8762040000000001,-35.7525,365.47,-88.62
2952,425926,0.777384,-0.25058800000000003,-1.212192,-12.53,435.1725,-77.07
2953,426022,1.167784,-0.197884,-0.8769360999999999,29.155,458.8325,-71.015
2954,426119,1.73728,-0.014884,-0.8874280999999999,58.345,487.865,-82.3725
2955,426215,1.8419560000000001,-0.765672,-1.316624,89.88,535.64,-87.8325
2956,426311,1.630896,-0.5060560000000001,-1.059936,104.9825,539.42,-109.585
2957,426407,3.077816,-0.49434399999999995,-0.9335440999999999,91.77,514.64,-151.8475
2958,426503,4.481548,-0.47165200000000007,-1.633092,154.945,526.96,-116.7425
2959,426600,3.34036,-0.7686,-2.342644,251.02,507.115,-46.4625
2960,426696,1.85562,-1.6804279999999998,-2.642764,197.575,374.395,-54.3725
2961,426792,4.023804,-3.072936,-3.202256,55.4925,166.775,-72.835
2962,426888,2.027396,-1.9598080000000002,-3.200304,-78.015,-34.335,-34.265
2963,426985,0.251564,-1.074332,-1.6399240000000002,-153.58,-176.9075,-9.38
2964,427081,0.040504000000000005,-0.204716,-1.437648,-151.795,-178.955,4.62
2965,427177,0.132736,0.036112,-1.274168,-89.25,-174.79,25.2525
2966,427273,0.419436,-0.22789600000000002,-1.305644,-7.735,-182.5075,54.6
2967,427370,0.614392,-0.558272,-1.264408,35.595,-210.1575,75.67
2968,427466,0.68808,-0.74298,-1.169492,32.8825,-246.9425,83.1775
2969,427562,0.729072,-0.71492,-1.0406600000000001,2.0475,-282.765,81.62001
2970,427658,0.756644,-0.541924,-0.9186601000000001,-32.34,-313.5475,77.175
2971,427754,0.801296,-0.33671999999999996,-0.8166680000000001,-51.9225,-338.7475,74.13
2972,427851,0.837408,-0.149572,-0.7166279999999999,-51.205,-359.275,74.725
2973,427947,0.801784,-0.05929201,-0.56608,-33.88,-376.25,78.785
2974,428043,0.761524,-0.08417999999999999,-0.46945600000000004,-9.0825,-386.155,83.52750999999999
2975,428139,0.773968,-0.157868,-0.40894400000000003,12.005,-386.12,86.87
2976,428236,0.815692,-0.2684,-0.396988,23.66,-380.4325,87.95501
2977,428332,0.9108521,-0.366,-0.449692,24.78,-372.0675,87.2375
2978,428428,1.031144,-0.347456,-0.5231359999999999,18.795,-363.965,85.8025
2979,428524,1.1855959999999999,-0.29768,-0.613416,15.645,-358.5925,86.45
2980,428621,1.338096,-0.28938400000000003,-0.6902761,19.6,-356.755,89.32
2981,428717,1.3888479999999999,-0.31402800000000003,-0.7329760000000001,27.4925,-356.3875,94.57
2982,428813,1.416664,-0.388936,-0.776896,33.9325,-354.62,99.435
2983,428909,1.479372,-0.43554,-0.8664440000000001,34.685,-350.0525,101.605
2984,429005,1.564284,-0.4453,-0.9506241,32.4275,-345.1175,101.7275
2985,429102,1.65432,-0.487756,-1.036268,29.9425,-341.075,101.5175
2986,429198,1.843908,-0.5941401,-1.169736,28.14,-337.5575,100.38
2987,429294,2.090348,-0.7027201,-1.288564,25.585,-337.3125,100.2925
2988,429390,2.292624,-0.761524,-1.36274,21.35,-341.3725,104.5975
2989,429487,2.4334119999999997,-0.7388319999999999,-1.3466360000000002,18.7425,-347.5675,115.43
2990,429583,2.513688,-0.531676,-1.27368,20.055,-351.47,133.5075
2991,429679,2.566636,-0.49751599999999996,-1.103612,29.9425,-349.9475,156.7125
2992,429775,2.608848,-0.51972,-0.78446,38.1675,-343.1925,174.545
2993,429871,2.620804,-0.39967199999999997,-0.340868,30.415,-327.145,182.175
2994,429968,2.6171439999999997,-0.104432,0.266936,18.1475,-300.3525,181.685
2995,430064,2.857484,0.400892,0.983808,15.68,-262.2725,173.2325
2996,430160,3.234464,1.036512,1.6565159999999999,34.93,-218.9075,156.625
2997,430256,3.302296,1.310036,2.185264,81.0775,-174.7725,138.915
2998,430353,2.8975,0.8383841000000001,2.429264,113.9775,-119.595,118.7375
2999,430449,2.297504,0.159576,2.20332,76.2475,-47.0575,73.36
3000,430545,2.199416,0.309148,1.441552,-20.7375,28.0,1.295
3001,430641,2.4077919999999997,0.526308,0.477508,-81.62001,79.6075,-55.02
3002,430738,2.341668,0.37990799999999997,-0.163968,-75.67,94.6225,-75.53
3003,430834,1.9583439999999999,-1.40666,0.8698601,-57.6975,120.4875,-86.6775
3004,430930,-1.243424,-0.019764,1.9529759999999998,-188.44,222.0575,-160.125
3005,431026,1.1163,1.4271559999999999,-2.974848,-194.2675,343.4725,-198.7825
3006,431123,2.493436,0.8657120999999999,-2.135732,-22.085,346.115,-86.03
3007,431219,3.76736,0.595604,-1.83732,62.6675,341.25,-21.56
3008,431315,3.6590239999999996,0.697108,-2.756468,11.41,280.77,-55.125
3009,431411,1.547692,0.16128399999999998,-1.210728,27.8775,181.7375,-64.9775
3010,431507,0.09930800000000001,-0.42333999999999994,-0.530456,21.3675,145.565,-78.89
3011,431604,0.256444,-0.5858439999999999,-0.388204,31.0975,159.7925,-61.1975
3012,431700,3.3786680000000002,-2.6449599999999998,-1.6143040000000002,2.6775,165.97,-55.72
3013,431796,1.218536,0.085156,-0.9440360999999999,-101.64,92.085,-58.4325
3014,431892,0.37990799999999997,0.196664,-0.9625799999999999,-105.175,61.11,-67.1475
3015,431989,0.98088,-0.9552601000000001,-0.7998321,-87.0625,52.815,-65.8525
3016,432085,0.7241920000000001,0.022448,-1.0321200000000001,-101.745,47.25,-59.9025
3017,432181,0.781776,0.02806,-0.8647360000000001,-96.6175,35.8575,-57.7325
3018,432277,0.861808,-0.21374400000000002,-1.019676,-73.7625,23.065,-50.89
3019,432374,0.6307401,-0.007564001,-0.8791321,-62.44,20.16,-39.585
3020,432470,0.7376119999999999,-0.101504,-0.91012,-45.3775,14.4725,-31.99
3021,432566,0.621712,-0.098088,-0.8620521000000001,-31.955,14.35,-25.8825
3022,432662,0.671488,-0.102724,-0.8371639999999999,-21.9275,13.335,-21.595
3023,432759,0.6541640000000001,-0.060024,-0.8376520000000001,-14.56,12.74,-16.9575
3024,432855,0.636108,-0.07808001,-0.8274040000000001,-7.875,12.4775,-13.405
3025,432951,0.624884,-0.10492,-0.805688,-6.0725,11.48,-12.4075
3026,433047,0.6290319999999999,-0.09272000000000001,-0.7954399999999999,-4.55,10.815,-11.4975
3027,433143,0.624884,-0.09442801,-0.7944641,-3.2725,9.94,-9.8875
3028,433240,0.605608,-0.116876,-0.793976,-2.38,8.6975,-8.4875
3029,433336,0.5934081,-0.10858,-0.7993439999999999,-0.77,8.54,-7.28
3030,433433,0.598288,-0.11834000000000001,-0.787388,1.68,9.345,-5.845
3031,433528,0.5997520000000001,-0.09540401,-0.791048,3.8325,11.1825,-4.06
3032,433625,0.5777920999999999,-0.170068,-0.792756,6.51,13.545,-2.9925
3033,433721,0.599508,-0.167872,-0.7761640999999999,7.175,16.555,-4.5675
3034,433817,0.611464,-0.09882,-0.777872,7.42,18.4275,-5.985
3035,433913,0.642452,-0.08100801,-0.758108,9.24,19.915,-4.41
3036,434010,0.6392800000000001,-0.071248,-0.7517640999999999,13.1075,20.65,-1.015
3037,434106,0.633912,-0.076616,-0.75762,16.9925,21.0875,2.38
3038,434202,0.6058520000000001,-0.06539201,-0.7759199999999999,19.5825,22.5925,4.9175
3039,434298,0.5958479999999999,-0.098332,-0.765428,23.5025,26.04,7.77
3040,434394,0.6007279999999999,-0.11053199999999999,-0.76372,25.83,30.695,9.31
3041,434491,0.605608,-0.146156,-0.762988,26.355,34.615,8.4525
3042,434587,0.627568,-0.172752,-0.7442,26.04,38.57,7.0
3043,434683,0.633912,-0.176656,-0.7390760000000001,25.7775,41.125,5.32
3044,434779,0.621468,-0.203984,-0.742492,24.9725,42.91,3.0275
3045,434876,0.640012,-0.17763199999999998,-0.7483479999999999,23.5375,45.0275,-0.14
3046,434972,0.6344,-0.16835999999999998,-0.744444,23.1175,46.725,-2.7475
3047,435068,0.633424,-0.182024,-0.748836,22.8375,49.525,-5.075
3048,435164,0.6280560000000001,-0.18422,-0.7478600000000001,22.4525,53.6725,-7.2975
3049,435261,0.636352,-0.194224,-0.7600600000000001,22.295,58.31,-10.0625
3050,435357,0.610488,-0.20105599999999998,-0.7610359999999999,22.47,65.03,-12.6525
3051,435453,0.6348881,-0.196908,-0.757376,23.905,74.095,-15.085
3052,435549,0.62342,-0.217404,-0.727608,25.0425,83.4225,-17.3775
3053,435646,0.659776,-0.167384,-0.7278521,23.73,94.5525,-18.7775
3054,435742,0.692472,-0.13761600000000002,-0.696864,24.1325,104.0725,-17.01
3055,435838,0.6673399999999999,-0.121268,-0.718824,22.3125,111.405,-14.385
3056,435934,0.689056,-0.10004,-0.7407841,19.8975,120.7675,-11.0775
3057,436030,0.688812,-0.123464,-0.714676,19.4425,132.79,-7.6125
3058,436127,0.6470880999999999,-0.13664,-0.701012,17.15,146.7375,-5.845
3059,436223,0.61488,-0.198372,-0.6832,13.2825,161.42,-7.84
3060,436319,0.533628,-0.302072,-0.660996,17.29,184.905,-7.42
3061,436415,0.71736,-0.24351199999999998,-0.8581479999999999,20.5975,220.3775,-7.2275
3062,436512,0.6095119999999999,-0.401868,-0.6688041,7.21,241.3075,-24.3775
3063,436608,0.52704,-0.267912,-0.9921040999999999,-0.035,285.11,-46.2525
3064,436704,0.9511120000000001,-0.486048,-0.81252,-16.87,319.0075,-61.7925
3065,436800,1.117032,-0.303292,-0.797392,-27.9125,388.57,-63.2975
3066,436896,0.9333,-0.26108000000000003,-1.480104,-26.9675,465.535,-45.045
3067,436993,1.328336,-0.302316,-1.036024,-3.6225,498.61,-34.02
3068,437089,1.8400040000000002,-0.248148,-1.029192,43.505,521.85,-33.39
3069,437185,1.7294720000000001,-0.254492,-1.3529799999999998,65.5725,550.6025,-45.15
3070,437281,1.985916,-0.27718400000000004,-1.028216,93.275,532.3325,-56.07
3071,437378,3.1583360000000003,-0.618784,-1.274656,146.0725,505.8725,-64.225
3072,437474,3.890336,-0.582916,-2.013488,255.465,512.855,-16.7125
3073,437570,2.629588,-0.752496,-2.2082,330.05,506.6075,26.8275
3074,437666,1.04798,-1.182668,-2.4687919999999997,285.075,376.0225,2.1875
3075,437762,3.5489800000000002,-2.36436,-2.613728,219.1875,171.08,-46.515
3076,437859,2.4988040000000002,-2.148176,-3.553128,72.275,24.395,-56.1575
3077,437955,0.6451359999999999,-1.327604,-1.8605,-37.03,-165.1125,-57.61
3078,438051,0.343796,-0.776896,-1.6933599999999998,-86.8,-202.16,-59.745
3079,438147,0.084912,-0.30134,-1.2402520000000001,-87.46500999999999,-224.8225,-62.8075
3080,438244,0.19251600000000002,-0.20788800000000002,-1.1033680000000001,-50.225,-234.535,-52.675
3081,438340,0.413336,-0.35843600000000003,-1.0201639999999998,-4.6375,-246.7675,-32.6725
3082,438436,0.610488,-0.5751081,-0.9608721,24.8325,-268.065,-12.4425
3083,438532,0.7227279999999999,-0.7503,-0.904752,27.265,-295.0675,3.115
3084,438629,0.7068681,-0.758352,-0.7808001,6.475,-323.4525,12.5825
3085,438725,0.678808,-0.6290319999999999,-0.6527,-18.55,-345.0825,18.305
3086,438821,0.693692,-0.515084,-0.571692,-32.025,-357.91,25.025
3087,438917,0.7259001,-0.430904,-0.5060560000000001,-33.6875,-364.91,34.02
3088,439014,0.761524,-0.393084,-0.44066400000000006,-28.2625,-368.5325,44.9225
3089,439110,0.7854361,-0.39284,-0.39479200000000003,-19.5125,-368.76,56.8225
3090,439206,0.849608,-0.425292,-0.40381999999999996,-13.44,-365.2425,67.0075
3091,439302,0.9333,-0.41846000000000005,-0.44090799999999997,-10.5,-359.8525,74.795
3092,439398,1.030412,-0.399428,-0.493856,-8.1025,-354.165,81.025
3093,439495,1.115812,-0.369172,-0.525088,-3.3775,-349.4925,86.11751
3094,439591,1.224148,-0.369172,-0.571692,4.6375,-345.415,89.6875
3095,439687,1.36762,-0.429196,-0.618784,15.4,-342.4925,92.8725
3096,439783,1.4518,-0.528504,-0.640744,24.395,-340.48,97.5625
3097,439880,1.475956,-0.60024,-0.700036,25.9875,-338.0475,104.2125
3098,439976,1.4940120000000001,-0.616344,-0.752984,22.015,-333.025,111.79
3099,440072,1.541104,-0.6392800000000001,-0.8117880000000001,17.465,-325.675,121.17
3100,440168,1.7033639999999999,-0.675148,-0.916464,12.53,-315.6125,129.8325
3101,440264,1.970056,-0.6912520000000001,-1.057984,10.3075,-305.9875,137.9
3102,440361,2.293844,-0.74664,-1.17852,12.7575,-301.8225,148.12
3103,440457,2.513932,-0.8730319999999999,-1.1960879999999998,15.54,-306.1625,160.4925
3104,440553,2.6354439999999997,-0.9642879999999999,-1.1477760000000001,9.975,-314.615,170.6775
3105,440649,2.656428,-0.6824680000000001,-1.0016200000000002,-3.01,-322.0175,179.235
3106,440746,2.650816,-0.306464,-0.84546,-8.0325,-320.495,193.095
3107,440842,2.668384,-0.127856,-0.499224,7.63,-311.0625,207.97
3108,440938,2.660088,-0.0061,-0.012444,19.3025,-293.5625,211.0675
3109,441034,2.619828,0.22935999999999998,0.700036,14.8925,-266.7525,198.905
3110,441130,2.70962,0.730292,1.4696120000000001,-2.5025,-228.2175,167.125
3111,441227,2.946788,1.3588360000000002,2.019344,-3.2375,-180.215,115.78
3112,441323,3.0439,1.633092,2.221132,34.58,-129.6925,60.3925
3113,441419,2.667896,1.01748,2.076684,77.9275,-77.595,14.4375
3114,441515,2.240164,0.2501,1.6226,63.595,-22.295,-36.12
3115,441612,1.928088,0.158844,0.7315119999999999,0.1925,27.86,-89.7575
3116,441708,1.853668,-0.807396,1.109224,-63.4375,96.98501,-142.0475
3117,441804,0.36282800000000004,0.197884,2.9675279999999997,-185.535,197.645,-226.2225
3118,441900,0.542168,1.5889280000000001,-1.147532,-223.16,323.155,-275.1525
3119,441996,2.710108,0.29987600000000003,-3.465532,-55.09,377.1075,-173.32
3120,442093,3.486272,-0.340868,-0.9703879999999999,68.775,349.1775,-42.385
3121,442189,3.503108,0.452132,-2.2113720000000003,-15.54,302.295,-52.7275
3122,442285,2.2057599999999997,0.423584,-1.58966,-11.9875,221.025,-53.865
3123,442381,0.625128,-0.062464,-0.8481440999999998,-13.5975,166.705,-71.4875
3124,442478,0.996008,-1.6394360000000001,-1.264896,-10.6225,155.715,-74.34
3125,442574,2.2545599999999997,-1.857816,-0.600484,-93.0125,125.79,-76.9475
3126,442670,1.083604,0.7625,-1.1529,-146.72,75.39,-81.32251
3127,442766,1.102148,0.7285841,-1.081408,-121.765,35.9975,-79.38
3128,442863,0.8327720999999999,-0.5353359999999999,-1.041148,-68.1275,8.6275,-55.265
3129,442959,0.613904,-0.09906401,-0.899384,-57.2775,17.4475,-40.32
3130,443055,0.771772,-0.171044,-0.83204,-44.1525,14.7175,-37.0825
3131,443151,0.70028,-0.12932000000000002,-0.812032,-31.9725,12.285,-31.0275
3132,443247,0.733952,0.130052,-0.8666879999999999,-22.5925,10.4475,-24.535
3133,443344,0.646844,-0.130052,-0.847412,-7.77,8.19,-14.21
3134,443440,0.611464,0.001952,-0.8335040000000001,-1.19,8.47,-9.975
3135,443536,0.624396,-0.016836,-0.8296,3.3425,11.4975,-6.1775
3136,443632,0.6095119999999999,-0.047824,-0.81252,9.625,13.5275,-1.0325
3137,443729,0.606584,-0.121268,-0.790804,12.39,14.6825,1.3125
3138,443825,0.615124,-0.08662001,-0.79422,13.9125,15.785,2.03
3139,443921,0.633668,-0.08881599,-0.7832399999999999,16.3975,16.7825,3.9025
3140,444017,0.630008,-0.10418800000000002,-0.771528,20.3875,16.765,6.8075
3141,444113,0.6182960999999999,-0.166652,-0.765184,19.6875,15.8725,7.2625
3142,444210,0.612196,-0.133712,-0.7890961,16.7825,15.4175,5.705
3143,444306,0.616588,-0.159332,-0.779824,16.0475,15.89,4.97
3144,444402,0.61732,-0.15396400000000002,-0.773724,15.4,16.66,4.2875
3145,444498,0.61732,-0.132248,-0.77836,15.2075,17.7275,4.13
3146,444595,0.6258600000000001,-0.157136,-0.7622561,15.61,18.55,4.515
3147,444691,0.632448,-0.164212,-0.74908,15.8375,18.5675,4.3925
3148,444787,0.646112,-0.171776,-0.7407841,15.8725,17.85,3.57
3149,444883,0.6558721,-0.154696,-0.7327321,15.7325,16.4325,3.325
3150,444980,0.647332,-0.130052,-0.7439560000000001,16.835,14.91,4.4275
3151,445076,0.646112,-0.155184,-0.7439560000000001,19.7225,13.72,6.2125
3152,445172,0.6451359999999999,-0.18178,-0.7329760000000001,21.35,12.88,7.2275
3153,445268,0.643184,-0.17202,-0.727608,21.5775,12.145,7.105
3154,445364,0.638304,-0.1769,-0.724924,18.935,11.48,6.16
3155,445461,0.633668,-0.187636,-0.7288279999999999,14.455,11.13,4.795
3156,445557,0.628544,-0.200568,-0.738588,10.9025,11.62,3.4125
3157,445653,0.6351319999999999,-0.195932,-0.743468,9.1525,12.2325,1.4525
3158,445749,0.628544,-0.198128,-0.7439560000000001,8.1375,12.985,-1.295
3159,445845,0.634644,-0.193004,-0.742492,7.735,14.385,-3.9375
3160,445942,0.640256,-0.173484,-0.739564,7.84,15.785,-5.6525
3161,446038,0.640012,-0.16104000000000002,-0.7361481,8.5575,17.2025,-6.2125
3162,446134,0.6317159999999999,-0.17616800000000002,-0.740052,9.135,19.075,-6.4225
3163,446230,0.62708,-0.172752,-0.741272,9.24,21.6825,-7.245
3164,446327,0.6280560000000001,-0.193004,-0.7278521,9.8,25.4975,-8.3825
3165,446423,0.639524,-0.183976,-0.7332201,9.4675,29.4175,-10.01
3166,446519,0.646844,-0.172508,-0.7315119999999999,8.54,33.46,-10.675
3167,446615,0.654652,-0.193736,-0.726876,8.4,38.115,-10.3425
3168,446711,0.641964,-0.217892,-0.732244,9.2575,42.455,-10.5875
3169,446808,0.640012,-0.190808,-0.7381001,9.5025,47.74,-12.3025
3170,446904,0.638548,-0.186416,-0.74664,10.8325,54.5825,-13.72
3171,447000,0.638304,-0.160064,-0.761524,12.4775,63.5075,-14.84
3172,447096,0.6414761,-0.163236,-0.765428,14.875,74.6725,-15.47
3173,447193,0.61,-0.220088,-0.779092,18.1825,87.0275,-16.66
3174,447289,0.5968241,-0.249856,-0.787144,20.58,101.5875,-20.8775
3175,447385,0.548024,-0.265716,-0.7986121,22.6625,120.33,-28.6475
3176,447481,0.557052,-0.21813600000000002,-0.794708,22.19,141.6625,-38.3075
3177,447578,0.547536,-0.24717199999999998,-0.817156,24.36,167.335,-48.8075
3178,447674,0.427976,-0.360632,-0.853024,29.33,197.2775,-62.4225
3179,447770,0.540216,-0.367708,-0.9018241,28.805,232.19,-81.25251
3180,447866,0.780068,-0.48702399999999996,-0.656116,44.94,274.1375,-97.8075
3181,447962,0.552416,-0.570716,-0.8945040000000001,62.1775,325.4825,-119.0175
3182,448059,1.354932,-0.5282600000000001,-1.31272,72.6775,364.9275,-152.4775
3183,448155,1.77998,-0.160796,-1.339072,113.1025,414.015,-167.6675
3184,448251,1.93248,-0.5795,-1.6445599999999998,173.4775,432.6,-177.5025
3185,448347,2.424384,-1.441552,-1.9842080000000002,207.4625,425.81,-195.58
3186,448444,2.35704,-0.827892,-1.1773,210.14,396.445,-207.165
3187,448540,2.34972,-0.492392,-1.5311,173.2675,352.8875,-222.565
3188,448636,1.922232,-0.139324,-2.3724119999999997,192.4475,271.46,-224.28
3189,448732,1.176568,-0.576328,-2.084736,246.3125,146.65,-201.81
3190,448829,1.116056,-1.945168,-2.2423599999999997,245.2275,51.52,-181.545
3191,448925,0.011224,-2.175748,-1.138992,211.6275,-9.7825,-133.7875
3192,449021,-0.249612,-2.132072,-0.9201241,146.5975,-20.0725,-69.51
3193,449117,0.031964,-1.642608,-1.061156,92.575,-9.3625,12.04
3194,449213,0.217892,-1.1241079999999999,-1.216828,67.2,-19.6,98.3325
3195,449310,0.255712,-0.635864,-1.222928,62.09,-46.515,171.7275
3196,449406,0.21276799999999998,-0.187392,-1.14802,61.3375,-76.37001,218.7325
3197,449502,0.2318,0.284016,-1.1150799999999998,60.41,-100.765,237.6325
3198,449598,0.284016,0.6602640000000001,-1.106052,66.3425,-122.465,233.8525
3199,449695,0.339404,0.8510719999999999,-1.117032,79.66001,-144.83,213.675
3200,449791,0.49288000000000004,0.9479401,-1.18218,92.76751,-166.8275,182.665
3201,449887,0.6390359999999999,0.9598959999999999,-1.2104840000000001,105.035,-192.3075,149.3275
3202,449983,0.747128,0.90036,-1.1892559999999999,115.8325,-220.2025,120.715
3203,450079,0.8076399999999999,0.813984,-1.1333799999999998,123.97,-246.155,99.17251
3204,450176,0.8378960999999999,0.724924,-1.044808,127.225,-266.7,83.93001
3205,450272,0.8786440999999999,0.641232,-0.945256,124.81,-279.9825,73.6925
3206,450368,0.9125601000000001,0.549732,-0.889136,118.755,-285.95,66.64
3207,450464,1.0147959999999998,0.466528,-0.879864,109.445,-287.5075,61.1975
3208,450561,1.118496,0.423828,-0.9089001,97.895,-288.7325,57.89
3209,450657,1.20048,0.390888,-0.9298841,86.9575,-291.7775,55.58
3210,450753,1.249036,0.414312,-0.9486720999999999,76.125,-296.03,51.765
3211,450849,1.267092,0.49605200000000005,-0.979416,67.725,-300.58,45.9375
3212,450945,1.2724600000000001,0.5936520000000001,-1.00894,66.99,-305.095,38.8325
3213,451042,1.28588,0.671488,-1.0589600000000001,75.04,-309.9075,29.6625
3214,451138,1.2841719999999999,0.71004,-1.089216,87.2025,-315.28,15.96
3215,451234,1.3176,0.7141881,-1.1192280000000001,99.4875,-320.6175,-4.41
3216,451330,1.38836,0.709064,-1.1087360000000002,110.5825,-325.85,-30.5025
3217,451427,1.41886,0.699792,-1.047736,120.5925,-329.6125,-59.5
3218,451523,1.451068,0.740052,-1.004304,129.4475,-327.6875,-90.02
3219,451619,1.6104,0.8142281,-1.031388,144.3925,-319.2875,-117.6
3220,451715,1.8239,0.8113001,-1.032852,168.665,-309.715,-138.005
3221,451812,1.957856,0.7849480999999999,-0.8815719999999999,194.7925,-301.6125,-154.84
3222,451908,1.9900639999999998,0.749812,-0.5785241,214.795,-289.5375,-170.8875
3223,452004,1.981768,0.8342360000000001,-0.258884,228.0425,-267.9425,-187.215
3224,452100,2.013,1.003328,0.03782,240.94,-236.215,-200.865
3225,452196,2.015196,1.062864,0.256444,259.175,-200.1475,-208.46
3226,452293,2.028616,1.095072,0.316956,268.3275,-165.0425,-210.1925
3227,452389,1.9825,1.11142,0.375272,258.965,-135.8875,-210.77
3228,452485,1.8644040000000002,1.029436,0.5058121,232.6975,-110.3375,-213.3425
3229,452581,1.7385,0.9228081,0.673196,196.14,-82.3725,-220.815
3230,452677,1.6628599999999998,0.89792,0.7078439999999999,164.9725,-50.3475,-225.5575
3231,452774,1.5999079999999999,0.543388,0.49824799999999997,155.0675,-18.7425,-218.05
3232,452870,1.324676,-2.497096,0.22326,98.1925,25.4275,-223.0375
3233,452966,2.971188,-2.090836,-1.40544,-221.27,64.0325,-274.1025
3234,453062,-0.07417601,-2.04228,0.5382640000000001,-301.0,25.795,-187.5125
3235,453159,0.052216,0.903532,-0.9286639999999999,-360.29,52.3075,-191.1
3236,453255,2.284328,2.0313,-2.282132,-310.975,59.885,-215.635
3237,453351,1.436672,1.120692,-1.152412,-228.1125,7.7525,-181.3875
3238,453447,1.486204,0.622688,-2.0708279999999997,-162.155,7.5425,-102.235
3239,453543,0.040748,0.661484,-1.015772,-115.5,6.2475,-50.645
3240,453640,0.853024,0.724436,-1.21756,-76.1775,14.7175,-26.9675
3241,453736,0.67588,0.091012,-0.8945040000000001,-40.915,9.9225,-23.8
3242,453832,0.668072,0.070516,-0.8805960999999999,-22.2075,10.1325,-18.4975
3243,453928,0.7329760000000001,-0.061975999999999996,-0.8559521000000001,-9.7825,10.325,-13.2125
3244,454025,0.6973520000000001,-0.11541199999999999,-0.80886,-1.68,9.135,-9.555
3245,454121,0.6229319999999999,-0.136884,-0.8147161,2.52,8.0675,-6.615
3246,454217,0.640256,-0.156648,-0.800564,5.3025,8.2075,-4.0075
3247,454313,0.660996,-0.193492,-0.774212,6.37,7.6475,-2.17
3248,454409,0.643672,-0.156648,-0.780068,6.16,5.845,-1.1375
3249,454506,0.605364,-0.135176,-0.794952,6.23,4.2175,0.2625
3250,454602,0.5934081,-0.111996,-0.808372,7.7,4.2875,2.1525
3251,454698,0.5753520000000001,-0.134444,-0.8003201,10.22,5.6175,4.4625
3252,454794,0.559736,-0.16104000000000002,-0.796416,12.5125,7.2275,6.2475
3253,454890,0.604632,-0.170312,-0.7829961,13.0375,9.2575,6.7375
3254,454987,0.609268,-0.18178,-0.7556681,12.8625,9.9575,6.8425
3255,455083,0.586088,-0.21813600000000002,-0.754448,11.9875,9.5725,6.51
3256,455179,0.5612,-0.23448400000000003,-0.75274,9.9225,10.255,5.005
3257,455275,0.5543680000000001,-0.244,-0.7522521,6.0375,11.9,1.5925
3258,455372,0.56852,-0.24766,-0.765672,1.19,13.9825,-1.8025
3259,455468,0.581208,-0.226188,-0.759084,-1.225,15.155,-4.865
3260,455564,0.6034121,-0.25742,-0.743468,-2.4325,15.435,-7.49
3261,455660,0.624152,-0.23301999999999998,-0.754448,-3.955,15.155,-9.7475
3262,455756,0.7032079999999999,-0.027327999999999998,-1.0826280000000001,2.695,12.95,-10.8325
3263,455853,0.574864,-0.30353600000000003,-0.5694961,6.44,10.395,-11.095
3264,455949,0.59902,-0.310612,-0.767624,-4.8475,9.975,-14.77
3265,456045,0.6390359999999999,-0.162992,-0.8003201,-3.2375,9.6775,-18.1475
3266,456141,0.671488,-0.136152,-0.7510321,-1.68,9.8525,-20.545
3267,456238,0.613416,-0.191296,-0.758352,-0.3675,8.96,-20.3875
3268,456334,0.6724640000000001,-0.117852,-0.7515201,0.2625,9.5375,-20.3175
3269,456430,0.635376,-0.086132,-0.7671359999999999,3.36,9.6425,-18.235
3270,456526,0.64904,-0.11224,-0.7661600000000001,4.8475,11.3225,-16.17
3271,456623,0.6231760999999999,-0.125172,-0.7759199999999999,6.16,13.5975,-14.0525
3272,456719,0.610488,-0.10833599999999999,-0.778604,7.84,16.8,-12.95
3273,456815,0.609024,-0.149084,-0.774456,12.2675,20.65,-12.18
3274,456911,0.599996,-0.261324,-0.768844,15.6275,25.27,-12.3375
3275,457007,0.612196,-0.135664,-0.7937320999999999,12.0575,32.4275,-14.56
3276,457104,0.6039,-0.172752,-0.7659161,14.805,38.99,-15.9775
3277,457200,0.6344,-0.169824,-0.758352,17.535,46.13,-18.1825
3278,457296,0.6451359999999999,-0.143228,-0.7517640999999999,22.9775,52.3425,-19.5825
3279,457392,0.6480640000000001,-0.168604,-0.7300479999999999,26.985,58.4675,-19.74
3280,457489,0.6673399999999999,-0.132004,-0.7168720000000001,28.735,64.295,-18.9525
3281,457585,0.66978,-0.12053599999999999,-0.720776,32.6725,69.475,-17.22
3282,457681,0.682712,-0.129564,-0.7198,36.68,74.6725,-14.5425
3283,457777,0.693204,-0.118584,-0.7168720000000001,41.3,79.7475,-11.6025
3284,457874,0.685396,-0.153476,-0.69662,45.9375,83.86001,-9.7475
3285,457970,0.654896,-0.161772,-0.71004,48.4925,89.145,-9.275
3286,458066,0.690032,-0.12248800000000001,-0.7324881,51.625,96.18,-9.1525
3287,458162,0.697596,-0.12248800000000001,-0.70638,59.36,101.255,-8.295
3288,458259,0.67832,-0.10809200000000001,-0.71858,69.65,106.68,-6.5275
3289,458355,0.693448,-0.138348,-0.625616,77.0,111.4225,-8.0325
3290,458451,0.749568,-0.188368,-0.658556,79.7475,122.535,-6.8425
3291,458547,0.737124,-0.161528,-0.6480640000000001,85.92501,139.475,2.03
3292,458643,0.77104,-0.105652,-0.699548,101.01,155.1725,10.78
3293,458740,0.9059721,-0.206668,-0.679296,109.1475,166.2325,12.2325
3294,458836,0.9699,-0.156892,-0.865468,148.505,201.845,16.31
3295,458932,0.8988959999999999,-0.0244,-0.987956,201.11,241.3775,30.625
3296,459028,0.863516,-0.059048,-1.040416,248.01,271.705,51.59
3297,459125,1.055788,-0.053924,-1.137772,289.2225,302.015,71.99501
3298,459221,1.166564,-0.123708,-1.098732,326.795,331.485,97.93
3299,459317,1.603812,-0.285236,-1.119716,339.6925,342.965,122.92
3300,459413,1.673352,-0.36941599999999997,-0.9079241,344.925,338.8175,136.045
3301,459509,1.441064,-0.38966799999999996,-0.8254520000000001,348.46,321.23,129.815
3302,459606,1.450092,-0.2867,-0.9906401,353.465,297.9025,116.9175
3303,459702,2.4029119999999997,-0.366244,-1.148508,395.5175,285.565,102.0425
3304,459798,1.6826240000000001,-0.024156,-1.7470400000000001,476.105,310.205,102.2875
3305,459894,1.456436,-0.199348,-1.141432,506.135,224.2275,91.8575
3306,459991,0.340136,-1.1448479999999999,-1.324432,517.125,96.6175,50.5925
3307,460087,3.6270599999999997,-1.8468360000000001,-3.6182760000000003,398.2475,-17.5525,-35.7525
3308,460183,1.4332559999999999,-0.957944,-2.356552,214.095,-192.5525,-105.245
3309,460279,0.5219159999999999,-0.32574000000000003,-1.67872,126.455,-311.8325,-142.6075
3310,460375,0.314272,-0.02074,-1.236348,123.8825,-340.3225,-150.0975
3311,460472,0.21472,0.12175599999999999,-0.889868,153.5625,-347.1825,-146.4925
3312,460568,0.349408,0.01708,-0.8327720999999999,188.02,-339.605,-127.4525
3313,460664,0.578036,-0.21667199999999998,-0.818376,209.23,-337.82,-97.5975
3314,460760,0.7088201,-0.49312399999999995,-0.841556,200.9525,-345.2575,-66.46500999999999
3315,460857,0.735172,-0.55998,-0.8430200999999999,163.6775,-357.105,-41.02
3316,460953,0.7610359999999999,-0.341844,-0.8352120000000001,110.495,-365.5225,-21.4025
3317,461049,0.726388,-0.008052001,-0.787388,69.6325,-367.6575,-0.91
3318,461145,0.698328,0.31890799999999997,-0.742004,53.6375,-363.8425,21.385
3319,461242,0.733708,0.537532,-0.7551800000000001,61.2675,-353.815,44.9575
3320,461338,0.8893800999999999,0.540704,-0.847412,80.255,-341.95,64.9425
3321,461434,1.077016,0.474092,-0.9418401,92.085,-336.6125,75.7225
3322,461530,1.1477760000000001,0.517768,-0.9767321,87.255,-338.485,74.04251
3323,461627,1.154608,0.6456241,-0.9652639999999999,75.075,-342.0375,60.55
3324,461723,1.123376,0.748836,-0.9459880999999999,67.8825,-342.8075,40.7225
3325,461819,1.172176,0.73444,-0.984296,68.355,-339.99,20.0375
3326,461915,1.2456200000000002,0.639524,-1.0382200000000001,68.53,-337.75,-0.5775
3327,462011,1.299056,0.541924,-1.057984,64.26,-337.995,-20.3
3328,462108,1.2846600000000001,0.496784,-1.013332,58.3625,-339.6225,-37.0825
3329,462204,1.213168,0.438468,-0.9362280000000001,56.49,-336.8925,-48.37
3330,462300,1.15412,0.332572,-0.873276,57.505,-327.39,-56.3675
3331,462396,1.22488,0.135908,-0.9372040999999999,58.8175,-313.1625,-64.4
3332,462493,1.463756,-0.033184,-1.028948,59.9025,-299.0225,-71.7675
3333,462589,1.8119439999999998,-0.157868,-1.1270360000000001,63.7875,-292.0225,-71.225
3334,462685,1.958588,-0.214964,-1.063352,71.9775,-295.47,-57.6975
3335,462781,1.966884,-0.24644000000000002,-0.8559521000000001,79.9225,-300.02,-35.6125
3336,462877,1.9598080000000002,-0.31402800000000003,-0.527528,83.3175,-295.5575,-11.095
3337,462974,1.970056,-0.31842,-0.26961999999999997,71.6275,-280.175,8.4
3338,463070,2.042036,-0.16592,-0.08466801,46.4975,-255.115,20.2475
3339,463166,2.109624,0.099552,0.142008,19.46,-227.4125,27.8425
3340,463262,2.055456,0.328424,0.4514,5.7925,-197.3475,33.95
3341,463359,2.077172,0.349896,0.7686,4.2525,-160.055,35.4725
3342,463455,2.1777,0.42138809999999993,0.9950319999999999,2.8175,-118.965,27.5975
3343,463551,2.3075080000000003,0.5185,1.059448,0.35,-77.6825,13.0375
3344,463647,2.088884,0.09272000000000001,1.447408,-6.2125,-33.075,-2.065
3345,463744,1.951024,0.378688,1.9300400000000002,-65.135,40.67,-43.5225
3346,463840,2.532232,0.965996,1.7441119999999999,-123.8825,118.825,-98.455
3347,463936,1.175592,1.452288,0.01586,-148.05,176.8025,-151.1475
3348,464032,1.354444,0.386984,-2.9487400000000004,-106.82,188.93,-155.085
3349,464128,1.120692,-0.30256,-1.479616,-33.705,159.635,-86.6425
3350,464225,1.3146719999999998,-0.174216,-1.005768,-11.48,163.8525,-64.6625
3351,464321,1.635532,0.349896,-1.522316,-39.585,166.8275,-73.675
3352,464417,1.018944,0.10906800000000001,-0.9442801,-7.28,132.545,-43.9775
3353,464513,0.49654,0.011224,-0.749324,-2.94,111.545,-51.94
3354,464610,0.5553441,-0.37112399999999995,-0.653676,4.62,107.5025,-58.3625
3355,464706,1.057984,-0.472872,-0.796416,2.59,107.5725,-56.3325
3356,464802,1.7619240000000003,-1.3207719999999998,-1.542324,-14.35,97.6325,-53.3225
3357,464898,1.40178,-0.479704,-0.9037761000000001,-73.6925,60.2175,-49.7525
3358,464994,0.33013200000000004,0.474092,-0.8559521000000001,-64.715,37.1,-33.6175
3359,465091,0.85644,-0.4514,-1.02968,-51.415,38.43,-32.1125
3360,465187,0.8998719999999999,-0.029768,-0.9120720999999999,-49.315,29.3475,-28.175
3361,465283,0.48702399999999996,0.030744,-0.945256,-36.785,18.2,-22.0675
3362,465380,0.632204,-0.259128,-0.850584,-31.29,17.605,-20.51
3363,465476,0.598288,-0.032451999999999995,-0.865468,-24.815,18.1125,-19.1975
3364,465572,0.752496,-0.105652,-0.8427761,-18.445,17.0625,-16.5725
3365,465668,0.598288,-0.165432,-0.840824,-10.4125,13.6675,-13.055
3366,465764,0.6470880999999999,-0.086132,-0.8459479999999999,-5.81,15.2425,-10.115
3367,465860,0.6229319999999999,-0.142984,-0.8169121,0.5775,15.015,-8.1375
3368,465957,0.627812,-0.115168,-0.805932,5.4075,15.1025,-6.09
3369,466053,0.5887720000000001,-0.101992,-0.8169121,8.5575,15.5925,-3.64
3370,466149,0.5914560000000001,-0.129076,-0.8193521,10.885,17.6575,-0.7175
3371,466245,0.626104,-0.114436,-0.7998321,12.7225,19.9325,0.6475
3372,466342,0.676856,-0.102968,-0.782508,15.155,20.5275,2.0125
3373,466438,0.630984,-0.129564,-0.7854361,18.9175,19.6175,3.745
3374,466534,0.630008,-0.135176,-0.7812880999999999,22.435,19.11,4.4275
3375,466630,0.5948720000000001,-0.13785999999999998,-0.777872,25.2875,18.9525,4.06
3376,466726,0.611952,-0.14152,-0.768356,25.76,20.5275,4.76
3377,466823,0.593896,-0.15176800000000001,-0.752984,25.9525,22.3825,5.25
3378,466919,0.5655920999999999,-0.182268,-0.7747001,22.015,25.4625,3.185
3379,467015,0.620492,-0.226188,-0.754204,20.0375,29.6625,-0.6475
3380,467111,0.6307401,-0.170312,-0.757376,20.0025,31.5875,-4.585
3381,467208,0.6453800000000001,-0.146156,-0.770308,21.6475,31.9375,-6.335
3382,467304,0.5980439999999999,-0.216916,-0.7549359999999999,25.55,32.6025,-5.8275
3383,467400,0.542412,-0.29036,-0.756888,23.1525,36.7325,-7.0875
3384,467496,0.609024,-0.11736400000000001,-0.79422,15.2775,45.29,-9.555
3385,467593,0.6182960999999999,-0.17616800000000002,-0.74542,18.6375,50.0325,-11.1125
3386,467689,0.63562,-0.128344,-0.732244,17.7975,55.195,-11.76
3387,467785,0.655628,-0.161528,-0.7044279999999999,18.8825,60.41,-10.605
3388,467881,0.64782,-0.15054800000000002,-0.731024,15.47,66.2725,-9.6075
3389,467977,0.653676,-0.167384,-0.728096,14.07,71.05,-9.135
3390,468074,0.653188,-0.203496,-0.7041841,14.63,75.6175,-9.1
3391,468170,0.65514,-0.223992,-0.698816,15.2775,79.6775,-11.0425
3392,468266,0.652944,-0.21228000000000002,-0.686128,17.1675,84.7175,-12.7225
3393,468362,0.712236,-0.18422,-0.688812,18.7425,90.265,-13.86
3394,468459,0.6885680999999999,-0.21838000000000002,-0.696864,20.895,96.28501,-14.9275
3395,468555,0.6836880999999999,-0.212524,-0.715164,21.945,105.07,-17.045
3396,468651,0.7005239999999999,-0.235948,-0.6541640000000001,24.57,113.4525,-20.4575
3397,468747,0.674416,-0.21106,-0.6497721,24.1675,121.6425,-25.0425
3398,468843,0.7117479999999999,-0.190808,-0.607804,21.6825,129.6225,-28.1575
3399,468940,0.7095520000000001,-0.10223600000000001,-0.6351319999999999,17.395,137.13,-29.8375
3400,469036,0.7076001000000001,-0.06880801,-0.634156,9.415,144.6025,-27.3875
3401,469132,0.6912520000000001,-0.128588,-0.658068,9.94,161.1575,-14.4025
3402,469228,0.7625,-0.229848,-0.688812,10.71,186.55,-3.57
3403,469325,0.5455840000000001,-0.221552,-0.6563601,5.2325,207.2,-7.77
3404,469421,1.0736,-0.343796,-0.818132,-0.8225,240.6075,-23.45
3405,469517,0.36502399999999996,-0.141276,-0.7422481,-2.6075,285.7925,-38.22
3406,469613,1.438624,-0.47458,-0.733708,-18.6375,327.985,-33.46
3407,469710,0.8893800999999999,-0.149328,-0.906948,-21.385,413.07,-21.105
3408,469806,1.168272,-0.03416,-1.494988,10.15,484.1725,4.0075
3409,469902,1.408612,-0.555832,-0.8047121,52.3075,504.385,20.6325
3410,469998,2.075708,-0.24082800000000001,-1.250988,77.945,540.3475,14.9975
3411,470094,1.99226,-0.262056,-1.463756,99.47001,569.2225,3.185
3412,470191,2.310924,-0.43627200000000005,-1.18462,132.755,535.08,-9.1525
3413,470287,3.3332839999999995,-0.778604,-1.7265439999999999,188.6325,489.6325,-20.44
3414,470383,5.024692,-0.9494040000000001,-2.1874599999999997,310.555,494.62,-0.035
3415,470479,2.8740759999999996,-1.0553,-2.8548,369.0225,499.52,39.4625
3416,470576,1.235128,-2.036668,-2.705716,268.6425,296.45,-2.2925
3417,470672,4.7240839999999995,-2.454396,-4.805092,124.7925,87.2025,-43.1375
3418,470768,1.264652,-1.358104,-2.603724,-20.9475,-131.1275,-41.09
3419,470864,0.243024,-0.603168,-1.835368,-83.4225,-254.275,-50.855
3420,470961,0.02928,-0.034892,-1.407148,-78.435,-261.5025,-67.8825
3421,471057,0.133956,0.055388,-1.188524,-29.715,-264.635,-74.34
3422,471153,0.459696,-0.256688,-1.145092,30.555,-268.065,-59.9375
3423,471249,0.74054,-0.620004,-1.1324040000000002,63.77,-290.8675,-39.3225
3424,471345,0.841556,-0.87474,-1.0145520000000001,59.15,-324.87,-22.5925
3425,471442,0.8425321,-0.8466800999999999,-0.8464360000000001,26.9325,-358.89,-11.62
3426,471538,0.79178,-0.699792,-0.663924,-5.8275,-384.2825,-2.52
3427,471634,0.808372,-0.54778,-0.5797441,-22.89,-398.5625,8.82
3428,471730,0.792024,-0.44164,-0.4743361,-25.3575,-405.3,24.6225
3429,471827,0.782508,-0.42114399999999996,-0.38503200000000004,-19.2675,-407.1025,42.5075
3430,471923,0.7937320999999999,-0.43627200000000005,-0.35136,-13.4575,-402.43,59.15
3431,472019,0.808372,-0.4331,-0.335256,-13.16,-393.89,72.45
3432,472115,0.81252,-0.378444,-0.354532,-15.995,-382.97,81.04251
3433,472212,0.8576601,-0.28694400000000003,-0.394304,-15.225,-369.005,85.82
3434,472308,1.033096,-0.236192,-0.48092399999999996,-5.81,-354.83,89.565
3435,472404,1.198284,-0.298168,-0.542168,10.8675,-344.68,94.23751
3436,472500,1.292956,-0.36502399999999996,-0.601704,23.52,-336.9625,99.33001
3437,472596,1.300276,-0.399428,-0.655628,28.9625,-329.245,104.965
3438,472693,1.252208,-0.44090799999999997,-0.686128,28.84,-319.6725,109.3575
3439,472789,1.34932,-0.5514399999999999,-0.8215481,26.495,-305.13,111.3875
3440,472885,1.698484,-0.714676,-1.057496,21.4025,-290.1675,111.79
3441,472981,2.18502,-0.800808,-1.297348,13.9475,-285.985,115.255
3442,473078,2.497096,-0.8342360000000001,-1.377624,4.725,-298.515,124.915
3443,473174,2.556876,-0.729804,-1.296616,-3.08,-319.4975,139.195
3444,473270,2.513932,-0.504836,-1.1651,-4.1825,-336.14,155.47
3445,473366,2.507588,-0.413092,-0.9943001,4.6725,-343.175,169.925
3446,473462,2.447564,-0.768112,-0.518256,11.165,-339.465,175.0525
3447,473559,2.440976,-0.256688,-0.233264,-24.6575,-311.6575,153.6675
3448,473655,3.036824,0.072712,-0.6378159999999999,-30.1875,-300.5275,142.2225
3449,473751,2.8225919999999998,-0.04392,0.019032,-0.6475,-297.4125,149.8875
3450,473847,2.619828,0.015372,0.8935280999999999,20.7725,-282.3975,138.1975
3451,473944,2.594208,0.604876,1.58966,30.73,-249.2,103.39
3452,474040,2.707424,1.244888,2.09718,68.67,-197.9075,68.5125
3453,474136,2.8191759999999997,0.9540401,2.3467919999999998,135.555,-134.9425,52.6925
3454,474232,2.5559,0.0305,2.1838,148.19,-72.06501,32.34
3455,474329,2.354844,-0.204716,1.550376,66.115,-10.71,-20.09
3456,474425,2.1779439999999997,-0.35746,1.464,-33.4775,51.5375,-82.1275
3457,474521,0.7483479999999999,-0.564616,2.8189319999999998,-142.87,156.1,-164.5525
3458,474617,1.5403719999999999,1.575264,1.340292,-247.835,264.53,-256.6725
3459,474713,1.7341080000000002,1.264652,-3.16834,-188.125,344.785,-251.125
3460,474810,3.661464,-0.195688,-2.119872,20.055,359.3975,-90.14251
3461,474906,3.9308400000000003,1.1102,-2.356552,0.6825,310.835,-56.525
3462,475002,2.64374,0.9230520000000001,-1.906616,-9.24,239.6275,-66.9025
3463,475098,0.733952,0.2684,-0.9293961,1.295,161.7525,-69.755
3464,475195,-0.23424,-0.352092,-0.219112,18.0075,146.335,-76.09000999999999
3465,475291,3.1522360000000003,-3.5109160000000004,-1.454972,15.925,167.8425,-62.6675
3466,475387,1.731668,-0.064416,-0.8513161,-108.7625,110.3725,-56.4725
3467,475483,0.601216,0.81984,-1.2153639999999999,-121.7825,72.5375,-71.9425
3468,475580,1.11386,-0.828868,-0.889868,-88.48001,53.795,-68.39
3469,475676,0.516304,0.03782,-1.003084,-94.5,36.6975,-59.2375
3470,475772,0.76372,-0.343552,-1.038952,-86.1,32.025,-56.28
3471,475868,0.9398880999999999,-0.062220000000000004,-0.8725440999999999,-67.8125,25.62,-49.385
3472,475965,0.634644,0.065148,-1.004792,-53.7775,17.29,-41.125
3473,476061,0.692472,-0.18788,-0.8881600000000001,-39.1475,17.535,-33.18
3474,476157,0.662704,-0.07076001,-0.87474,-31.6575,13.5975,-31.8325
3475,476253,0.7027201,-0.044652,-0.8791321,-26.25,12.9325,-29.365
3476,476349,0.662704,-0.040992,-0.83936,-19.775,12.6175,-24.9375
3477,476446,0.649528,-0.063928,-0.82594,-15.9075,9.94,-21.595
3478,476542,0.6414761,-0.057828,-0.806176,-14.42,9.8175,-18.4275
3479,476638,0.62342,-0.065148,-0.805932,-11.8475,9.03,-16.135
3480,476734,0.612684,-0.07198,-0.799588,-8.3125,8.82,-13.125
3481,476831,0.615368,-0.075396,-0.7956840999999999,-4.6375,9.6425,-10.465
3482,476927,0.5797441,-0.029768,-0.8015399999999999,-1.2775,10.955,-7.8225
3483,477023,0.581208,-0.08808401,-0.81984,2.0475,13.755,-5.25
3484,477119,0.59048,-0.1586,-0.79422,5.0925,16.59,-5.3025
3485,477215,0.6080479999999999,-0.16689600000000002,-0.774212,6.195,18.6375,-7.9625
3486,477312,0.597312,-0.135176,-0.787632,5.18,20.895,-10.5
3487,477408,0.608536,-0.10394400000000001,-0.7883640000000001,2.8175,24.22,-11.6375
3488,477504,0.5919439999999999,-0.057096,-0.7903161,3.8675,26.9675,-11.83
3489,477600,0.599508,-0.079056,-0.7771399999999999,8.2075,29.995,-10.5525
3490,477697,0.618784,-0.012444,-0.7705521,9.8875,33.565,-8.085
3491,477793,0.6326921,-0.0122,-0.756888,12.3375,36.3825,-4.0075
3492,477889,0.630252,-0.034648000000000005,-0.751276,14.14,38.9375,0.35
3493,477985,0.629764,-0.07002799999999999,-0.74542,15.3125,41.475,3.08
3494,478082,0.6319600000000001,-0.107116,-0.738588,16.4325,43.785,3.5
3495,478178,0.6409881,-0.142984,-0.7366361,17.64,45.7975,2.3975
3496,478274,0.640256,-0.125172,-0.74054,18.27,47.6175,0.5425
3497,478370,0.658068,-0.12029200000000001,-0.721264,19.3025,48.79,-1.2425
3498,478466,0.648552,-0.137128,-0.7300479999999999,20.72,50.2775,-2.8875
3499,478563,0.653432,-0.13054000000000002,-0.733464,21.1575,53.165,-4.83
3500,478659,0.643672,-0.134688,-0.724436,22.1025,56.7525,-6.2125
3501,478755,0.657824,-0.133956,-0.731268,23.205,61.25,-8.33
3502,478851,0.644648,-0.131272,-0.745908,25.06,66.57,-10.2025
3503,478948,0.632204,-0.142252,-0.739808,26.285,74.06,-11.9175
3504,479044,0.670512,-0.12932000000000002,-0.716384,26.04,82.8975,-14.49
3505,479140,0.6573359999999999,-0.17836400000000002,-0.702964,26.39,92.435,-16.17
3506,479236,0.6912520000000001,-0.167872,-0.678076,24.745,101.29,-17.4825
3507,479332,0.708576,-0.112728,-0.6756361,21.3675,108.465,-17.99
3508,479429,0.69052,-0.086132,-0.669048,18.1475,114.8875,-15.54
3509,479525,0.716384,-0.054167999999999994,-0.68198,13.825,122.9725,-11.62
3510,479621,0.693448,-0.10638399999999999,-0.707112,11.4975,133.525,-8.5225
3511,479717,0.624884,-0.186904,-0.72468,8.6275,146.9125,-9.03
3512,479814,0.5968241,-0.28377199999999997,-0.649528,7.1575,161.35,-14.595
3513,479910,0.6319600000000001,-0.3477,-0.62464,7.945,189.49,-19.9675
3514,480006,0.5077640999999999,-0.279624,-0.70516,4.6375,217.7175,-28.245
3515,480102,0.792756,-0.299144,-0.917684,-19.25,237.0025,-47.53
3516,480199,0.869128,-0.454084,-0.677588,-36.0675,271.425,-68.9675
3517,480295,1.39568,-0.306464,-0.8113001,-45.78,333.3575,-81.91751
3518,480391,0.989664,-0.124928,-0.92232,-32.3575,410.025,-79.45
3519,480487,1.261724,-0.23911999999999997,-1.354444,-22.5925,463.4875,-63.35
3520,480583,1.660664,-0.09784401,-0.969412,24.2025,482.685,-62.0025
3521,480680,1.7619240000000003,-0.27694,-1.141676,66.185,522.095,-71.0325
3522,480776,2.3197080000000003,-0.7722600000000001,-1.741428,82.6,551.635,-84.28
3523,480872,2.106696,-0.43798000000000004,-1.038708,86.31,527.8175,-118.51
3524,480968,4.105544,-0.6068279999999999,-1.7565560000000002,108.64,511.9275,-134.2775
3525,481065,3.805668,-0.58194,-1.978352,210.1575,524.0025,-70.1575
3526,481161,2.867244,-1.018944,-2.230648,246.9425,476.7175,-38.115
3527,481257,2.267004,-2.0008,-2.685464,168.735,297.3775,-59.9725
3528,481353,3.9903760000000004,-2.236504,-4.056012,67.935,89.2325,-58.4325
3529,481449,1.212192,-1.566724,-2.273836,-16.5725,-108.115,-26.7225
3530,481546,0.29572800000000005,-0.906948,-1.618452,-70.0875,-202.2125,-17.2025
3531,481642,-0.025376,-0.37942,-1.247816,-74.655,-204.9775,-17.675
3532,481738,0.005612,-0.18470799999999998,-1.09556,-39.305,-203.7175,-10.99
3533,481834,0.304268,-0.319396,-1.135332,9.59,-205.415,6.65
3534,481931,0.601216,-0.5543680000000001,-1.182424,41.9125,-224.98,25.725
3535,482027,0.7788480999999999,-0.7227279999999999,-1.159244,43.8375,-259.07,39.55
3536,482123,0.8174001000000001,-0.690764,-1.03944,22.435,-298.2875,47.845
3537,482219,0.766892,-0.502884,-0.8730319999999999,-3.2375,-332.85,52.8325
3538,482315,0.69662,-0.29133600000000004,-0.68808,-16.2925,-356.965,57.925
3539,482412,0.6156119999999999,-0.16128399999999998,-0.552904,-12.25,-369.775,64.715
3540,482508,0.652944,-0.077592,-0.474092,2.555,-373.275,72.415
3541,482604,0.701012,-0.07198,-0.418704,21.6125,-372.3475,81.2
3542,482700,0.7190681,-0.152256,-0.39284,37.66,-368.2875,89.845
3543,482797,0.7766521,-0.239852,-0.425292,43.6625,-360.6575,96.32
3544,482893,0.859368,-0.275476,-0.4941,39.6025,-351.435,100.555
3545,482989,0.983808,-0.233264,-0.609024,31.605,-342.8425,103.1975
3546,483085,1.149728,-0.193248,-0.6919841,28.175,-338.38,104.9825
3547,483181,1.214876,-0.17543599999999998,-0.724436,32.375,-339.6225,106.1725
3548,483278,1.235128,-0.205692,-0.74542,39.4625,-340.4275,107.4675
3549,483374,1.284904,-0.27816,-0.7808001,46.025,-337.6975,109.1825
3550,483470,1.348588,-0.331352,-0.8369200000000001,48.72,-331.8,113.1375
3551,483566,1.351516,-0.371612,-0.8254520000000001,48.6325,-324.0125,120.8375
3552,483663,1.3139399999999999,-0.42553599999999997,-0.8327720999999999,44.45,-309.785,130.13
3553,483759,1.58722,-0.556076,-1.0169920000000001,40.3025,-286.8425,138.915
3554,483855,2.146468,-0.8030041,-1.283928,35.1225,-268.6075,148.5575
3555,483951,2.566636,-1.050664,-1.4152,16.6775,-269.64,160.58
3556,484047,2.7947759999999997,-0.9955200000000001,-1.387872,-15.8375,-282.7125,175.77
3557,484144,2.905552,-0.624152,-1.268556,-43.4875,-296.8875,198.485
3558,484240,2.87676,-0.5648601,-0.9516,-49.035,-306.9675,225.8025
3559,484336,2.776232,-0.627568,-0.46774799999999994,-54.495,-307.3175,241.8325
3560,484432,2.7345080000000004,-0.5551,0.05929201,-79.94,-291.4275,238.9975
3561,484529,2.7398759999999998,-0.21618400000000002,0.6202479999999999,-108.0975,-262.57,220.08
3562,484625,2.750856,0.441884,1.2458639999999999,-111.2475,-224.945,192.5175
3563,484721,2.788432,1.269776,1.7943759999999997,-67.2875,-180.81,161.1225
3564,484817,3.0929439999999997,1.5889280000000001,2.092788,27.755,-133.35,123.935
3565,484914,3.20982,0.9947881,2.170136,115.6225,-90.63251,82.14499
3566,485010,2.85114,0.287432,1.950048,111.7375,-49.455,25.0425
3567,485106,2.74134,0.371368,1.4064159999999999,27.4575,-5.6,-48.615
3568,485202,1.863184,0.639768,0.9235399999999999,-46.9175,28.5425,-114.0825
3569,485298,1.182668,-0.612684,2.1469560000000003,-81.445,113.26,-183.4875
3570,485395,0.14274,1.1041,0.5843801,-169.75,215.1975,-283.9725
3571,485491,1.284904,0.46457600000000004,-3.384524,-134.5925,312.8825,-275.1175
3572,485587,2.8243,-0.9042641,-1.284904,47.0225,305.6375,-102.1475
3573,485683,2.9502040000000003,0.29402,-1.60796,35.84,289.0125,-35.0
3574,485780,2.775744,0.6124400999999999,-2.013732,14.77,244.79,-35.7
3575,485876,1.356396,0.5414359999999999,-1.20902,14.7175,163.52,-52.255
3576,485972,0.12980799999999998,0.024644,-0.513864,27.895,134.015,-65.0825
3577,486068,2.5400400000000003,-2.953376,-1.7141,44.0475,146.8775,-45.745
3578,486165,1.9942119999999999,-0.780556,-0.64904,-62.0025,103.915,-34.055
3579,486261,0.7903161,0.989908,-1.40544,-92.505,61.0925,-37.2225
3580,486357,1.0243120000000001,-0.5119121,-0.831308,-47.6175,40.46,-32.06
3581,486453,0.360144,-0.5458281,-0.7190681,-43.2425,27.65,-23.065
3582,486550,0.858392,0.000732,-1.1228879999999999,-53.165,31.9725,-23.6775
3583,486646,0.541192,-0.2867,-0.7951961,-42.91,21.2975,-27.125
3584,486742,0.5443640000000001,-0.37454,-0.7861680999999999,-33.5125,20.0025,-25.2525
3585,486838,0.692716,-0.038551999999999996,-0.9581881,-36.2775,22.225,-26.1975
3586,486935,0.612196,-0.10004,-0.846924,-27.615,16.905,-23.0125
3587,487031,0.601216,-0.247416,-0.8271601000000001,-24.815,13.1075,-22.0675
3588,487127,0.643672,-0.118096,-0.8479,-23.8525,14.035,-22.085
3589,487223,0.6229319999999999,-0.147376,-0.8244761,-18.48,11.7425,-20.6325
3590,487319,0.6292760000000001,-0.146644,-0.8149601,-17.5175,10.0625,-19.9325
3591,487416,0.584136,-0.190564,-0.81374,-14.77,9.6075,-19.495
3592,487512,0.6182960999999999,-0.132248,-0.7986121,-13.1425,9.1875,-19.4075
3593,487608,0.6258600000000001,-0.08003201,-0.8081281,-10.22,8.435,-17.8325
3594,487704,0.6178081,-0.035868000000000004,-0.808372,-5.74,7.8925,-13.86
3595,487801,0.6029241,-0.043432,-0.81984,-0.035,8.645,-9.2225
3596,487897,0.58682,-0.08808401,-0.8095920999999999,3.955,10.78,-6.02
3597,487993,0.60024,-0.151524,-0.785924,5.11,12.7925,-5.95
3598,488089,0.584868,-0.143716,-0.787632,4.41,14.2625,-7.9625
3599,488186,0.61366,-0.110776,-0.7956840999999999,2.94,16.135,-9.415
3600,488282,0.62342,-0.14762,-0.7686,4.305,17.4475,-9.0825
3601,488378,0.621468,-0.139568,-0.7664041,5.67,18.165,-9.24
3602,488474,0.57218,-0.135176,-0.7771399999999999,7.595,19.5475,-10.115
3603,488571,0.5648601,-0.142496,-0.8105680000000001,7.77,24.8675,-11.5675
3604,488667,0.592432,-0.111508,-0.793976,7.8925,31.99,-12.53
3605,488763,0.591212,-0.10321199999999998,-0.7890961,9.765,37.0825,-14.0175
3606,488859,0.6019479999999999,-0.09540401,-0.7861680999999999,11.0425,41.8775,-14.5775
3607,488955,0.623908,-0.102968,-0.7600600000000001,11.69,46.165,-14.035
3608,489052,0.6329359999999999,-0.10833599999999999,-0.745908,12.6525,49.6825,-13.2475
3609,489148,0.644648,-0.132736,-0.72712,14.28,52.85,-12.1275
3610,489244,0.639524,-0.14786400000000002,-0.72956,15.7675,56.175,-11.34
3611,489340,0.634644,-0.156648,-0.74298,17.2725,59.185,-11.305
3612,489437,0.633668,-0.170068,-0.7415161,18.69,62.9825,-12.32
3613,489533,0.632448,-0.14786400000000002,-0.7473721,19.635,67.7075,-13.9475
3614,489629,0.6317159999999999,-0.14347200000000002,-0.752496,20.9475,73.6925,-15.68
3615,489725,0.628544,-0.132492,-0.7390760000000001,23.065,81.585,-16.905
3616,489822,0.6453800000000001,-0.148108,-0.7278521,24.815,91.105,-17.78
3617,489918,0.666852,-0.148596,-0.702476,25.795,100.765,-18.06
3618,490014,0.6795401,-0.11321600000000001,-0.71126,23.8175,109.655,-17.71
3619,490110,0.649284,-0.08466801,-0.712236,20.79,117.74,-14.735
3620,490206,0.678076,-0.063196,-0.7178479999999999,17.43,127.47,-10.1675
3621,490303,0.667828,-0.051972000000000004,-0.71736,15.26,138.775,-6.685
3622,490399,0.66368,-0.116388,-0.726144,14.0525,152.95,-4.095
3623,490495,0.578036,-0.26303200000000004,-0.707356,9.905,166.7575,-7.3675
3624,490591,0.479216,-0.35014,-0.623908,10.01,191.52,-10.85
3625,490688,0.709064,-0.22277199999999997,-0.8254520000000001,6.93,226.3975,-16.87
3626,490784,0.781044,-0.43041599999999997,-0.71126,-11.0425,242.655,-35.525
3627,490880,0.48092399999999996,-0.312076,-0.710284,-24.8675,282.0125,-59.4475
3628,490976,1.431548,-0.370392,-0.993568,-46.2,329.3325,-73.71
3629,491072,1.0767719999999998,-0.27571999999999997,-0.85888,-39.5325,405.0375,-70.8225
3630,491169,1.159732,-0.190564,-1.420324,-45.64,477.925,-57.3475
3631,491265,1.563552,-0.20178800000000002,-1.212192,-8.925,502.2675,-50.3125
3632,491361,1.8317080000000001,-0.274012,-0.9442801,37.0825,539.105,-55.8425
3633,491457,2.1777,-0.58316,-1.547204,48.2125,572.355,-71.7675
3634,491554,1.896856,-0.367464,-1.260748,69.825,559.4925,-92.5925
3635,491650,3.8769160000000005,-0.809836,-1.3139399999999999,109.0425,532.5425,-107.45
3636,491746,4.204364,-0.648308,-2.107672,219.0475,550.025,-38.8675
3637,491842,3.150528,-1.023824,-2.5222279999999997,275.625,512.6625,1.2775
3638,491939,2.130852,-2.084736,-3.050732,197.5225,333.1825,-26.355
3639,492035,4.336856,-2.410232,-4.125552,79.205,99.96,-47.9675
3640,492131,1.340048,-1.541592,-2.527352,-28.175,-104.9125,-27.125
3641,492227,0.227652,-0.7986121,-1.6570040000000001,-76.72,-213.2375,-19.39
3642,492323,-0.10540799999999999,-0.29426399999999997,-1.280512,-64.05,-210.6125,-18.0075
3643,492420,-0.067344,-0.158844,-1.074576,-17.22,-205.9225,-9.8525
3644,492516,0.263276,-0.417972,-1.111176,35.9975,-202.5975,8.61
3645,492612,0.512888,-0.696132,-1.110688,60.8125,-219.7125,25.69
3646,492708,0.665144,-0.8740081000000001,-1.0972680000000001,51.485,-250.74,37.205
3647,492805,0.7178479999999999,-0.8554641,-1.0004,18.34,-285.88,43.3125
3648,492901,0.721996,-0.670024,-0.8693719999999999,-18.0425,-317.87,46.585
3649,492997,0.7056479999999999,-0.4453,-0.7256560000000001,-39.655,-342.6675,50.4525
3650,493093,0.7007680000000001,-0.28011199999999997,-0.6007279999999999,-41.9125,-359.87,56.1225
3651,493190,0.712236,-0.208132,-0.530212,-30.1,-369.9325,63.14
3652,493286,0.7659161,-0.202764,-0.50264,-14.21,-375.06,69.73751
3653,493382,0.8620521000000001,-0.223748,-0.5231359999999999,0.035,-377.685,75.6
3654,493478,0.9511120000000001,-0.26718000000000003,-0.542656,10.465,-379.225,81.46251
3655,493574,1.0262639999999998,-0.288164,-0.569984,15.2775,-380.1525,86.8525
3656,493671,1.087508,-0.274744,-0.60146,16.8875,-379.995,90.965
3657,493767,1.192184,-0.227408,-0.646112,19.635,-378.175,94.1325
3658,493863,1.2256120000000001,-0.21594000000000002,-0.6439159999999999,25.0425,-375.585,96.075
3659,493959,1.354444,-0.186416,-0.7320001,33.425,-371.07,96.65250999999999
3660,494056,1.44936,-0.260104,-0.7617681,46.97,-366.0475,97.93
3661,494152,1.486204,-0.33916,-0.8071520000000001,56.56,-361.4975,98.9975
3662,494248,1.504748,-0.47067600000000004,-0.8396040000000001,60.34,-353.6925,103.285
3663,494344,1.607716,-0.646112,-0.9289081,55.7375,-340.9,108.9375
3664,494440,1.9122279999999998,-0.806176,-1.1455799999999998,42.175,-324.625,116.935
3665,494537,2.4146240000000003,-0.9230520000000001,-1.428132,25.0425,-314.7725,130.69
3666,494633,2.806,-0.953308,-1.5196319999999999,8.6625,-321.4925,151.8475
3667,494729,2.928,-0.613904,-1.42252,-6.8075,-338.0475,180.74
3668,494825,2.903356,-0.41675200000000007,-1.1712,-7.4375,-349.195,216.09
3669,494922,2.821616,-0.47506800000000005,-0.74542,1.575,-349.7375,243.46
3670,495018,2.8416240000000004,-0.531188,-0.325496,-11.655,-333.585,251.3
3671,495114,2.94142,-0.40992,0.20788800000000002,-45.6225,-304.9025,240.6425
3672,495210,2.989488,0.09394001,0.897432,-78.62751,-270.34,215.6175
3673,495306,3.103192,1.03944,1.693848,-76.3175,-228.865,181.7025
3674,495403,3.3074199999999996,1.850008,2.2692,-9.3275,-179.095,145.3725
3675,495499,3.3408480000000003,1.551108,2.52296,101.9375,-125.965,113.9075
3676,495595,2.89628,0.36234,2.4043759999999996,150.675,-66.43,76.4225
3677,495691,2.544676,-0.034648000000000005,1.8717240000000002,72.9225,-3.5175,4.095
3678,495788,2.115968,0.504104,0.751276,-38.955,47.425,-76.51
3679,495884,1.8644040000000002,-0.472872,1.565992,-84.665,126.1225,-150.29
3680,495980,-0.134444,0.397964,1.6926279999999998,-172.0425,224.0175,-261.66
3681,496076,1.2282959999999998,0.7427361,-3.19274,-196.5775,334.8625,-313.39
3682,496172,3.237636,-0.31890799999999997,-2.257488,-16.0475,342.16,-170.485
3683,496269,3.4050199999999995,-0.149816,-1.336876,60.9,314.1775,-55.4925
3684,496365,3.060492,0.850584,-2.532476,-8.3475,269.6925,-53.97
3685,496461,1.459608,0.778116,-1.23464,10.3775,187.11,-58.94
3686,496557,0.413092,0.11712,-0.587796,18.235,151.9525,-86.9575
3687,496654,0.8166680000000001,-1.820484,-1.092876,46.7425,159.74,-71.155
3688,496750,2.706692,-2.362164,-0.666852,-27.4925,147.42,-51.8
3689,496846,0.775188,1.184864,-1.372012,-120.8375,86.45,-46.55
3690,496942,1.2902719999999999,0.062220000000000004,-1.086044,-78.295,70.21,-46.9
3691,497038,0.576816,-0.765428,-0.6832,-59.3425,47.9325,-37.625
3692,497135,0.85156,0.016592,-1.169248,-69.7725,47.4775,-29.1025
3693,497231,0.781776,-0.276696,-0.827892,-58.8525,34.0725,-32.7775
3694,497327,0.537776,-0.2684,-0.856684,-43.12,24.99,-26.74
3695,497423,0.9869800999999999,0.072956,-1.042124,-39.305,27.7025,-21.8925
3696,497520,0.5553441,-0.19178399999999998,-0.844484,-17.9725,18.8475,-14.105
3697,497616,0.647576,-0.11712,-0.8432639999999999,-8.2775,17.15,-9.6775
3698,497712,0.644404,-0.10687200000000001,-0.8464360000000001,-2.5025,17.57,-6.3175
3699,497808,0.610488,-0.159332,-0.815204,4.69,15.8025,-3.22
3700,497904,0.602436,-0.137128,-0.8169121,7.4375,15.8725,-2.2575
3701,498001,0.591212,-0.14566800000000002,-0.8117880000000001,9.6425,16.835,-2.135
3702,498097,0.626104,-0.11834000000000001,-0.787388,11.34,17.815,-2.0475
3703,498193,0.6344,-0.081496,-0.79178,13.7725,18.6375,0.77
3704,498289,0.604632,-0.119316,-0.7793359999999999,17.15,19.565,4.9875
3705,498386,0.589992,-0.135908,-0.792512,19.705,21.5075,7.5425
3706,498482,0.5648601,-0.20861999999999997,-0.7812880999999999,20.72,24.4825,8.1025
3707,498578,0.599508,-0.214232,-0.76372,18.445,28.4025,6.3
3708,498674,0.58682,-0.24888000000000002,-0.745908,16.695,30.7475,3.675
3709,498771,0.6344,-0.21886799999999998,-0.757376,14.9975,31.7975,0.91
3710,498867,0.603168,-0.148352,-0.774944,15.715,31.5175,-0.4725
3711,498963,0.616588,-0.24522,-0.73688,22.9425,31.045,-1.7325
3712,499059,0.6290319999999999,-0.220088,-0.7324881,23.695,30.6775,-3.92
3713,499156,0.609024,-0.24131599999999997,-0.70394,21.1575,31.115,-5.425
3714,499252,0.553392,-0.335256,-0.7015,13.405,32.8825,-8.75
3715,499348,0.630984,-0.236192,-0.731268,1.3475,36.3825,-14.1925
3716,499444,0.6326921,-0.328424,-0.697596,0.1925,34.8775,-20.79
3717,499541,0.6709999999999999,-0.26352,-0.7198,-4.6725,33.6,-27.86
3718,499637,0.677344,-0.276696,-0.690032,-3.9725,29.4875,-33.53
3719,499733,0.678808,-0.24326799999999998,-0.68686,-4.445,26.005,-38.92
3720,499829,0.680028,-0.188612,-0.694912,-4.9525,23.415,-43.435
3721,499925,0.6810039999999999,-0.1708,-0.697596,-4.62,22.295,-45.675
3722,500022,0.7198,-0.068564,-0.690032,-2.485,23.485,-45.2725
3723,500118,0.668072,-0.057584,-0.713212,3.4825,26.355,-41.72
3724,500214,0.64172,-0.08174001,-0.731268,10.15,32.06,-36.365
3725,500310,0.6456241,-0.13785999999999998,-0.721264,14.0875,39.1825,-32.7775
3726,500407,0.6456241,-0.126392,-0.7417600000000001,15.365,46.76,-30.1525
3727,500503,0.638548,-0.09345201,-0.750788,14.3675,55.545,-25.2875
3728,500599,0.646112,-0.11541199999999999,-0.752496,13.8075,66.7975,-18.3575
3729,500695,0.648308,-0.142252,-0.7517640999999999,13.195,80.0975,-13.335
3730,500792,0.6663640000000001,-0.07881200000000001,-0.7854361,12.18,94.71,-10.43
3731,500888,0.6453800000000001,-0.09784401,-0.771772,13.335,109.76,-7.28
3732,500984,0.6466,-0.08881599,-0.784216,14.385,125.9125,-4.3575
3733,501080,0.6036560999999999,-0.133712,-0.7661600000000001,14.84,143.3425,-2.3975
3734,501177,0.60024,-0.22057600000000002,-0.754204,13.93,162.5575,-6.58
3735,501273,0.525332,-0.298412,-0.695156,9.9225,182.3675,-15.855
3736,501369,0.51362,-0.358192,-0.65514,13.965,214.3925,-19.8625
3737,501466,0.463844,-0.2806,-0.86498,11.935,251.93,-25.3575
3738,501561,0.961116,-0.5443640000000001,-0.8967,-8.155,276.4825,-48.44
3739,501658,0.407236,-0.395768,-0.638548,-17.08,327.8975,-75.1275
3740,501754,1.355908,-0.396988,-0.882548,-34.8075,392.1225,-86.94
3741,501850,0.776896,-0.30548800000000004,-1.425448,-33.7575,485.065,-83.195
3742,501946,1.541836,-0.034648000000000005,-1.386652,-16.135,538.4925,-73.22
3743,502043,1.923452,-0.345504,-1.144116,65.7125,561.47,-58.695
3744,502139,2.0398400000000003,-0.5594920999999999,-1.666764,95.795,573.3175,-71.75
3745,502235,1.8992959999999999,-0.518012,-0.9437921,108.4475,558.6699,-105.035
3746,502331,3.9772,-0.770308,-1.624796,151.2875,538.265,-121.45
3747,502427,3.523604,-0.646844,-2.358748,247.975,547.5925,-59.5
3748,502524,2.554192,-1.081164,-2.639592,284.865,499.5025,-28.805
3749,502620,2.398764,-2.707912,-2.478552,215.25,302.89,-58.8525
3750,502716,4.477156,-2.75354,-4.774104,59.6575,93.1525,-59.815
3751,502812,1.09312,-1.61894,-2.4270680000000002,-58.9225,-141.1375,-31.78
3752,502909,0.018056,-0.7686,-1.687016,-108.185,-237.405,-16.3975
3753,503005,-0.333548,-0.168604,-1.179008,-87.36,-235.235,-10.99
3754,503101,-0.10394400000000001,-0.0671,-1.022848,-28.0875,-221.165,-2.4675
3755,503197,0.35697199999999996,-0.328424,-1.084824,32.305,-216.5975,16.59
3756,503294,0.5975560000000001,-0.660996,-1.10776,59.36,-238.91,33.7575
3757,503390,0.705404,-0.856196,-1.040416,46.97,-272.8425,43.015
3758,503486,0.74664,-0.785924,-0.916464,8.5925,-307.0725,44.8
3759,503582,0.6919841,-0.6107319999999999,-0.7478600000000001,-27.93,-336.945,45.01
3760,503679,0.7068681,-0.44237200000000004,-0.649284,-46.2875,-355.985,48.09
3761,503775,0.7156520000000001,-0.31598000000000004,-0.547536,-48.7025,-366.975,54.39
3762,503871,0.713212,-0.288896,-0.484828,-39.8125,-373.3975,63.525
3763,503967,0.7861680999999999,-0.313296,-0.46896800000000005,-27.335,-374.9025,72.87
3764,504064,0.874252,-0.37551599999999996,-0.50264,-18.62,-374.1675,80.99
3765,504160,0.9833200000000001,-0.398452,-0.5604680000000001,-15.435,-374.115,88.48001
3766,504256,1.073844,-0.376004,-0.604876,-14.2625,-375.0775,95.6375
3767,504352,1.14192,-0.332328,-0.605364,-10.92,-376.0925,101.78
3768,504448,1.203652,-0.34892,-0.5614439999999999,-2.1525,-375.1825,105.98
3769,504545,1.266116,-0.31646799999999997,-0.5797441,7.8925,-370.335,108.22
3770,504641,1.370792,-0.42748800000000003,-0.6375721,21.1575,-362.95,110.6
3771,504737,1.480592,-0.5441199999999999,-0.7388319999999999,29.47,-354.095,114.3625
3772,504833,1.598932,-0.6802720999999999,-0.8359440999999999,30.3975,-345.0475,119.91
3773,504930,1.6872599999999998,-0.8039801,-0.9140241,21.9625,-337.2775,126.3675
3774,505026,1.8988080000000003,-0.922076,-1.055788,8.75,-327.7575,132.8425
3775,505122,2.2469959999999998,-0.975024,-1.244644,-4.795,-320.565,140.4025
3776,505218,2.6071400000000002,-1.0377319999999999,-1.366644,-12.9675,-321.9475,153.335
3777,505315,2.7764759999999997,-1.098488,-1.292224,-17.7975,-333.0425,169.7325
3778,505411,2.7642759999999997,-1.0582280000000002,-1.0553,-24.92,-342.9125,185.29
3779,505507,2.667652,-0.5504641,-0.792512,-31.29,-341.7575,200.48
3780,505603,2.685952,-0.19764,-0.597068,-17.7975,-324.1175,223.3
3781,505699,2.776964,-0.12248800000000001,-0.23668000000000003,12.985,-299.53,243.18
3782,505796,2.935808,0.016592,0.22204000000000002,24.2725,-268.1175,247.1
3783,505892,3.159312,0.320128,0.9079241,16.0825,-235.4275,235.305
3784,505988,3.2583759999999997,0.8376520000000001,1.680916,1.4525,-202.9475,201.635
3785,506084,3.317912,1.435208,2.2384560000000002,7.2625,-163.3975,143.9375
3786,506181,3.06708,1.470588,2.482212,47.425,-113.435,77.245
3787,506277,2.455616,0.7732359999999999,2.34362,75.4075,-51.485,8.155
3788,506373,2.292868,0.287188,1.595516,44.24,17.92,-68.7575
3789,506469,2.527352,0.17446,0.617564,-11.6025,69.87751,-131.9325
3790,506566,1.631872,-0.139568,-0.15201199999999998,-36.54,85.96,-161.28
3791,506662,-0.09223200000000001,-1.562088,1.100684,-81.11251,146.265,-187.95
3792,506758,-0.4087,0.38966799999999996,-0.41992399999999996,-222.7575,237.72,-255.9725
3793,506854,0.643428,0.537532,-2.12036,-138.565,337.96,-208.18
3794,506951,3.071472,0.09711201,-1.207068,47.7225,362.1975,-56.7875
3795,507047,4.001844,0.6326921,-2.34484,39.9525,344.9775,-15.4525
3796,507143,3.0563439999999997,0.71248,-2.12036,17.885,255.78,-35.3675
3797,507239,1.357616,0.549488,-1.291736,16.8525,167.86,-69.0725
3798,507335,0.081984,-0.14786400000000002,-0.489464,33.4775,141.5925,-78.5225
3799,507432,1.4276440000000001,-2.211616,-1.50914,53.62,160.825,-56.77
3800,507528,2.360456,-1.718248,-0.4941,-46.1825,132.5975,-49.63
3801,507624,0.602436,0.983808,-1.3022280000000002,-116.165,79.03,-54.95
3802,507720,1.147532,-0.429928,-0.90036,-75.8975,67.0075,-56.0525
3803,507817,0.496784,-0.6158561,-0.681248,-73.15,48.86,-51.3625
3804,507913,1.035292,0.16958,-1.280268,-84.245,45.885,-47.005
3805,508009,0.6068279999999999,-0.512888,-0.696132,-69.0375,29.1025,-48.6675
3806,508105,1.0018639999999999,0.19032000000000002,-1.104832,-62.5975,26.6875,-42.1925
3807,508202,0.626836,-0.200812,-0.868152,-46.27,16.7825,-34.0725
3808,508298,0.61366,-0.20447200000000001,-0.8466800999999999,-30.3275,16.065,-26.88
3809,508394,0.7237041,0.003904,-0.860344,-27.37,16.2575,-25.9175
3810,508490,0.6307401,-0.155916,-0.8166680000000001,-16.4675,14.0175,-21.315
3811,508587,0.640012,-0.10223600000000001,-0.8147161,-12.0925,13.7025,-19.11
3812,508683,0.635864,-0.10858,-0.8010520000000001,-8.82,13.2125,-17.0975
3813,508779,0.64904,-0.061488,-0.7991,-5.215,12.6525,-14.42
3814,508875,0.641232,-0.08369201,-0.787388,-0.98,12.1625,-10.9375
3815,508971,0.6409881,-0.08906,-0.7834840000000001,3.2025,11.55,-7.6825
3816,509068,0.636352,-0.082472,-0.7795801,6.51,11.515,-4.7075
3817,509164,0.628544,-0.06636801,-0.786656,9.625,12.25,-1.1725
3818,509260,0.612928,-0.10687200000000001,-0.7883640000000001,12.6875,13.7725,1.9775
3819,509356,0.5975560000000001,-0.148108,-0.776896,14.245,15.4,2.5725
3820,509452,0.5980439999999999,-0.143228,-0.7788480999999999,13.1775,17.395,0.8225
3821,509549,0.621224,-0.160308,-0.763476,11.8475,18.9,-0.4375
3822,509645,0.64172,-0.15762400000000001,-0.7422481,10.92,18.7775,-0.805
3823,509741,0.659776,-0.16348,-0.730536,10.71,17.745,-0.9625
3824,509837,0.636352,-0.142008,-0.7549359999999999,11.5675,15.995,-1.1725
3825,509934,0.6156119999999999,-0.182024,-0.7468840999999999,14.735,15.2425,-1.54
3826,510030,0.58804,-0.211792,-0.755424,14.4025,17.0275,-2.0475
3827,510126,0.63318,-0.123708,-0.7734800000000001,10.5,21.14,-2.8525
3828,510222,0.622688,-0.12980799999999998,-0.7617681,11.8125,23.59,-3.185
3829,510318,0.628788,-0.128832,-0.7612800999999999,11.4975,26.6875,-3.7975
3830,510415,0.625372,-0.15396400000000002,-0.749568,11.6025,29.54,-5.0575
3831,510511,0.636352,-0.161772,-0.745908,11.2525,32.1825,-7.0525
3832,510607,0.6451359999999999,-0.149816,-0.7256560000000001,12.495,33.74,-8.785
3833,510703,0.663192,-0.13542,-0.715408,13.6675,35.0875,-9.24
3834,510799,0.6517241,-0.156892,-0.715408,15.085,35.8925,-8.7675
3835,510896,0.633912,-0.174216,-0.7237041,15.4525,36.75,-9.2575
3836,510992,0.636108,-0.180804,-0.733952,14.6475,39.34,-11.095
3837,511088,0.630252,-0.20252,-0.74054,14.0175,43.0325,-13.51
3838,511184,0.6097560000000001,-0.217648,-0.7503,13.44,48.2475,-16.5025
3839,511281,0.6117081,-0.208864,-0.753472,13.685,55.3875,-19.53
3840,511377,0.620004,-0.17128800000000002,-0.7442,14.2275,64.785,-21.315
3841,511473,0.6517241,-0.142496,-0.750544,14.14,76.3175,-20.1075
3842,511569,0.658556,-0.11224,-0.745664,14.28,87.8325,-17.85
3843,511665,0.650992,-0.093696,-0.759084,13.3875,101.15,-14.8575
3844,511762,0.658068,-0.086864,-0.7625,13.0725,115.6575,-10.9375
3845,511858,0.658312,-0.11345999999999999,-0.773968,13.9475,130.235,-7.875
3846,511954,0.6304960000000001,-0.16226,-0.737124,15.82,144.1825,-7.455
3847,512050,0.612196,-0.21862399999999999,-0.7200439999999999,16.17,161.5425,-11.2525
3848,512147,0.525332,-0.284748,-0.741028,11.235,181.475,-20.4225
3849,512243,0.505568,-0.319884,-0.750788,10.255,206.605,-29.085
3850,512339,0.7044279999999999,-0.331108,-0.8400921,13.055,244.895,-33.18
3851,512435,0.508008,-0.371612,-0.750544,2.1875,272.4225,-46.4275
3852,512531,0.573156,-0.35282399999999997,-0.9506241,-18.8825,313.705,-68.3725
3853,512628,1.34932,-0.467016,-0.961116,-35.1925,367.535,-87.3075
3854,512724,0.985516,-0.282308,-1.274168,-31.3775,452.935,-94.72751
3855,512820,1.462292,0.036844,-1.422764,-8.8375,516.46,-86.04751
3856,512916,1.9346759999999998,-0.283528,-1.0384639999999998,61.18,539.245,-68.2325
3857,513012,1.912716,-0.552416,-1.461804,96.86251,560.385,-74.375
3858,513109,1.615524,-0.40381999999999996,-0.724924,107.0825,538.1075,-103.25
3859,513205,3.4072160000000005,-0.5968241,-1.2500120000000001,120.3125,520.6425,-126.91
3860,513301,3.039508,-0.48702399999999996,-1.7646080000000002,198.8525,535.4125,-76.79
3861,513397,2.947764,-0.828624,-2.209176,251.6325,504.0525,-42.105
3862,513494,1.804136,-1.4905959999999998,-2.901404,206.2375,357.8575,-49.4725
3863,513590,4.228032,-2.322148,-3.686352,113.1725,147.07,-67.795
3864,513686,1.92028,-1.6928720000000002,-3.08416,-6.8775,-57.68,-49.455
3865,513782,0.25058800000000003,-0.9501360999999999,-1.6601759999999999,-73.5525,-211.155,-34.615
3866,513878,-0.172752,-0.45383999999999997,-1.2397639999999999,-79.975,-221.62,-23.9225
3867,513975,-0.221308,-0.206668,-0.90646,-50.2775,-212.205,-14.35
3868,514071,0.095648,-0.31964000000000004,-0.8969440000000001,-6.3525,-200.9175,4.06
3869,514167,0.360144,-0.5314321,-0.9628241,22.225,-205.2575,23.0825
3870,514263,0.59048,-0.7283400999999999,-1.007476,23.415,-224.1225,35.8575
3871,514360,0.71736,-0.755424,-0.9882001,0.2975,-253.4875,41.8425
3872,514456,0.7324881,-0.60878,-0.865956,-29.1025,-285.6525,44.2925
3873,514552,0.659288,-0.444324,-0.702232,-47.5825,-313.3725,46.9
3874,514648,0.629764,-0.29158,-0.5846241,-49.8575,-330.2775,51.1175
3875,514745,0.687592,-0.22935999999999998,-0.524356,-38.045,-337.3475,56.42
3876,514841,0.7890961,-0.244732,-0.49434399999999995,-21.1225,-342.265,61.915
3877,514937,0.8788879999999999,-0.29743600000000003,-0.5038600000000001,-6.8075,-347.095,66.675
3878,515033,0.989176,-0.3599,-0.5267960999999999,2.1525,-351.7325,70.6475
3879,515129,1.0504200000000001,-0.395768,-0.544852,5.075,-357.0,74.165
3880,515226,1.075064,-0.374296,-0.5380199999999999,4.62,-361.0775,76.6325
3881,515322,1.093608,-0.324764,-0.5160600000000001,6.1775,-361.095,78.365
3882,515418,1.13216,-0.301584,-0.49702799999999997,13.3,-357.315,79.0825
3883,515514,1.1838879999999998,-0.310856,-0.489708,24.815,-350.63,78.855
3884,515611,1.214876,-0.431148,-0.492148,38.15,-341.32,78.48751
3885,515707,1.249036,-0.506544,-0.513864,43.75,-328.755,78.75
3886,515803,1.210728,-0.5919439999999999,-0.553636,40.32,-312.69,81.585
3887,515899,1.334436,-0.638548,-0.7659161,31.1675,-292.3025,86.15250999999999
3888,515996,1.646756,-0.630984,-1.060668,25.55,-274.9775,94.7625
3889,516092,1.987624,-0.642696,-1.277584,27.6675,-270.095,109.83
3890,516188,2.213324,-0.530212,-1.41154,27.16,-277.3575,124.5825
3891,516284,2.456836,-0.5648601,-1.4539959999999998,28.3325,-290.045,138.7925
3892,516380,2.5925,-0.927932,-1.4478959999999998,45.0975,-301.245,158.9875
3893,516477,2.640812,-0.564128,-0.6802720999999999,-1.015,-290.5,144.48
3894,516573,2.889936,0.60268,-0.457012,-80.97251,-275.485,110.32
3895,516669,3.0890400000000002,1.37494,-0.466772,-63.6475,-265.2825,112.8225
3896,516765,3.007056,1.154364,-0.31842,26.0575,-277.375,140.7175
3897,516861,2.6998599999999997,0.784216,0.142008,91.3675,-286.405,154.5075
3898,516958,2.358016,0.6688041,0.8071520000000001,92.0675,-279.545,130.9175
3899,517054,2.06058,0.8862081,1.578924,59.08,-248.2025,69.7725
3900,517150,2.230892,1.520364,2.088396,30.2925,-183.9075,-15.7325
3901,517246,2.370216,1.504504,2.292136,35.7175,-108.6575,-92.55751
3902,517343,2.2113720000000003,0.519476,2.345084,26.425,-22.365,-150.815
3903,517439,2.1106,0.009028000999999999,2.3968119999999997,-67.06,74.97,-216.2825
3904,517535,2.1374400000000002,1.253184,2.41316,-187.705,179.515,-279.125
3905,517631,0.540704,2.1823360000000003,0.79178,-169.2425,292.565,-268.3625
3906,517727,2.778428,-0.8310639999999999,-3.030236,24.3425,379.435,-125.65
3907,517824,5.323348,-0.5980439999999999,-2.637152,19.775,354.7775,-71.71500999999999
3908,517920,3.447476,0.537532,-1.6684720000000002,-41.7025,243.355,-63.14
3909,518016,0.921344,0.661484,-1.292224,-31.5175,165.4975,-18.725
3910,518112,-0.8317960999999999,0.5368,-0.49288000000000004,-16.7125,145.425,-36.3125
3911,518209,2.063996,-2.268712,-1.611132,9.5375,172.935,-56.5425
3912,518305,3.5587400000000002,-0.796416,-0.9828321,-96.18,124.3375,-56.0525
3913,518401,0.70028,1.452776,-1.365424,-113.89,40.7925,-60.235
3914,518497,0.8669319999999999,-0.616588,-0.721996,-39.2175,18.4275,-34.9475
3915,518593,0.683932,0.091012,-1.025044,-19.9675,22.8375,-16.6425
3916,518690,0.7983680000000001,-0.432612,-0.7549359999999999,-9.345,24.0275,-11.7775
3917,518786,0.660996,-0.11345999999999999,-0.8310639999999999,-3.3075,17.0975,-11.0775
3918,518882,0.64172,-0.024644,-0.8815719999999999,-1.61,15.61,-8.785
3919,518978,0.604144,-0.196908,-0.8210601000000001,6.4575,17.605,-5.635
3920,519075,0.671488,0.026595999999999998,-0.8364321,4.48,20.2125,-5.9675
3921,519171,0.649284,-0.09394001,-0.80276,10.255,19.8975,-0.9975
3922,519267,0.6600201,-0.139568,-0.7854361,13.4225,19.3725,2.6775
3923,519363,0.662704,-0.145424,-0.768356,15.3825,18.2875,3.71
3924,519459,0.638304,-0.16348,-0.7503,16.52,16.9575,4.0775
3925,519556,0.634156,-0.12932000000000002,-0.7686,17.1675,16.73,5.145
3926,519652,0.619028,-0.155184,-0.781532,18.0775,17.3075,6.5975
3927,519748,0.60634,-0.2013,-0.757864,18.1125,18.5325,6.545
3928,519844,0.6182960999999999,-0.16909200000000002,-0.7747001,15.4,21.14,5.075
3929,519941,0.633668,-0.191052,-0.759328,14.105,22.995,3.885
3930,520037,0.652944,-0.182024,-0.743712,13.755,22.82,2.835
3931,520133,0.6517241,-0.19983599999999999,-0.731024,15.89,21.035,2.1875
3932,520229,0.6441600000000001,-0.176656,-0.744688,17.7975,19.6175,1.715
3933,520326,0.636596,-0.208132,-0.732244,20.1425,19.0225,2.0125
3934,520422,0.635864,-0.21594000000000002,-0.734196,21.175,19.355,1.8375
3935,520518,0.6283,-0.24668400000000001,-0.726388,20.055,20.0725,0.4025
3936,520614,0.6117081,-0.292068,-0.7044279999999999,16.2225,21.49,-1.75
3937,520710,0.6514800000000001,-0.242048,-0.714676,9.5025,23.59,-4.025
3938,520807,0.654408,-0.22326,-0.702964,7.875,22.6625,-5.6525
3939,520903,0.665144,-0.250832,-0.6912520000000001,4.935,21.2975,-7.91
3940,520999,0.6722199999999999,-0.2501,-0.695156,1.575,19.39,-10.6575
3941,521095,0.6836880999999999,-0.250344,-0.684664,-1.19,17.2375,-13.37
3942,521192,0.679784,-0.257176,-0.6919841,-4.095,14.6825,-16.6075
3943,521288,0.682712,-0.21838000000000002,-0.6993041,-6.2125,12.46,-19.46
3944,521384,0.684908,-0.172508,-0.694912,-5.8625,10.99,-20.7025
3945,521480,0.6785640000000001,-0.165188,-0.698328,-5.425,10.605,-20.23
3946,521577,0.669292,-0.15372,-0.7117479999999999,-5.5825,11.3225,-19.705
3947,521673,0.6602640000000001,-0.14762,-0.7224841,-4.725,13.7025,-19.355
3948,521769,0.6600201,-0.126392,-0.7320001,-2.38,17.64,-18.6375
3949,521865,0.650016,-0.12932000000000002,-0.726144,1.2425,22.7675,-17.255
3950,521961,0.6505041,-0.133956,-0.7285841,4.2875,28.4375,-16.38
3951,522058,0.6729520999999999,-0.11712,-0.71492,6.4925,34.195,-15.19
3952,522154,0.678076,-0.11321600000000001,-0.71614,8.8375,38.99,-12.8625
3953,522250,0.69296,-0.142984,-0.69662,10.4475,43.435,-10.6575
3954,522346,0.674416,-0.19764,-0.693692,11.6025,47.8975,-8.995
3955,522443,0.643184,-0.236192,-0.71004,12.7575,53.165,-9.8175
3956,522539,0.665144,-0.198372,-0.72102,12.8975,60.8475,-13.125
3957,522635,0.657824,-0.139812,-0.724436,15.3475,69.9125,-14.7
3958,522731,0.682956,-0.11614400000000001,-0.732244,18.585,80.255,-14.9275
3959,522827,0.649528,-0.1586,-0.739808,21.2275,90.965,-15.645
3960,522924,0.6348881,-0.16104000000000002,-0.749568,22.925,104.7025,-16.9575
3961,523020,0.621712,-0.20252,-0.73688,26.95,119.56,-21.805
3962,523116,0.5799880000000001,-0.23668000000000003,-0.764452,32.7425,137.445,-31.5
3963,523212,0.542412,-0.22033200000000003,-0.7903161,35.5425,158.025,-45.5175
3964,523309,0.5673,-0.260836,-0.7327321,45.8675,186.5675,-54.32
3965,523405,0.9301280000000001,-0.274744,-0.8461921,69.44,232.47,-57.155
3966,523501,0.613416,-0.34404,-0.835456,95.7425,273.805,-73.02750999999999
3967,523597,0.771528,-0.691008,-1.110444,132.0025,330.1025,-102.1125
3968,523694,1.6291879999999999,-0.400648,-1.261724,165.5675,381.4475,-127.085
3969,523790,1.69092,-0.493612,-1.5225600000000001,227.3075,422.625,-127.75
3970,523886,1.6552959999999999,-0.8910879999999999,-1.7333759999999998,262.815,430.6575,-146.65
3971,523982,2.690344,-1.1346,-1.667252,277.865,408.1875,-173.8275
3972,524079,2.3201959999999997,-0.6231760999999999,-1.514996,306.145,400.8025,-183.68
3973,524175,2.8030720000000002,-0.46164799999999995,-1.910764,336.1225,363.4925,-173.845
3974,524271,1.6814040000000001,-0.320372,-2.20332,347.62,258.16,-167.2825
3975,524367,0.7166279999999999,-1.1241079999999999,-2.658624,375.3925,121.9225,-174.545
3976,524463,0.9801479999999999,-2.269444,-1.943216,323.5925,6.4575,-185.43
3977,524560,-0.119072,-2.627148,-1.506212,224.735,-36.05,-158.305
3978,524656,-0.476288,-2.150128,-1.149972,120.7675,-65.4675,-100.625
3979,524752,-0.151036,-1.4835200000000002,-1.31272,61.88,-51.765,-18.9175
3980,524848,0.22448,-0.9433041,-1.496208,56.9975,-64.6275,72.1525
3981,524945,0.34257600000000005,-0.582916,-1.5189,67.9875,-98.77,145.81
3982,525041,0.330864,-0.122,-1.440332,61.5475,-138.1975,181.3
3983,525137,0.32574000000000003,0.61122,-1.362984,48.23,-169.75,180.81
3984,525233,0.42700000000000005,1.188768,-1.34566,62.335,-195.8775,160.51
3985,525329,0.588284,1.4271559999999999,-1.345416,108.64,-221.4625,135.0125
3986,525426,0.77104,1.318576,-1.3268719999999998,164.115,-248.15,110.285
3987,525522,0.856684,1.114592,-1.22366,202.09,-275.065,87.53501
3988,525618,0.874984,0.9962521000000001,-1.085556,214.3575,-295.505,67.2875
3989,525714,0.8571719999999999,0.9394,-0.965996,215.4075,-305.235,53.5675
3990,525811,0.856196,0.8615640999999999,-0.9345201,211.8725,-303.8875,49.56
3991,525907,0.9413520000000001,0.820816,-1.022604,202.2475,-297.4125,49.805
3992,526003,1.090436,0.849608,-1.1855959999999999,186.8825,-293.02,49.5075
3993,526099,1.20414,0.885964,-1.3024719999999999,172.3225,-296.24,47.7925
3994,526195,1.240008,0.8479,-1.327848,160.37,-307.055,43.645
3995,526292,1.26148,0.801296,-1.3163799999999999,147.3675,-319.795,36.54
3996,526388,1.1453360000000001,0.7324881,-1.180472,137.865,-330.4525,31.08
3997,526484,1.0889719999999998,0.7929999999999999,-1.048956,126.315,-333.41,23.2575
3998,526580,1.136552,0.918416,-1.027484,119.8575,-327.845,14.28
3999,526677,1.236592,0.954284,-1.016504,125.16,-322.4725,2.6075
4000,526773,1.268312,0.8991401,-0.942816,132.685,-318.78,-13.265
4001,526869,1.249036,0.8596120999999999,-0.840824,134.12,-312.585,-34.4225
4002,526965,1.361032,0.8256960999999999,-0.8342360000000001,136.325,-298.9875,-56.245
4003,527061,1.634312,0.74054,-0.9291520000000001,145.915,-283.36,-73.16751
4004,527158,1.778272,0.76494,-0.83814,160.895,-273.8575,-82.2675
4005,527254,1.7428919999999999,0.775676,-0.5368,182.21,-263.445,-86.45
4006,527350,1.828048,0.741272,-0.26352,204.645,-240.24,-95.1475
4007,527446,1.927112,0.7503,-0.0488,219.695,-209.0725,-111.3525
4008,527543,1.905884,0.9267120000000001,0.14518,229.04,-175.6475,-129.5175
4009,527639,1.948584,1.109712,0.208864,242.27,-140.3325,-145.1625
4010,527735,2.043988,1.19316,0.19154000000000002,257.1275,-110.6875,-160.09
4011,527831,2.0691200000000003,1.2317120000000001,0.186172,260.4175,-92.505,-178.395
4012,527927,2.0525279999999997,1.17974,0.225212,249.76,-82.1625,-200.725
4013,528024,1.8060880000000001,0.493612,0.522404,224.7525,-72.345,-228.9875
4014,528120,1.693116,0.17202,0.563884,138.635,-39.6375,-279.125
4015,528216,2.976312,-0.591212,-0.251564,-15.26,-1.0675,-344.925
4016,528312,1.592832,-1.4896200000000002,-0.02074,-168.2975,-13.86,-351.68
4017,528409,0.174704,-0.8352120000000001,0.052948,-215.845,-0.2275,-274.8025
4018,528505,1.1241079999999999,0.8369200000000001,-1.11996,-303.03,45.8675,-242.655
4019,528601,2.6764360000000003,1.7033639999999999,-2.068388,-281.5575,32.725,-210.28
4020,528697,1.273192,1.33956,-1.210972,-193.55,-34.93,-166.5475
4021,528794,0.5653481,0.07832401,-1.725568,-112.56,-40.3725,-88.6725
4022,528890,0.211792,0.5221600000000001,-1.4095879999999998,-73.045,-8.4875,-45.885
4023,528986,0.730536,0.08662001,-0.837408,-43.2775,13.3175,-37.835
4024,529082,0.7105279999999999,0.053191999999999996,-0.8249639999999999,-28.4375,15.8375,-28.63
4025,529178,0.605364,-0.082716,-0.8235001000000001,-26.3375,14.665,-25.0775
4026,529275,0.774456,-0.09247601,-0.8166680000000001,-22.855,14.14,-25.025
4027,529371,0.729072,-0.287188,-0.9911281,-15.9075,11.585,-23.3975
4028,529467,0.656116,-0.13054000000000002,-0.809348,0.525,6.2125,-14.035
4029,529563,0.627568,-0.135176,-0.767868,-14.0175,3.7625,-16.2225
4030,529660,0.6068279999999999,-0.11126400000000002,-0.798124,-11.375,5.18,-14.7175
4031,529756,0.642696,-0.125904,-0.791292,-9.7125,6.44,-12.775
4032,529852,0.62708,-0.063928,-0.7998321,-7.805,6.1075,-10.0625
4033,529948,0.640256,-0.119804,-0.789828,-5.32,6.9125,-8.61
4034,530045,0.638792,-0.0671,-0.784704,-2.8875,7.14,-6.9825
4035,530141,0.6273241,-0.10394400000000001,-0.774212,-1.155,7.4025,-5.215
4036,530237,0.608536,-0.091988,-0.789828,0.315,7.91,-2.9925
4037,530333,0.6036560999999999,-0.124196,-0.792756,2.1525,9.975,-1.2425
4038,530429,0.598532,-0.14274,-0.7869,4.025,12.5125,-0.8925
4039,530526,0.607316,-0.132248,-0.77836,5.0225,15.0675,-1.89
4040,530622,0.620492,-0.101016,-0.774456,6.6675,17.22,-3.255
4041,530718,0.6283,-0.161772,-0.763232,10.185,18.445,-3.9725
4042,530814,0.6317159999999999,-0.180804,-0.748104,11.1825,19.53,-5.53
4043,530911,0.629764,-0.173728,-0.754448,11.235,20.3525,-7.77
4044,531007,0.604144,-0.205204,-0.7600600000000001,11.8825,21.105,-9.9575
4045,531103,0.616344,-0.111508,-0.785192,9.2575,25.0775,-12.705
4046,531199,0.60634,-0.17519200000000001,-0.767624,11.48,29.4175,-16.1175
4047,531296,0.6036560999999999,-0.142252,-0.772992,15.12,34.1775,-22.155
4048,531392,0.62952,-0.14396,-0.7564001,22.925,39.865,-29.2775
4049,531488,0.642696,-0.13664,-0.7442,32.9875,45.3775,-36.155
4050,531584,0.650748,-0.170312,-0.7329760000000001,44.2925,51.065,-44.2575
4051,531681,0.660752,-0.205204,-0.7032079999999999,57.5925,56.91,-55.265
4052,531777,0.671488,-0.251808,-0.680028,73.045,63.3675,-68.39
4053,531873,0.684664,-0.262544,-0.6600201,88.11251,69.545,-83.2125
4054,531969,0.71248,-0.261324,-0.6422081000000001,103.145,74.305,-98.2975
4055,532066,0.731024,-0.24082800000000001,-0.6036560999999999,117.985,77.2625,-111.72
4056,532162,0.7537159999999999,-0.22643200000000002,-0.6039,130.27,78.3825,-122.43
4057,532258,0.7705521,-0.180072,-0.593164,137.2,77.315,-129.115
4058,532354,0.791048,-0.12712400000000001,-0.579256,138.1975,74.97,-130.9525
4059,532451,0.791536,-0.06563601,-0.583404,134.785,70.1925,-127.4525
4060,532547,0.80886,-0.02928,-0.586576,126.3675,64.715,-119.98
4061,532643,0.8127641,-0.0017079999999999999,-0.585356,115.4825,59.5525,-109.1125
4062,532739,0.801784,0.004392,-0.584868,103.8975,54.9675,-95.9
4063,532835,0.815204,0.015372,-0.5958479999999999,90.965,51.135,-81.77750999999999
4064,532932,0.8147161,-0.002684,-0.590236,77.0525,48.0725,-66.325
4065,533028,0.809836,0.002196,-0.6021920000000001,62.125,46.97,-51.03
4066,533124,0.790072,-0.010004,-0.620736,48.9125,47.88,-36.4875
4067,533220,0.7922680000000001,-0.035868000000000004,-0.6265921,36.61,50.1375,-24.8675
4068,533317,0.759572,-0.044896,-0.64904,26.39,54.74,-15.225
4069,533413,0.7612800999999999,-0.07393200000000001,-0.650992,18.095,60.9175,-9.0825
4070,533509,0.7176041,-0.12761199999999998,-0.641964,10.99,71.78501,-4.5325
4071,533605,0.745908,-0.15054800000000002,-0.604388,9.275,87.5175,-2.8175
4072,533702,0.781532,-0.107848,-0.595116,8.925,106.3125,-3.5875
4073,533798,0.754204,-0.107116,-0.6753920999999999,8.575,121.625,-4.7425
4074,533894,0.7439560000000001,-0.166652,-0.594384,7.0875,129.9025,-8.6275
4075,533990,0.820572,-0.150792,-0.5897479999999999,7.2275,153.265,-11.585
4076,534086,0.743224,-0.11394800000000001,-0.562176,19.18,177.31,-18.34
4077,534183,1.444724,-0.162992,-0.6068279999999999,49.4725,210.84,-19.8975
4078,534279,0.783728,-0.025131999999999998,-0.6263479999999999,104.44,274.19,-11.6375
4079,534375,0.826428,-0.025131999999999998,-1.075796,146.79,336.875,8.995
4080,534471,1.120204,-0.073688,-0.9494040000000001,185.045,368.8825,29.82
4081,534568,1.276852,-0.17641199999999999,-0.934276,227.57,397.635,51.03
4082,534664,1.696288,-0.319152,-0.989908,253.645,436.8,64.33
4083,534760,1.7277639999999999,-0.14005599999999999,-1.2968600000000001,265.0375,474.3725,60.1825
4084,534856,2.220888,-0.2623,-1.511092,275.1,449.085,37.695
4085,534953,2.3785119999999997,-0.42822,-0.9862479999999999,291.69,403.6025,11.9875
4086,535049,3.7705319999999998,-0.5219159999999999,-1.7038520000000001,368.2875,425.8275,1.1725
4087,535145,2.36436,-0.327936,-2.202832,422.065,434.8575,15.19
4088,535241,1.762168,-1.0206520000000001,-2.0242240000000002,386.365,320.6,14.385
4089,535337,2.953864,-2.682292,-2.577128,301.105,130.585,-17.7275
4090,535434,2.486116,-1.910764,-3.692452,144.3225,-42.9275,-21.0
4091,535530,0.17616800000000002,-1.047248,-1.939068,35.56,-222.425,-13.4225
4092,535626,0.127368,-0.20178800000000002,-1.689944,10.0975,-240.905,3.0625
4093,535722,0.249612,0.184952,-1.495232,45.0275,-248.99,25.62
4094,535819,0.53192,0.16128399999999998,-1.504992,98.455,-262.115,54.4775
4095,535915,0.73444,0.022936,-1.482056,126.455,-291.795,74.4625
4096,536011,0.8359440999999999,0.046360000000000005,-1.428864,118.5275,-327.6,77.875
4097,536107,0.9028,0.253272,-1.31028,92.19001,-359.8525,71.9775
4098,536204,0.888648,0.514108,-1.1751040000000001,73.395,-386.5575,67.2525
4099,536300,0.9049959999999999,0.696864,-1.007232,72.38,-405.37,67.935
4100,536396,0.907436,0.7881199999999999,-0.8954801,84.8225,-414.0325,73.955
4101,536492,0.9023121,0.750788,-0.792512,101.64,-415.7825,82.915
4102,536588,0.908168,0.6229319999999999,-0.7378560000000001,109.9175,-410.3925,92.365
4103,536685,0.9298841,0.5282600000000001,-0.7095520000000001,102.62,-399.2975,98.2625
4104,536781,0.981124,0.500688,-0.7510321,83.23001,-383.1975,100.0475
4105,536877,1.105076,0.510204,-0.821304,61.4775,-366.1875,97.335
4106,536973,1.1977959999999999,0.5063,-0.9198799999999999,41.1075,-354.2525,91.07
4107,537070,1.2883200000000001,0.5063,-1.01016,24.78,-346.395,84.175
4108,537166,1.3542,0.46921199999999996,-1.063108,13.0725,-342.23,78.2425
4109,537262,1.428376,0.337208,-1.063352,4.5325,-339.325,72.66
4110,537358,1.484984,0.240096,-1.009916,-6.23,-335.3175,68.1975
4111,537455,1.555744,0.180316,-0.9618481,-16.59,-327.81,65.45
4112,537551,1.673352,0.061975999999999996,-0.9296399999999999,-24.9025,-316.8375,64.2075
4113,537647,1.939556,-0.09711201,-0.9840521000000001,-34.3525,-304.4825,62.405
4114,537743,2.3358119999999998,-0.208864,-1.043344,-44.8875,-296.6075,59.4825
4115,537839,2.709376,-0.197884,-1.009428,-53.83,-299.5825,56.5425
4116,537936,2.810636,-0.355752,-0.7320001,-56.8575,-311.85,55.5625
4117,538032,2.722552,-0.5248441,-0.332084,-63.1575,-320.67,51.45
4118,538128,2.65472,-0.55388,0.015372,-75.35501,-317.1875,41.7375
4119,538224,2.49368,-0.25351599999999996,0.4553041,-77.525,-303.45,31.5875
4120,538321,2.2069799999999997,0.117852,0.9757561,-47.635,-272.37,26.985
4121,538417,2.38266,0.228384,1.2763639999999998,11.55,-220.395,19.4075
4122,538513,2.622512,0.26156799999999997,1.3642040000000002,65.345,-169.19,1.96
4123,538609,2.85236,0.4404201,1.438624,91.875,-127.26,-24.465
4124,538706,2.7730599999999996,0.634156,1.54574,96.91501,-94.67501,-55.3175
4125,538802,2.50222,0.748592,1.553548,90.42251,-61.5825,-90.65001
4126,538898,2.0925439999999997,-0.11321600000000001,1.887584,69.66751,-3.92,-137.6375
4127,538994,1.9656639999999999,0.33061999999999997,2.38754,-24.2725,91.0525,-222.075
4128,539090,1.3856760000000001,0.9252481,0.084912,-106.26,182.0175,-299.9325
4129,539187,1.155828,-0.6292760000000001,-2.678632,-59.5525,202.615,-267.82
4130,539283,1.6631040000000001,-2.663504,-1.10166,38.2375,209.895,-125.6675
4131,539379,2.539796,-0.6039,-1.4783959999999998,-24.8675,227.0275,-71.645
4132,539475,2.113284,1.007232,-1.5908799999999998,-55.1425,202.8775,-42.7
4133,539572,0.8195960999999999,1.431548,-1.079212,-39.8825,145.53,-47.74
4134,539668,0.49288000000000004,0.271084,-0.760304,8.295,125.72,-69.265
4135,539764,2.539552,-2.699616,-1.7794919999999999,32.935,128.2925,-61.285
4136,539860,1.597956,-0.8596120999999999,-0.46335600000000005,-71.05,81.81251,-40.845
4137,539956,0.548512,0.9191481,-1.23098,-91.1225,52.115,-35.56
4138,540053,1.181692,-0.357216,-1.0016200000000002,-58.5725,38.7275,-39.235
4139,540149,0.327692,-0.30378,-0.7227279999999999,-55.8425,20.1775,-35.105
4140,540245,0.7007680000000001,-0.000488,-1.012844,-62.8775,20.65,-37.7125
4141,540341,0.5702281,-0.2928,-0.836676,-62.16,12.4075,-42.455
4142,540438,0.719312,-0.133712,-0.8510719999999999,-56.875,10.2725,-41.09
4143,540534,0.6897880999999999,-0.10394400000000001,-0.8930401,-46.13,6.3,-36.9425
4144,540630,0.6602640000000001,-0.16689600000000002,-0.8003201,-34.2825,5.04,-30.205
4145,540726,0.640256,-0.079056,-0.830332,-25.6025,4.655,-25.3925
4146,540822,0.611952,-0.049776,-0.8398479999999999,-20.44,4.585,-21.6825
4147,540919,0.5948720000000001,-0.0488,-0.8222799999999999,-15.7675,4.7075,-18.2
4148,541015,0.56852,-0.032451999999999995,-0.826916,-11.5675,5.81,-15.575
4149,541111,0.5958479999999999,-0.070516,-0.8291120999999999,-6.79,7.9275,-12.53
4150,541207,0.592188,-0.043432,-0.8317960999999999,-4.4625,10.7625,-9.205
4151,541304,0.60878,-0.016592,-0.8113001,-0.105,13.335,-6.4925
4152,541400,0.5980439999999999,-0.09735601,-0.799588,4.935,13.72,-3.92
4153,541496,0.5934081,-0.150304,-0.787632,7.28,13.7725,-3.465
4154,541592,0.5997520000000001,-0.174704,-0.781044,7.7,13.9125,-5.7225
4155,541689,0.5934081,-0.136152,-0.787632,7.7175,14.0,-9.31
4156,541785,0.599996,-0.08466801,-0.8132520999999999,8.715,15.085,-12.2675
4157,541881,0.615124,-0.16689600000000002,-0.783728,10.78,17.01,-13.58
4158,541977,0.6182960999999999,-0.09247601,-0.775676,10.43,18.445,-15.505
4159,542074,0.590968,-0.01342,-0.79666,8.715,20.4925,-15.1025
4160,542170,0.6131721,-0.053191999999999996,-0.776896,9.5025,24.43,-12.355
4161,542266,0.58072,0.034648000000000005,-0.801784,11.1825,28.0875,-9.45
4162,542362,0.585112,-0.0366,-0.803248,14.0875,33.32,-5.285
4163,542458,0.592432,-0.035624,-0.8095920999999999,16.2575,39.27,-2.17
4164,542555,0.592432,-0.060267999999999995,-0.8049561,18.795,45.4825,-0.49
4165,542651,0.60146,-0.059536,-0.788608,20.9475,51.8525,0.3675
4166,542747,0.604632,-0.09882,-0.768112,23.1525,57.33,0.5775
4167,542843,0.620736,-0.08881599,-0.749324,24.6225,62.3,-0.245
4168,542940,0.642696,-0.07490801,-0.738588,26.0575,67.235,0.245
4169,543036,0.637084,-0.122732,-0.735172,27.5625,71.4,2.03
4170,543132,0.640012,-0.149572,-0.733464,28.315,75.845,2.6075
4171,543228,0.6466,-0.127856,-0.7373681,27.9825,81.655,1.575
4172,543324,0.635864,-0.1647,-0.734684,28.5425,88.3575,0.14
4173,543421,0.634644,-0.20252,-0.733952,27.1075,95.6725,-3.5
4174,543517,0.6514800000000001,-0.197884,-0.7315119999999999,25.0425,105.07,-8.6625
4175,543613,0.636108,-0.197884,-0.71614,25.1475,115.3075,-14.28
4176,543709,0.676612,-0.18251199999999998,-0.687104,24.8675,126.0,-20.125
4177,543806,0.686372,-0.165188,-0.641964,25.655,136.92,-24.71
4178,543902,0.684176,-0.15420799999999998,-0.654652,25.69,144.7775,-29.33
4179,543998,0.687104,-0.144204,-0.6283,22.1025,152.39,-31.885
4180,544094,0.7027201,-0.06539201,-0.670512,15.82,162.1725,-31.4825
4181,544190,0.6229319999999999,-0.127368,-0.621712,7.5075,169.7675,-28.7175
4182,544287,0.708576,-0.172752,-0.620736,3.115,191.135,-22.4525
4183,544383,0.562176,-0.231068,-0.663192,-1.5225,215.1625,-18.4625
4184,544479,0.8364321,-0.292068,-0.818132,-26.145,235.76,-33.845
4185,544575,1.112884,-0.44676400000000005,-0.73932,-42.525,271.4425,-57.855
4186,544672,1.186816,-0.24107199999999998,-0.74542,-40.5825,336.8575,-63.9275
4187,544768,0.855708,-0.128344,-0.9467200000000001,-22.8725,410.6375,-52.325
4188,544864,1.0316319999999999,-0.13859200000000002,-1.318332,6.475,460.53,-38.5525
4189,544960,1.669448,-0.290604,-0.9023121,60.655,475.8775,-32.62
4190,545056,1.75558,-0.204716,-0.787144,83.65001,523.5125,-46.48
4191,545153,1.952732,-0.40992,-1.606496,79.415,569.8875,-58.9575
4192,545249,1.8573279999999999,-0.47653199999999996,-1.1812040000000001,119.28,551.11,-69.125
4193,545345,3.148088,-0.7671359999999999,-1.18584,138.0225,497.2625,-110.775
4194,545441,5.140836,-0.815448,-1.91418,198.905,514.6575,-96.5125
4195,545538,3.285216,-1.147532,-2.639104,270.7775,496.6325,-43.715
4196,545634,1.9110080000000003,-2.181848,-3.3842800000000004,168.7525,323.61,-58.52
4197,545730,4.184844,-2.501,-4.046983999999999,38.43,86.765,-61.845
4198,545826,1.20658,-1.450336,-2.572492,-55.0025,-110.95,-26.95
4199,545923,0.171532,-0.6039,-1.616012,-89.5125,-211.4875,-16.7125
4200,546019,0.04514,-0.07344400000000001,-1.349808,-55.7025,-204.9425,-11.7425
4201,546115,0.17738800000000002,-0.146644,-1.206092,11.1475,-205.52,1.5225
4202,546211,0.471164,-0.481412,-1.251232,66.0975,-215.1975,21.49
4203,546307,0.718824,-0.768112,-1.249768,78.785,-244.055,36.7325
4204,546404,0.85034,-0.8586360000000001,-1.1895,53.5325,-283.115,44.9575
4205,546500,0.8405800999999999,-0.7032079999999999,-1.039928,12.32,-322.525,48.37
4206,546596,0.763476,-0.393328,-0.8544879999999999,-19.3725,-354.34,51.66
4207,546692,0.6653880999999999,-0.138348,-0.6451359999999999,-26.0925,-374.85,58.275
4208,546789,0.56608,-0.07515201,-0.4819,-12.81,-384.1775,66.7625
4209,546885,0.5607121,-0.056852,-0.392596,5.46,-382.2525,74.3925
4210,546981,0.6441600000000001,-0.10418800000000002,-0.41016400000000003,20.7375,-373.345,80.0625
4211,547077,0.7834840000000001,-0.193248,-0.470188,28.8575,-364.875,84.3675
4212,547174,0.9189040999999999,-0.23009200000000002,-0.556808,26.2675,-360.255,86.485
4213,547270,1.01016,-0.156404,-0.621224,19.565,-358.96,86.0125
4214,547366,1.077748,-0.040748,-0.638304,18.6375,-359.6075,84.175
4215,547462,1.09922,0.000732,-0.623908,29.785,-360.78,82.0225
4216,547559,1.1448479999999999,-0.091988,-0.5814520000000001,46.4275,-357.385,80.6925
4217,547655,1.17242,-0.207156,-0.6178081,57.5575,-348.425,81.13
4218,547751,1.2639200000000002,-0.323544,-0.6939361,58.45,-336.0525,83.405
4219,547847,1.277828,-0.37746799999999997,-0.73688,50.085,-324.7475,87.185
4220,547944,1.273192,-0.454816,-0.837408,36.785,-311.57,91.5425
4221,548040,1.49694,-0.54656,-1.044564,25.4275,-295.54,94.8325
4222,548136,1.9056400000000002,-0.62952,-1.329556,18.41,-285.04,100.205
4223,548232,2.306288,-0.673196,-1.5279280000000002,17.535,-287.5425,113.8725
4224,548328,2.594208,-0.792512,-1.581364,21.4725,-301.665,136.465
4225,548425,2.734752,-0.9037761000000001,-1.45058,22.155,-320.1275,162.2075
4226,548521,2.8243,-0.7993439999999999,-1.2317120000000001,11.235,-334.5825,185.6225
4227,548617,2.924096,-0.5404601,-0.989908,-4.13,-339.535,208.0575
4228,548713,2.9689919999999996,-0.404308,-0.595604,-12.9675,-338.2575,224.8925
4229,548810,2.9977840000000002,-0.1281,-0.09125599999999999,-25.9525,-327.215,226.31
4230,548906,2.804292,0.417728,0.724436,-39.6025,-305.06,211.925
4231,549002,2.644472,0.9706319999999999,1.518412,-30.4325,-262.4475,182.245
4232,549098,2.935076,1.257088,1.9898200000000001,8.715,-202.8075,134.5225
4233,549195,3.423564,1.323456,2.107428,55.23,-146.6325,80.64
4234,549291,3.3020519999999998,0.9716081,2.18502,84.15751,-100.3975,40.25
4235,549387,2.8835919999999997,0.463844,1.925648,63.3675,-50.8025,8.1725
4236,549483,2.669604,0.495076,1.140212,4.515,1.9775,-27.1775
4237,549579,2.2892080000000004,-0.069052,1.5081639999999998,-42.8575,70.9275,-68.67
4238,549676,0.5997520000000001,0.164212,2.9053080000000002,-108.43,180.285,-150.9375
4239,549772,1.437892,0.8964561,-2.3140959999999997,-152.25,300.9125,-236.9675
4240,549868,2.007632,-0.040260000000000004,-2.595428,-15.75,321.79,-144.27
4241,549964,3.2942440000000004,-0.35160399999999997,-1.379332,63.4375,329.6125,-41.755
4242,550061,3.730028,0.7376119999999999,-2.675216,-9.5725,293.1425,-63.98
4243,550157,1.515484,0.8398479999999999,-1.353224,14.3675,196.63,-59.6925
4244,550253,0.32452,0.24058400000000002,-0.684664,27.6675,158.165,-83.1075
4245,550349,0.9394,-1.15534,-0.8525360000000001,63.9275,165.0425,-71.75
4246,550446,2.8372319999999998,-2.90726,-0.8335040000000001,13.23,149.87,-55.79
4247,550542,0.542412,0.7732359999999999,-1.198528,-98.68251,86.625,-32.9875
4248,550638,1.051884,-0.023668,-0.998692,-78.27750999999999,81.2175,-38.1325
4249,550734,0.7183361,-0.8571719999999999,-0.745664,-64.6275,63.5775,-40.075
4250,550831,0.746152,-0.042212,-1.0431,-78.995,61.1975,-31.71
4251,550927,0.873276,-0.223992,-0.9208561,-73.2025,50.7675,-36.995
4252,551023,0.72224,-0.08100801,-0.9952761,-62.72,37.2575,-34.44
4253,551119,0.659288,-0.203008,-0.8752280000000001,-48.3875,32.62,-28.2275
4254,551215,0.604876,-0.261812,-0.8459479999999999,-37.1875,29.8725,-23.905
4255,551312,0.885964,0.09394001,-0.9882001,-32.165,29.3475,-21.84
4256,551408,0.614636,-0.15128,-0.815204,-15.2425,20.7725,-15.855
4257,551504,0.6263479999999999,-0.119804,-0.823256,-8.3475,19.1275,-11.4625
4258,551600,0.57462,-0.205692,-0.800808,-8.1375,17.9375,-12.425
4259,551697,0.5978,-0.171776,-0.791048,-11.6725,17.9025,-15.5925
4260,551793,0.6263479999999999,-0.144448,-0.7944641,-14.1925,19.18,-17.0625
4261,551889,0.632204,-0.101748,-0.809348,-11.865,20.3,-14.84
4262,551985,0.6034121,-0.158112,-0.8030041,-6.335,21.1225,-11.0075
4263,552082,0.571692,-0.236436,-0.793488,-1.47,22.925,-9.8175
4264,552178,0.587796,-0.300608,-0.7705521,0.945,25.83,-11.27
4265,552274,0.620004,-0.229848,-0.766892,-0.6125,27.02,-15.1025
4266,552370,0.650016,-0.202032,-0.738344,-1.7325,24.8325,-19.285
4267,552466,0.6224441,-0.038064,-0.7978801,0.6825,21.105,-21.455
4268,552563,0.567056,-0.411872,-0.7019880000000001,10.325,19.285,-23.275
4269,552659,0.636596,-0.08784,-0.8095920999999999,-5.425,24.8675,-26.3025
4270,552755,0.62464,-0.22789600000000002,-0.730292,-2.9225,27.965,-26.285
4271,552851,0.662948,-0.06636801,-0.770308,-3.605,30.2575,-26.845
4272,552948,0.6392800000000001,-0.122732,-0.7476161,-0.35,32.7425,-26.3375
4273,553044,0.6541640000000001,-0.07856801,-0.749568,2.835,36.0675,-25.5325
4274,553140,0.6505041,-0.070516,-0.73932,4.6725,40.0925,-23.5025
4275,553236,0.665632,-0.067588,-0.7315119999999999,6.5625,43.8725,-21.28
4276,553332,0.663192,-0.09394001,-0.7259001,8.2425,47.145,-19.2675
4277,553429,0.6709999999999999,-0.10052799999999999,-0.71736,8.89,50.3825,-17.1325
4278,553525,0.660996,-0.11248399999999999,-0.7183361,11.2,54.4075,-15.225
4279,553621,0.6541640000000001,-0.149084,-0.7256560000000001,13.93,59.22,-14.175
4280,553717,0.6258600000000001,-0.176656,-0.7373681,16.2925,64.0325,-15.015
4281,553813,0.639768,-0.138836,-0.7390760000000001,17.57,70.805,-17.36
4282,553910,0.6466,-0.13054000000000002,-0.734196,19.3025,79.4325,-18.34
4283,554006,0.664412,-0.168848,-0.7141881,20.5975,89.5825,-19.565
4284,554102,0.6722199999999999,-0.149572,-0.704916,20.9125,100.7475,-20.825
4285,554198,0.67832,-0.113704,-0.701012,20.23,111.7375,-21.14
4286,554295,0.671732,-0.10540799999999999,-0.696376,18.62,121.0825,-19.845
4287,554391,0.685884,-0.082472,-0.686372,16.2575,131.845,-16.7825
4288,554487,0.7134560999999999,-0.09272000000000001,-0.690032,13.02,144.62,-14.455
4289,554583,0.63562,-0.100284,-0.701256,9.345,158.2175,-12.53
4290,554679,0.639524,-0.192272,-0.6517241,4.865,170.205,-13.37
4291,554776,0.6158561,-0.34428400000000003,-0.650016,6.5275,195.6675,-13.405
4292,554872,0.46945600000000004,-0.315736,-0.681492,4.725,220.8675,-19.2325
4293,554968,0.8108121,-0.339404,-0.8954801,-20.4925,244.195,-42.2975
4294,555064,0.9403761,-0.537044,-0.769088,-33.25,280.8575,-66.045
4295,555161,1.137284,-0.320616,-0.8195960999999999,-40.9325,349.055,-80.99
4296,555257,0.648552,-0.18178,-1.01138,-42.21,431.865,-76.8775
4297,555353,1.018944,-0.190076,-1.446676,-31.5175,484.7325,-66.2725
4298,555449,1.831952,-0.09272000000000001,-0.913048,20.615,505.2075,-63.0525
4299,555545,1.830976,-0.35672800000000005,-1.151192,68.075,544.985,-68.95
4300,555642,2.527596,-0.85888,-2.17282,81.375,572.25,-82.7925
4301,555738,2.263588,-0.57218,-1.198528,98.0175,549.3775,-119.7525
4302,555834,4.683092,-0.778604,-1.613572,116.3925,524.8775,-145.3375
4303,555930,4.510584,-0.7922680000000001,-2.366068,226.1,542.325,-66.815
4304,556027,2.78526,-1.4210559999999999,-2.7467080000000004,237.615,470.295,-43.5925
4305,556123,3.284728,-3.094652,-2.902136,90.59751,250.11,-80.5175
4306,556219,3.625596,-2.025932,-4.351496,-57.8725,35.28,-55.37
4307,556315,0.7017439999999999,-1.085556,-1.9837200000000001,-126.77,-170.6425,-19.9675
4308,556412,0.091012,-0.235704,-1.571116,-131.81,-217.14,-12.425
4309,556508,-0.056608000000000006,0.133956,-1.19926,-80.535,-211.6625,-14.8575
4310,556604,0.11224,-0.05124001,-1.1472879999999999,-2.135,-207.55,-6.4225
4311,556700,0.466528,-0.42822,-1.2378120000000001,54.8625,-216.2825,7.14
4312,556796,0.702476,-0.769088,-1.22366,69.825,-247.0825,18.34
4313,556893,0.7869,-0.892064,-1.120692,46.0075,-287.5425,23.9225
4314,556989,0.7537159999999999,-0.76494,-0.9391560999999999,6.5275,-325.6925,25.865
4315,557085,0.6883239999999999,-0.514352,-0.745664,-23.1,-354.375,27.895
4316,557181,0.619516,-0.320616,-0.576084,-29.7325,-371.5425,33.565
4317,557277,0.5797441,-0.25522399999999995,-0.477508,-18.83,-379.05,42.49
4318,557374,0.679296,-0.23155599999999998,-0.461404,-1.6625,-379.2075,51.73
4319,557470,0.762012,-0.29646,-0.46848,15.155,-378.385,60.9
4320,557566,0.8620521000000001,-0.36282800000000004,-0.5119121,25.13,-377.72,68.8275
4321,557662,0.941108,-0.37576,-0.5343600000000001,27.09,-377.3875,74.9
4322,557759,0.9774639999999999,-0.332572,-0.526308,25.62,-376.0225,78.9775
4323,557855,1.001132,-0.2867,-0.5231359999999999,27.895,-371.5425,81.025
4324,557951,1.127524,-0.281332,-0.562908,36.575,-363.65,82.565
4325,558047,1.285392,-0.28426,-0.6161,49.7175,-354.9175,86.3975
4326,558143,1.3725,-0.394548,-0.640012,63.945,-347.725,93.1
4327,558240,1.375672,-0.5011760000000001,-0.663192,70.63,-339.1325,101.5875
4328,558336,1.348832,-0.568032,-0.6895439999999999,67.7075,-327.1625,108.3075
4329,558432,1.4400879999999998,-0.679784,-0.85156,59.605,-310.0825,113.2775
4330,558528,1.802428,-0.775188,-1.144116,51.24,-293.0025,117.46
4331,558625,2.359968,-0.8388721,-1.477908,47.775,-287.665,127.155
4332,558721,2.743292,-0.907436,-1.595272,47.8275,-303.03,145.6525
4333,558817,2.7833080000000003,-0.9174399999999999,-1.46888,44.0825,-329.9625,167.44
4334,558913,2.6598439999999997,-0.892552,-1.178764,37.0475,-350.735,185.57
4335,559009,2.5439439999999998,-0.530212,-0.9120720999999999,26.425,-355.7575,198.905
4336,559106,2.616168,-0.213988,-0.8091041,25.935,-343.105,217.14
4337,559202,2.79624,-0.209108,-0.5814520000000001,38.85,-326.375,234.0275
4338,559298,2.9919279999999997,-0.07198,-0.21716,35.49,-307.1425,235.69
4339,559394,3.054636,0.30792800000000004,0.46774799999999994,20.6325,-285.6525,223.055
4340,559491,3.009984,0.930372,1.430328,15.33,-255.3425,193.515
4341,559587,3.145892,1.5828280000000001,2.27652,41.0725,-208.3375,141.1725
4342,559683,3.377204,1.7341080000000002,2.702788,89.8275,-147.735,75.1975
4343,559779,3.082452,0.9852719999999999,2.538332,115.57,-82.6,12.67
4344,559875,2.9380040000000003,0.367708,1.7521639999999998,60.795,-14.21,-54.1625
4345,559972,2.737192,0.562176,0.593164,-29.4,36.2075,-113.89
4346,560068,2.211616,-1.349808,1.463756,-94.09751,99.03251,-158.9875
4347,560164,-0.233264,1.047248,2.062532,-258.4575,208.8975,-243.46
4348,560260,1.2312239999999999,1.596248,-3.177368,-236.74,331.415,-253.0675
4349,560357,2.0935200000000003,0.293044,-1.4374040000000001,-6.125,346.675,-84.525
4350,560453,4.29318,1.474736,-2.397056,13.3175,364.0525,-60.62
4351,560549,3.637796,0.918416,-2.137684,-10.71,292.88,-78.12
4352,560645,1.029436,0.44090799999999997,-1.2017,-4.6375,194.04,-81.67251
4353,560741,0.132736,0.011468,-0.5063,17.43,178.8325,-85.295
4354,560838,3.3791559999999996,-3.535072,-1.58112,38.2725,196.14,-57.82
4355,560934,1.42862,-0.298168,-0.641232,-88.11251,128.73,-43.295
4356,561030,1.226832,0.8510719999999999,-1.599664,-104.895,102.9,-42.5425
4357,561126,0.873276,-0.785192,-0.798856,-65.6775,72.9225,-40.285
4358,561223,0.791048,-0.343552,-0.9913719999999999,-68.495,60.55,-31.605
4359,561319,0.8884040000000001,-0.16128399999999998,-0.904508,-62.895,51.38,-30.87
4360,561415,0.6688041,-0.25351599999999996,-0.8532681000000001,-41.5275,34.4575,-25.34
4361,561511,0.8991401,0.08003201,-1.0626200000000001,-28.245,33.7575,-14.9625
4362,561608,0.639768,-0.320372,-0.822768,-5.5475,23.0825,-6.58
4363,561704,0.66978,-0.058072000000000006,-0.8815719999999999,0.735,23.415,-3.6925
4364,561800,0.6405,-0.23301999999999998,-0.792512,8.8375,21.7175,-1.1725
4365,561896,0.6375721,-0.132736,-0.8235001000000001,12.3025,20.7725,0.6475
4366,561993,0.623908,-0.13761600000000002,-0.8071520000000001,15.2425,21.7875,3.0275
4367,562089,0.6258600000000001,-0.128588,-0.794952,19.3725,22.645,6.3175
4368,562185,0.635376,-0.11614400000000001,-0.780068,22.68,23.9225,9.1
4369,562281,0.619516,-0.12395199999999999,-0.7998321,26.4425,25.9175,13.7025
4370,562378,0.5968241,-0.184952,-0.788852,30.59,28.385,17.7275
4371,562474,0.59292,-0.217404,-0.783972,32.27,31.9725,19.2325
4372,562570,0.5648601,-0.316224,-0.746152,35.525,34.23,17.4825
4373,562666,0.57584,-0.232776,-0.757376,31.4825,37.4675,13.5625
4374,562762,0.6283,-0.28011199999999997,-0.775188,32.76,39.4275,10.36
4375,562859,0.5314321,-0.446032,-0.7190681,35.63,37.765,2.4675
4376,562955,0.562176,-0.445788,-0.665632,29.575,39.725,-9.135
4377,563051,0.569984,-0.498004,-0.6505041,20.125,40.4425,-18.795
4378,563147,0.667828,-0.301584,-0.691008,3.6225,43.6625,-27.1775
4379,563243,0.6729520999999999,-0.260836,-0.6785640000000001,-1.925,43.9075,-29.2775
4380,563340,0.693204,-0.260348,-0.68076,-0.35,40.53,-29.8375
4381,563436,0.7032079999999999,-0.194224,-0.68198,-2.7125,38.9725,-29.7325
4382,563532,0.706624,-0.22789600000000002,-0.640012,-0.7,36.0675,-28.2625
4383,563628,0.7117479999999999,-0.21862399999999999,-0.6539201,-2.38,33.8625,-27.9475
4384,563725,0.6810039999999999,-0.24497600000000003,-0.638792,-3.6575,31.7625,-28.805
4385,563821,0.666852,-0.25522399999999995,-0.6541640000000001,-7.1925,31.4825,-31.1325
4386,563917,0.6600201,-0.290604,-0.6688041,-10.815,32.305,-35.7875
4387,564013,0.728096,-0.227408,-0.72102,-10.7625,33.18,-41.37
4388,564110,0.7093081,-0.202276,-0.674416,-6.9475,32.795,-45.045
4389,564206,0.7288279999999999,-0.175924,-0.643672,-1.8025,33.18,-45.605
4390,564302,0.762988,-0.06344,-0.657824,2.1,36.3825,-43.225
4391,564398,0.7137001000000001,-0.102968,-0.6612401,10.3075,38.92,-36.2425
4392,564494,0.684664,-0.114192,-0.7046720999999999,13.825,42.77,-28.385
4393,564591,0.6634359999999999,-0.12078,-0.726876,12.5825,50.6275,-21.525
4394,564687,0.658068,-0.190076,-0.7317560000000001,9.59,62.6675,-17.22
4395,564783,0.640256,-0.264496,-0.754448,8.155,76.4925,-17.6225
4396,564879,0.652212,-0.23838800000000002,-0.764208,5.5475,91.7875,-21.4725
4397,564976,0.654408,-0.217648,-0.750788,6.09,108.1675,-24.22
4398,565072,0.662216,-0.151036,-0.7283400999999999,5.3375,125.5275,-26.18
4399,565168,0.6453800000000001,-0.137128,-0.739564,4.41,143.5525,-25.795
4400,565264,0.590724,-0.18470799999999998,-0.6985720999999999,3.9375,160.02,-24.9725
4401,565360,0.606584,-0.24522,-0.6673399999999999,8.2775,188.6675,-21.84
4402,565457,0.50142,-0.202276,-0.76494,6.475,219.275,-22.19
4403,565553,0.927932,-0.428708,-0.8030041,-10.745,240.9925,-34.8775
4404,565649,0.6422081000000001,-0.38918,-0.788852,-18.3575,285.6875,-54.775
4405,565745,1.307596,-0.44164,-0.81862,-22.1725,349.09,-67.13
4406,565842,0.6390359999999999,-0.31158800000000003,-0.8400921,-16.205,437.15,-63.6125
4407,565938,1.1102,-0.322324,-1.524268,-28.7875,498.4,-59.71
4408,566034,1.7863240000000002,-0.27328,-0.9311040999999999,22.54,513.94,-61.705
4409,566131,1.825852,-0.49849209999999994,-1.14192,75.46,552.195,-68.9675
4410,566227,2.318244,-0.620004,-1.6765240000000001,90.70251,566.7025,-87.4475
4411,566323,2.0281279999999997,-0.588284,-0.9150001,115.5175,532.8575,-117.1625
4412,566419,4.01502,-0.7849480999999999,-1.6653,164.885,513.625,-135.24
4413,566515,3.863984,-0.7129681,-2.2423599999999997,253.1375,520.0825,-77.665
4414,566611,2.608116,-1.1934040000000001,-2.64252,276.5875,462.84,-46.7775
4415,566708,2.271884,-2.839916,-2.491484,178.85,250.3725,-72.905
4416,566804,4.106032,-2.5922560000000003,-4.342468,15.1725,51.73,-63.56
4417,566900,0.807884,-1.41154,-2.109624,-105.6825,-151.6725,-35.5775
4418,566996,-0.003172,-0.6029241,-1.565992,-147.595,-221.375,-22.2775
4419,567093,-0.246196,-0.06344,-1.181692,-124.2675,-209.5275,-19.425
4420,567189,-0.052216,0.004636001,-1.117764,-63.91,-197.505,-12.6875
4421,567285,0.406016,-0.24888000000000002,-1.2256120000000001,0.9975,-197.2775,4.6725
4422,567381,0.729072,-0.620492,-1.274168,35.8225,-224.6825,20.5275
4423,567478,0.839116,-0.834724,-1.1934040000000001,29.96,-268.5725,27.16
4424,567574,0.819108,-0.7673800000000001,-1.0023520000000001,-2.8,-311.675,26.32
4425,567670,0.73932,-0.56242,-0.805688,-33.2325,-345.1,23.8875
4426,567766,0.714676,-0.366732,-0.640744,-43.47,-365.89,24.395
4427,567862,0.704916,-0.2928,-0.510692,-33.285,-376.5825,29.3125
4428,567959,0.7227279999999999,-0.32403200000000004,-0.43602799999999997,-15.4875,-380.5725,36.575
4429,568055,0.8113001,-0.387716,-0.438956,1.05,-379.82,44.52
4430,568151,0.88328,-0.5343600000000001,-0.42456000000000005,10.15,-377.8425,52.5875
4431,568247,0.975024,-0.604388,-0.46896800000000005,7.49,-375.1125,58.485
4432,568343,1.080432,-0.5734,-0.516304,0.77,-372.575,63.5425
4433,568440,1.188768,-0.5321640000000001,-0.57096,-0.14,-370.9475,70.5075
4434,568536,1.331752,-0.537288,-0.594384,8.5225,-370.0025,80.01
4435,568632,1.380064,-0.5843801,-0.512644,20.545,-369.32,91.8925
4436,568728,1.419348,-0.6439159999999999,-0.49849209999999994,30.17,-364.0525,104.7025
4437,568825,1.448872,-0.7227279999999999,-0.527528,38.43,-353.255,118.6675
4438,568921,1.5128,-0.803492,-0.6280560000000001,41.1775,-338.2225,132.965
4439,569017,1.685064,-0.9103641,-0.78446,37.135,-323.3125,148.26
4440,569113,1.8888040000000001,-0.9669721,-0.96624,25.3925,-312.5325,162.54
4441,569210,2.154276,-0.917684,-1.136796,12.005,-307.0375,176.085
4442,569306,2.3663119999999997,-0.818376,-1.24806,5.39,-309.155,190.54
4443,569402,2.5000240000000002,-0.7639640999999999,-1.268312,7.49,-316.05,203.5075
4444,569498,2.609824,-0.71736,-1.20414,11.9,-323.7325,212.9925
4445,569595,2.709864,-0.439932,-1.087996,13.7025,-328.5275,222.39
4446,569691,2.7528080000000004,-0.40381999999999996,-0.8091041,19.2675,-329.105,233.065
4447,569787,2.756956,-0.384056,-0.37258800000000003,16.6425,-323.155,231.84
4448,569883,2.69742,-0.15738,0.20105599999999998,-1.2775,-305.48,212.9225
4449,569979,2.706448,0.32818,0.8400921,-16.9225,-275.2925,180.67
4450,570076,3.0002240000000002,0.9286639999999999,1.424472,-3.7275,-236.32,140.91
4451,570172,3.208844,1.4149559999999999,2.04106,53.1825,-194.88,100.8175
4452,570268,3.070984,1.2724600000000001,2.4817240000000003,134.4875,-144.1475,70.8575
4453,570364,2.633492,0.308904,2.401204,174.5975,-77.9625,44.065
4454,570461,2.513688,-0.40528400000000003,1.783152,119.42,-6.5625,-3.885
4455,570557,2.620804,-0.124928,0.783972,16.3625,46.3925,-57.8375
4456,570653,2.332884,0.114436,0.10345599999999999,-33.4425,66.53501,-79.3975
4457,570749,1.755824,-2.3079959999999997,1.174128,-46.655,107.4675,-82.18
4458,570846,-0.582916,0.190564,1.174128,-239.995,220.78,-147.98
4459,570942,0.786656,1.567944,-2.667408,-224.63,320.565,-158.025
4460,571038,1.5281719999999999,1.4008040000000002,-1.561356,-70.4725,341.7925,-43.33
4461,571134,4.333684,1.886364,-2.593476,11.7425,385.1575,-36.715
4462,571230,4.024292,0.9857600000000001,-2.2831080000000004,-0.49,294.7875,-79.8
4463,571327,1.340536,-0.076616,-1.225856,-1.9425,183.61,-103.6
4464,571423,0.133956,-1.0206520000000001,-0.377956,-3.0625,155.2075,-109.8475
4465,571519,2.205028,-2.75354,-1.662616,-12.32,168.1925,-81.795
4466,571615,1.6491959999999999,-0.7327321,-0.5185,-118.37,128.3625,-68.915
4467,571712,1.104832,0.493612,-1.359812,-148.2425,93.905,-79.59000999999999
4468,571808,0.9684360999999999,-0.532408,-0.9145120999999999,-115.6575,58.8525,-83.51001
4469,571904,0.593164,-0.558272,-0.84546,-107.5025,46.4625,-73.2025
4470,572000,1.010892,0.348432,-1.167052,-106.4,44.87,-62.1425
4471,572097,0.612928,-0.253272,-0.8642481,-70.9975,22.1025,-55.51
4472,572193,0.9113399999999999,0.047092,-0.985516,-53.69,23.59,-42.14
4473,572289,0.6634359999999999,0.010492,-0.945744,-35.84,19.705,-32.1825
4474,572385,0.676124,-0.12053599999999999,-0.8357,-21.77,20.2475,-23.835
4475,572481,0.6541640000000001,0.011712,-0.8708360999999999,-14.9625,19.215,-20.055
4476,572578,0.65514,-0.031964,-0.826916,-7.8575,19.005,-14.8225
4477,572674,0.654896,-0.091744,-0.817156,-0.1925,18.9175,-10.3425
4478,572770,0.639524,-0.036112,-0.818376,3.9725,19.7575,-7.8225
4479,572866,0.6304960000000001,-0.021472,-0.801296,9.695,19.9675,-3.885
4480,572963,0.5885281,-0.045384,-0.8149601,15.19,20.4575,0.8925
4481,573059,0.580964,-0.120048,-0.807884,19.565,22.435,3.815
4482,573155,0.591212,-0.120048,-0.80642,21.5425,26.1275,5.39
4483,573251,0.571204,-0.203496,-0.7861680999999999,23.8525,30.135,6.335
4484,573348,0.61488,-0.15006,-0.813496,24.01,35.5425,7.0
4485,573444,0.649284,-0.196664,-0.758108,27.3875,38.78,8.12
4486,573540,0.673196,-0.076616,-0.754692,30.8175,39.8825,8.8375
4487,573636,0.610244,-0.062952,-0.783728,39.2175,39.41,11.9875
4488,573732,0.61366,-0.179584,-0.748836,48.6675,41.7725,14.77
4489,573829,0.5777920999999999,-0.17446,-0.766892,43.3475,47.88,15.61
4490,573925,0.6409881,-0.136884,-0.7537159999999999,39.515,53.69,16.8875
4491,574021,0.6314721,-0.195932,-0.715164,41.195,55.5975,18.095
4492,574117,0.630252,-0.216916,-0.703696,36.3825,58.7475,17.2725
4493,574214,0.6178081,-0.280356,-0.684908,30.6425,60.8475,14.28
4494,574310,0.616588,-0.33013200000000004,-0.685884,23.835,61.705,7.2975
4495,574406,0.654652,-0.306952,-0.687592,18.3225,62.51,0.0875
4496,574502,0.661728,-0.302316,-0.6558721,17.08,61.7925,-5.95
4497,574598,0.6834439999999999,-0.245952,-0.66368,15.855,60.83,-10.92
4498,574695,0.6836880999999999,-0.250344,-0.6514800000000001,14.6125,60.1125,-15.645
4499,574791,0.703696,-0.230336,-0.658556,11.7075,61.3725,-20.5975
4500,574887,0.684908,-0.23155599999999998,-0.68076,10.6925,63.665,-25.41
4501,574983,0.72712,-0.208864,-0.6790520999999999,12.39,66.36,-28.875
4502,575080,0.7366361,-0.193736,-0.6612401,14.3675,69.755,-29.9425
4503,575176,0.6939361,-0.2684,-0.657092,16.555,72.3275,-30.2225
4504,575272,0.709796,-0.21618400000000002,-0.658312,14.28,77.525,-30.7475
4505,575368,0.724924,-0.170312,-0.6649,12.18,84.63,-29.4525
4506,575464,0.705892,-0.207644,-0.660996,10.5875,93.415,-25.6375
4507,575561,0.7156520000000001,-0.173728,-0.678076,8.6975,104.23,-23.87
4508,575657,0.7237041,-0.102724,-0.6502600000000001,5.3725,116.0075,-22.82
4509,575753,0.7156520000000001,-0.112728,-0.643672,7.945,131.6,-15.54
4510,575849,0.665144,-0.166652,-0.635864,9.7825,151.9525,-4.6725
4511,575946,0.731268,-0.15128,-0.7439560000000001,7.4375,179.7075,2.17
4512,576042,0.704916,-0.292068,-0.6292760000000001,-1.085,198.94,-5.11
4513,576138,0.7332201,-0.299144,-0.756888,4.0775,243.7925,-16.765
4514,576234,0.5948720000000001,-0.22252800000000003,-0.797148,-6.93,284.3925,-30.0475
4515,576331,1.2622120000000001,-0.49727200000000005,-0.902068,-12.9325,337.75,-28.2625
4516,576427,0.960384,-0.26913200000000004,-0.9999121,-10.71,423.675,-17.01
4517,576523,1.1775440000000001,-0.122976,-1.5494,9.8875,498.435,-2.52
4518,576619,1.5469600000000001,-0.6141479999999999,-0.79178,46.3225,515.4799,7.5075
4519,576715,2.131584,-0.261812,-1.4593639999999999,71.8725,556.0275,-5.6875
4520,576812,2.263588,-0.32574000000000003,-1.741184,106.015,564.6375,-14.9275
4521,576908,2.1411,-0.521672,-1.15046,138.775,517.1075,-28.6825
4522,577004,4.251944,-1.015284,-1.75436,211.9425,491.19,-38.7975
4523,577100,3.65024,-0.7171161,-2.5161279999999997,325.4125,524.335,2.1
4524,577197,2.423652,-1.1324040000000002,-2.79746,344.2425,465.535,19.5825
4525,577293,2.040816,-2.551508,-2.090592,269.255,233.835,-30.975
4526,577389,4.344176,-2.495144,-4.827296,102.025,61.1975,-60.6375
4527,577485,0.969412,-1.279048,-2.3597240000000004,-28.595,-171.6225,-65.66
4528,577582,0.1403,-0.5941401,-1.854888,-65.2575,-257.7925,-67.5325
4529,577678,-0.108824,-0.152256,-1.326384,-42.07,-266.84,-74.1475
4530,577774,-0.041724000000000004,-0.148352,-1.101904,13.055,-264.3725,-72.4325
4531,577870,0.24888000000000002,-0.46774799999999994,-1.0553,65.3275,-262.5875,-57.96
4532,577966,0.490196,-0.820084,-1.017968,87.8325,-279.405,-41.23
4533,578063,0.640256,-1.042368,-0.961116,74.9,-304.745,-27.475
4534,578159,0.726388,-1.042612,-0.829356,37.485,-331.7475,-17.2725
4535,578255,0.729316,-0.9154880999999999,-0.688812,0.14,-354.9875,-5.4075
4536,578351,0.7217521,-0.772504,-0.562176,-23.2575,-370.6675,9.625
4537,578448,0.7183361,-0.6602640000000001,-0.46603999999999995,-31.0625,-377.685,27.615
4538,578544,0.753228,-0.616588,-0.393816,-28.63,-378.805,47.425
4539,578640,0.815692,-0.629764,-0.376004,-23.31,-375.7775,67.1125
4540,578736,0.9323239999999999,-0.639768,-0.41455600000000004,-20.7025,-371.4025,84.735
4541,578832,1.042368,-0.6314721,-0.486048,-22.0675,-368.725,99.24251
4542,578929,1.15778,-0.57584,-0.542168,-23.5725,-368.2875,110.2325
4543,579025,1.23708,-0.522404,-0.5414359999999999,-21.1575,-369.81,117.74
4544,579121,1.284904,-0.48263199999999995,-0.514596,-13.3525,-370.5275,122.3075
4545,579217,1.304424,-0.48263199999999995,-0.5023960999999999,-0.6825,-366.905,126.5425
4546,579314,1.347612,-0.5443640000000001,-0.549732,14.28,-356.44,132.0025
4547,579410,1.4988920000000001,-0.645868,-0.6795401,26.3375,-342.44,138.7925
4548,579506,1.67872,-0.7922680000000001,-0.8193521,32.83,-330.89,148.0675
4549,579602,1.8592799999999998,-0.944524,-0.9620920000000001,28.35,-322.4025,159.075
4550,579698,2.0496,-1.049688,-1.0972680000000001,12.9325,-316.995,167.9125
4551,579795,2.262368,-1.064084,-1.1916959999999999,-6.965,-315.28,174.3
4552,579891,2.4565919999999997,-1.02358,-1.22976,-22.8375,-317.765,179.795
4553,579987,2.666432,-0.9906401,-1.2117040000000001,-29.5225,-322.77,185.115
4554,580083,2.8016080000000003,-0.9330560999999999,-1.048712,-29.4,-330.5925,188.9125
4555,580180,2.783064,-0.482388,-0.8176439999999999,-28.35,-335.3875,193.0075
4556,580276,2.743536,-0.242048,-0.48214399999999996,-9.065,-329.3325,203.7525
4557,580372,2.720112,-0.20618000000000003,0.034648000000000005,16.695,-313.705,209.4575
4558,580468,2.73768,-0.045627999999999995,0.647576,24.9375,-284.83,201.67
4559,580564,2.966308,0.406992,1.328824,21.1225,-245.1575,182.1225
4560,580661,3.313276,0.9547720999999999,1.928332,28.945,-201.6875,154.7
4561,580757,3.4040440000000003,1.3066200000000001,2.364604,58.2925,-156.03,124.7925
4562,580853,2.84382,0.927688,2.5681,81.18251,-101.4475,88.9525
4563,580949,2.233576,0.323544,2.1718439999999997,43.295,-31.36,21.5075
4564,581046,2.335568,0.44164,1.1773,-42.5425,40.635,-67.48001
4565,581142,1.6445599999999998,0.157868,0.6795401,-94.67501,83.1075,-126.0175
4566,581238,0.27718400000000004,-1.11264,2.455616,-157.4125,173.705,-178.29
4567,581334,-0.164212,2.096448,-0.039284,-274.96,277.8125,-256.9875
4568,581431,1.525488,1.77266,-3.6814720000000003,-144.655,395.6225,-197.995
4569,581527,4.257068,0.039284,-1.343708,94.86751,391.5975,-41.9825
4570,581623,4.53474,1.41276,-2.968748,20.3,340.375,-51.415
4571,581719,2.491484,0.6058520000000001,-1.7272759999999998,27.3875,236.7925,-70.6825
4572,581815,0.503372,-0.039528,-0.8298440999999999,19.5475,166.005,-86.555
4573,581912,0.025376,-0.803736,-0.5516840000000001,37.5725,162.3475,-78.225
4574,582008,3.09026,-3.306688,-0.820816,1.5575,169.47,-62.86
4575,582104,1.0208959999999998,0.49849209999999994,-1.096292,-122.15,99.26001,-56.0525
4576,582200,1.22244,0.465796,-1.298812,-112.3675,81.585,-65.31
4577,582297,0.7922680000000001,-0.85888,-0.7056479999999999,-82.1975,59.29,-61.04
4578,582393,0.906948,0.11321600000000001,-1.1089799999999999,-92.295,51.765,-50.05
4579,582489,0.621224,-0.47702,-0.788852,-81.60251,38.3425,-49.98
4580,582585,1.013332,0.14762,-1.181692,-68.46,29.68,-46.6025
4581,582681,0.654652,-0.004392,-0.919636,-47.495,20.8425,-35.21
4582,582778,0.6517241,-0.29377600000000004,-0.8640040000000001,-26.39,15.89,-25.27
4583,582874,0.718092,-0.014152000000000001,-0.8493641,-23.2225,15.26,-23.835
4584,582970,0.6158561,-0.134444,-0.8322841000000001,-14.1575,13.09,-21.1225
4585,583066,0.633668,-0.08003201,-0.826428,-10.01,13.6325,-18.5675
4586,583163,0.627568,-0.125904,-0.799588,-9.17,14.0,-17.7625
4587,583259,0.6348881,-0.075396,-0.797636,-7.0875,13.2825,-16.66
4588,583355,0.647576,-0.070516,-0.7929999999999999,-4.0075,12.6875,-14.455
4589,583451,0.6414761,-0.063196,-0.800564,0.105,11.935,-11.1825
4590,583547,0.61,-0.08881599,-0.791048,3.85,11.6725,-8.4175
4591,583644,0.609268,-0.06563601,-0.800808,7.14,13.0025,-5.74
4592,583740,0.589016,-0.09052401,-0.7993439999999999,10.465,15.365,-3.325
4593,583836,0.586088,-0.08857201,-0.803248,12.1625,19.3725,-0.8225
4594,583932,0.60268,-0.145424,-0.792512,15.5575,23.52,1.995
4595,584029,0.6265921,-0.19276,-0.765428,18.7425,26.04,2.38
4596,584125,0.636596,-0.119316,-0.767624,20.6325,26.215,-0.21
4597,584221,0.586088,-0.206668,-0.7686,26.1275,26.5825,-2.065
4598,584317,0.6107319999999999,-0.08857201,-0.795928,20.16,32.62,-1.4175
4599,584414,0.628788,-0.162992,-0.74908,19.7225,38.36,0.595
4600,584510,0.6456241,-0.11102000000000001,-0.7449321,20.2475,41.72,2.03
4601,584606,0.643184,-0.121268,-0.7224841,19.32,44.2925,3.3075
4602,584702,0.663192,-0.135176,-0.71858,16.8,46.3225,4.9875
4603,584799,0.6505041,-0.185196,-0.71004,14.5775,47.39,5.425
4604,584895,0.6588,-0.21594000000000002,-0.69906,11.83,48.09,3.08
4605,584991,0.66246,-0.21057199999999998,-0.70028,10.0625,48.3175,-1.1725
4606,585087,0.684908,-0.196664,-0.681492,9.66,48.09,-5.53
4607,585184,0.67832,-0.185196,-0.6802720999999999,11.2,47.285,-9.1
4608,585280,0.68198,-0.14078800000000002,-0.687592,12.7225,47.3375,-11.3925
4609,585376,0.698328,-0.107116,-0.6844201,13.965,47.985,-12.18
4610,585472,0.676612,-0.152988,-0.674172,15.3825,49.175,-10.955
4611,585569,0.658556,-0.19959200000000002,-0.684908,15.855,51.0475,-10.6225
4612,585665,0.65514,-0.19885999999999998,-0.71248,14.2275,54.6,-11.865
4613,585761,0.66368,-0.199348,-0.7141881,12.7575,58.8175,-12.6
4614,585857,0.6722199999999999,-0.214232,-0.7266321,12.32,65.24,-12.8975
4615,585953,0.630008,-0.277672,-0.734684,11.725,74.4275,-14.63
4616,586050,0.6653880999999999,-0.183732,-0.728096,9.2925,88.6725,-19.6175
4617,586146,0.685396,-0.119804,-0.729072,8.68,103.18,-23.1875
4618,586242,0.692716,-0.100772,-0.7007680000000001,9.905,115.57,-22.8725
4619,586338,0.71736,-0.107116,-0.693692,8.8375,129.395,-19.81
4620,586435,0.6790520999999999,-0.175924,-0.686372,6.3525,144.3925,-17.8675
4621,586531,0.5797441,-0.18788,-0.708332,0.5775,160.895,-18.5675
4622,586627,0.595116,-0.274744,-0.6878361,1.6975,181.51,-21.0
4623,586723,0.6939361,-0.361852,-0.7539600000000001,3.5,213.8675,-23.765
4624,586819,0.427976,-0.342332,-0.72712,-3.5875,238.665,-35.9275
4625,586916,0.705404,-0.418704,-0.8906,-21.8925,272.23,-57.82
4626,587012,1.090924,-0.42944,-0.8486319999999999,-35.63,320.5125,-79.1525
4627,587108,0.9103641,-0.345992,-0.768844,-40.0925,397.915,-91.105
4628,587204,1.20414,-0.11541199999999999,-1.162416,-39.69,481.0925,-96.18
4629,587301,1.800964,0.0051240009999999996,-1.047248,7.21,521.1675,-85.5225
4630,587397,2.012512,-0.446276,-1.329312,82.0575,552.615,-78.3825
4631,587493,2.321416,-0.8359440999999999,-1.9419959999999998,100.485,556.3425,-96.9675
4632,587589,2.626172,-0.7417600000000001,-1.054812,99.435,513.205,-134.015
4633,587686,3.61608,-0.613904,-2.065216,136.8675,524.23,-127.9075
4634,587782,2.6132400000000002,-0.661484,-2.185508,195.51,535.71,-83.7725
4635,587878,2.400228,-1.13216,-2.582008,173.53,446.1625,-82.25
4636,587974,3.192496,-2.243092,-2.77062,114.8175,254.6425,-92.995
4637,588071,3.567768,-1.9539520000000001,-4.221444,6.79,50.26,-59.3075
4638,588167,0.7978801,-1.164612,-1.946632,-47.53,-161.455,-22.6275
4639,588263,0.04148,-0.693204,-1.36152,-66.2025,-217.6825,-4.34
4640,588359,-0.16201600000000002,-0.335256,-0.949892,-51.9575,-210.8575,0.28
4641,588456,0.014396,-0.30548800000000004,-0.8757159999999999,-22.1725,-195.65,5.4425
4642,588552,0.38674000000000003,-0.43358800000000003,-1.015772,3.6575,-192.115,16.0825
4643,588648,0.6265921,-0.5648601,-1.064816,14.035,-211.995,26.8975
4644,588744,0.6958880000000001,-0.634644,-1.028704,6.51,-244.2825,35.07
4645,588840,0.69906,-0.562908,-0.9147559999999999,-11.69,-277.7775,39.445
4646,588937,0.6439159999999999,-0.46433199999999997,-0.773968,-26.74,-305.9,42.2625
4647,589033,0.636352,-0.354288,-0.6517241,-33.18,-324.485,45.3075
4648,589129,0.6390359999999999,-0.282552,-0.558272,-31.9025,-335.405,49.315
4649,589225,0.693204,-0.230336,-0.49873599999999996,-23.3975,-341.775,55.2825
4650,589322,0.753228,-0.24058400000000002,-0.48873199999999994,-11.06,-344.96,62.545
4651,589418,0.8422879999999999,-0.282308,-0.50264,0.595,-345.8175,71.1725
4652,589514,0.9586761,-0.325496,-0.554124,7.455,-346.08,79.94
4653,589610,1.0406600000000001,-0.3416,-0.5690081,9.87,-347.4275,87.53501
4654,589707,1.131428,-0.31964000000000004,-0.60024,9.905,-348.2325,92.05001
4655,589803,1.213168,-0.262788,-0.604876,10.9025,-348.6175,92.505
4656,589899,1.291492,-0.24424400000000002,-0.601704,16.905,-349.265,90.1775
4657,589995,1.3005200000000001,-0.261324,-0.5565640000000001,25.48,-347.34,87.01
4658,590091,1.2968600000000001,-0.358192,-0.5458281,32.13,-340.095,84.4725
4659,590188,1.27734,-0.400892,-0.554856,30.7475,-328.2475,82.1625
4660,590284,1.2749,-0.409432,-0.671976,23.17,-312.76,81.235
4661,590380,1.4478959999999998,-0.393328,-0.8876719999999999,20.2825,-296.0475,83.02
4662,590476,1.752652,-0.397476,-1.1204479999999999,26.74,-286.02,88.7775
4663,590573,2.0364240000000002,-0.407724,-1.27368,39.7775,-287.1225,99.015
4664,590669,2.28872,-0.459208,-1.3388280000000001,54.215,-297.4125,112.35
4665,590765,2.4212119999999997,-0.5267960999999999,-1.269776,64.0675,-312.55,126.245
4666,590861,2.424384,-0.471164,-1.10776,64.0675,-326.3925,137.55
4667,590957,2.362164,-0.07612801,-0.985516,58.835,-330.7325,149.1
4668,591054,2.4504919999999997,0.222284,-0.856684,67.445,-323.82,165.13
4669,591150,2.535404,0.33061999999999997,-0.6563601,83.1775,-313.145,176.33
4670,591246,2.590548,0.42773199999999995,-0.367952,84.7525,-297.9725,171.9725
4671,591342,2.590548,0.5799880000000001,0.095648,68.4075,-278.7225,150.08
4672,591439,2.533696,0.889624,0.832528,44.975,-252.3325,110.495
4673,591535,2.692784,1.286368,1.558184,39.62,-215.1275,51.6775
4674,591631,3.1781,1.85684,1.943216,68.32,-168.9975,-15.5575
4675,591727,3.29644,1.7172720000000001,2.0742439999999998,134.8375,-129.78,-62.23
4676,591824,3.034384,0.70516,1.874408,176.225,-94.1325,-87.57
4677,591920,1.8768479999999998,-0.662948,1.962736,122.9025,-52.0975,-126.6125
4678,592016,0.779092,-2.05326,3.318888,-66.43,68.075,-231.875
4679,592112,0.6756361,2.395104,0.516792,-310.7825,203.8575,-362.67
4680,592208,-0.342088,0.579256,-2.8286919999999998,-218.54,278.46,-336.8575
4681,592305,2.0813200000000003,-1.638216,0.30548800000000004,-24.9375,350.2975,-138.6525
4682,592401,4.9878480000000005,0.548268,-1.908812,-122.29,392.805,-101.9025
4683,592497,2.712548,1.42008,-1.940288,-117.04,313.4425,-44.59
4684,592593,0.6131721,1.513288,-1.22366,-99.0675,247.345,-55.685
4685,592690,1.036512,-1.5664799999999999,-1.275388,-50.225,238.8575,-68.005
4686,592786,3.490908,-1.691164,-0.9745360000000001,-132.1775,198.3625,-82.0925
4687,592882,1.601372,2.01422,-1.8343919999999998,-211.2075,89.9675,-101.22
4688,592978,0.901336,-0.621712,-0.7754321,-84.525,27.055,-67.7775
4689,593075,0.762744,0.011956,-1.011868,-33.6875,37.485,-28.9625
4690,593171,0.9779521000000001,-0.128344,-0.8166680000000001,-17.255,36.9775,-19.67
4691,593267,0.711992,-0.022448,-0.8483879999999999,-6.545,27.6675,-14.7
4692,593363,0.777384,-0.176656,-0.7771399999999999,-3.675,25.9875,-10.9375
4693,593459,0.669292,-0.06270801,-0.815936,-0.4375,20.79,-9.905
4694,593556,0.707356,-0.003172,-0.790804,0.5775,18.27,-8.2075
4695,593652,0.662704,-0.03294,-0.7991,5.915,15.9775,-2.5025
4696,593748,0.644892,-0.07417601,-0.796904,11.55,15.26,2.1875
4697,593844,0.630008,-0.07393200000000001,-0.789828,14.28,15.995,4.3225
4698,593940,0.599508,-0.10248,-0.79422,15.3825,17.8325,5.9325
4699,594037,0.620004,-0.154696,-0.7754321,17.36,20.2125,7.0175
4700,594133,0.6319600000000001,-0.128832,-0.7664041,18.0775,22.015,7.0525
4701,594229,0.634156,-0.12322000000000001,-0.7754321,19.1625,23.9225,8.6275
4702,594325,0.59536,-0.3233,-0.9557479999999999,22.0325,25.27,9.975
4703,594422,0.561932,-0.342332,-0.945744,33.635,27.23,14.07
4704,594518,0.701256,-0.25986,-0.7517640999999999,16.2925,28.5425,8.2075
4705,594614,0.584868,-0.176656,-0.805688,19.3725,29.1725,4.9
4706,594710,0.618052,-0.25424800000000003,-0.7105279999999999,25.6025,32.8125,-0.9975
4707,594806,0.5612,-0.4453,-0.7139439999999999,28.875,34.58,-6.0725
4708,594903,0.6283,-0.21838000000000002,-0.755912,18.69,40.6,-16.5025
4709,594999,0.5663239999999999,-0.30256,-0.7451760000000001,22.9775,42.4375,-25.3575
4710,595095,0.613416,-0.22057600000000002,-0.7700640999999999,30.94,46.1475,-36.015
4711,595191,0.59048,-0.285236,-0.727608,46.1475,44.9925,-48.0375
4712,595288,0.581208,-0.271328,-0.7503,59.255,45.675,-63.4375
4713,595384,0.5795,-0.337696,-0.7332201,79.31,45.955,-81.55001
4714,595480,0.6158561,-0.30841599999999997,-0.729804,102.69,46.06,-102.8125
4715,595576,0.6290319999999999,-0.35160399999999997,-0.674416,128.905,44.2575,-125.4225
4716,595673,0.655628,-0.364292,-0.6512359999999999,152.53,43.82,-148.05
4717,595769,0.7041841,-0.368684,-0.6009720000000001,174.3525,41.895,-169.505
4718,595865,0.751276,-0.326472,-0.55388,190.47,39.0775,-188.1775
4719,595961,0.8010520000000001,-0.274988,-0.529968,203.175,34.195,-201.635
4720,596058,0.836676,-0.225456,-0.49434399999999995,211.19,27.5625,-208.845
4721,596154,0.845216,-0.19154000000000002,-0.48068,213.3075,22.4525,-211.5225
4722,596250,0.8518040000000001,-0.17616800000000002,-0.48116800000000004,211.12,19.355,-208.7575
4723,596346,0.8759601,-0.122732,-0.490196,201.04,18.62,-201.18
4724,596442,0.864492,-0.039772,-0.510692,185.36,16.975,-187.845
4725,596539,0.855708,0.028548,-0.5463161,165.1475,15.4525,-171.4125
4726,596635,0.8591241,0.10736,-0.564128,142.975,12.8275,-153.055
4727,596731,0.8652241,0.13785999999999998,-0.576816,121.415,10.255,-132.4225
4728,596827,0.834724,0.10858,-0.6070720000000001,101.22,9.4325,-109.865
4729,596924,0.8178880999999999,0.08174001,-0.643672,81.04251,11.34,-88.8475
4730,597020,0.784216,0.050996,-0.672708,61.95,15.5225,-70.21
4731,597116,0.767868,-0.004392,-0.659044,45.36,21.455,-53.865
4732,597212,0.77836,0.021228,-0.649284,31.71,29.225,-41.0025
4733,597309,0.785924,0.017812,-0.6470880999999999,25.515,39.445,-31.2025
4734,597405,0.715164,-0.037576,-0.676124,24.6925,53.2875,-25.445
4735,597501,0.6822239999999999,-0.09418401,-0.720532,27.3175,69.80751,-27.195
4736,597597,0.617564,-0.17202,-0.786656,34.3175,92.71500999999999,-34.6325
4737,597693,0.58072,-0.43041599999999997,-0.771528,42.77,125.79,-47.285
4738,597790,0.671976,-0.27938,-0.7510321,37.5375,170.38,-66.885
4739,597886,0.5587601,-0.165432,-0.687592,42.5775,202.93,-89.67
4740,597982,0.7954399999999999,-0.197152,-0.7954399999999999,64.19,245.35,-108.8675
4741,598079,1.3583479999999999,-0.251808,-0.7707961,92.41751,290.255,-120.155
4742,598175,1.112152,-0.225456,-0.9974719999999999,149.345,352.24,-119.525
4743,598271,1.502552,-0.422364,-0.8176439999999999,207.445,379.2425,-122.7625
4744,598367,1.6653,-0.42333999999999994,-0.9913719999999999,236.215,388.465,-134.785
4745,598463,1.952,-0.534848,-1.111664,256.55,371.735,-145.5825
4746,598560,2.4634240000000003,-0.391864,-0.760304,261.6425,339.64,-161.6125
4747,598656,2.3916880000000003,-0.320616,-0.9884440000000001,301.9275,322.42,-151.305
4748,598752,2.037156,0.11712,-1.273436,343.35,277.55,-120.4175
4749,598847,1.418372,-0.12322000000000001,-1.968592,365.4,172.9525,-107.4675
4750,598943,0.729316,-1.09556,-2.156472,363.5275,32.62,-101.0975
4751,599039,0.21618400000000002,-1.78852,-1.495232,287.21,-55.7725,-86.51999
4752,599135,-0.01342,-1.348832,-1.263188,207.725,-79.87,-39.6025
4753,599232,-0.028792,-0.7771399999999999,-1.250744,153.3175,-91.245,31.2375
4754,599328,0.305244,-0.249856,-1.480592,139.37,-97.895,105.385
4755,599424,0.398452,0.127368,-1.517924,139.16,-126.7175,153.7025
4756,599520,0.398208,0.57584,-1.453508,135.17,-161.91,167.7025
4757,599617,0.376736,1.01016,-1.329312,136.4125,-193.165,156.8875
4758,599713,0.395036,1.42618,-1.2221959999999998,154.42,-216.895,134.0675
4759,599809,0.442616,1.518168,-1.132892,192.955,-235.1825,108.2725
4760,599905,0.516304,1.395924,-1.048224,230.545,-250.1275,80.465
4761,600001,0.680028,1.21878,-1.065304,248.99,-260.96,51.5375
4762,600098,0.8015399999999999,1.117276,-1.053836,250.6175,-269.99,29.225
4763,600194,0.8637601,1.068964,-1.016748,247.6775,-277.7075,18.025
4764,600290,0.887184,1.005768,-0.9779521000000001,244.58,-281.26,18.0425
4765,600386,0.9725841000000001,0.901336,-1.000644,238.9275,-279.965,24.71
4766,600483,1.104588,0.8222799999999999,-1.075064,227.15,-279.2125,32.8825
4767,600579,1.1746159999999999,0.7795801,-1.128744,209.265,-283.1675,39.48
4768,600675,1.164856,0.8437520000000001,-1.156072,185.29,-290.0625,39.48
4769,600771,1.0906799999999999,0.9943001,-1.134356,162.575,-296.6075,30.8525
4770,600867,1.034316,1.111664,-1.106296,150.1325,-300.3175,16.2225
4771,600964,0.9686799999999999,1.131916,-1.066768,147.84,-301.56,-3.3425
4772,601060,0.9354959999999999,1.094096,-1.054812,149.5375,-300.02,-27.8425
4773,601156,0.949892,1.021384,-1.058716,153.16,-297.1325,-54.355
4774,601252,0.993568,0.9379360000000001,-1.065792,157.955,-293.79,-78.68
4775,601349,1.0406600000000001,0.808372,-1.022848,163.9575,-291.2875,-98.805
4776,601445,1.081896,0.667096,-1.015284,167.9825,-286.4225,-114.625
4777,601541,1.192672,0.577304,-1.042612,168.2975,-278.775,-126.315
4778,601637,1.3847,0.54656,-1.085312,169.89,-271.425,-133.21
4779,601734,1.532076,0.479216,-1.048468,173.74,-267.82,-136.2375
4780,601830,1.6213799999999998,0.37576,-0.928176,175.4375,-266.0875,-137.8825
4781,601926,1.618452,0.263764,-0.7229720000000001,170.45,-261.9575,-137.165
4782,602022,1.577948,0.20642399999999997,-0.48068,159.425,-251.0375,-132.51
4783,602119,1.515484,0.15128,-0.250344,145.74,-232.015,-123.8125
4784,602215,1.472784,0.171776,-0.01342,131.075,-205.765,-112.77
4785,602311,1.4654639999999999,0.24717199999999998,0.178608,117.25,-174.475,-100.7475
4786,602407,1.500356,0.32452,0.310368,104.6675,-140.14,-89.0925
4787,602503,1.584048,0.4148,0.396988,90.825,-105.1575,-78.27750999999999
4788,602600,1.667252,0.44847200000000004,0.39479200000000003,71.4,-72.4675,-71.2775
4789,602696,1.7216639999999999,0.567056,0.31476,44.2575,-45.2025,-71.155
4790,602792,1.659932,0.659532,0.24888000000000002,19.25,-23.975,-75.7225
4791,602888,1.446432,0.556808,0.186416,3.01,-6.8075,-81.375
4792,602985,1.307352,-0.042212,0.820084,-34.0025,28.2625,-102.025
4793,603081,1.1899879999999998,0.76982,-0.364536,-114.5375,82.005,-163.765
4794,603177,1.046028,-0.945256,-1.683844,-93.2925,79.835,-183.7675
4795,603273,-0.16958,-1.0208959999999998,-0.65758,-105.84,45.185,-179.865
4796,603369,0.698816,-1.330044,-1.2251239999999999,-82.88,70.6125,-157.5525
4797,603466,2.250168,-0.20447200000000001,-1.816336,-52.64,96.11,-84.385
4798,603562,1.77876,1.16266,-1.55306,-58.3625,67.6725,-35.105
4799,603658,0.166408,1.2334200000000002,-0.964532,-51.625,29.1725,-33.25
4800,603754,-0.229848,0.098088,-0.514596,-6.4575,34.02,-50.1725
4801,603851,0.524112,-0.709064,-0.71004,15.8725,56.49,-61.215
4802,603947,1.061644,-0.36087600000000003,-0.9376921,7.8575,62.825,-47.6875
4803,604043,0.955992,0.204228,-1.0321200000000001,3.255,53.165,-28.8575
4804,604139,0.7285841,-0.098576,-1.1004399999999999,12.7925,39.9,-24.08
4805,604235,1.128012,-0.764696,-1.0504200000000001,2.38,27.335,-28.4725
4806,604332,0.401868,-0.23301999999999998,-0.678808,-8.715,11.69,-11.5675
4807,604428,0.5702281,-0.107848,-0.87718,-10.8675,15.9775,-5.775
4808,604524,0.6070720000000001,-0.3538,-0.815936,-10.255,15.26,-9.975
4809,604620,0.352092,-0.276696,-0.7195560000000001,-12.6175,16.03,-6.2475
4810,604717,0.386252,-0.32086,-0.752496,-18.515,23.8175,-6.685
4811,604813,0.473116,-0.321836,-0.748836,-26.775,30.975,-9.2925
4812,604909,0.578036,-0.231068,-0.84546,-36.5575,35.6125,-10.675
4813,605005,0.8405800999999999,-0.101992,-0.954528,-38.955,34.545,-11.9525
4814,605102,0.7034521,-0.100284,-0.8754719999999999,-31.255,25.445,-10.0275
4815,605198,0.58804,-0.221552,-0.815936,-23.1875,19.67,-7.0
4816,605294,0.606584,-0.17055599999999999,-0.8513161,-19.1625,18.3575,-4.865
4817,605390,0.605364,-0.112728,-0.8481440999999998,-14.56,16.7125,-3.9375
4818,605486,0.573156,-0.142496,-0.8281360999999999,-8.1725,14.455,-2.8175
4819,605583,0.6178081,-0.134932,-0.84546,-3.2725,13.86,-1.9775
4820,605679,0.638304,-0.125172,-0.8222799999999999,1.295,12.7225,-0.8400001
4821,605775,0.568276,-0.16811600000000002,-0.79178,5.635,11.305,1.26
4822,605871,0.51484,-0.202032,-0.788608,8.225,11.0775,2.17
4823,605968,0.511668,-0.245464,-0.764452,8.4525,12.495,0.49
4824,606064,0.5382640000000001,-0.208864,-0.7832399999999999,6.65,13.965,-3.08
4825,606160,0.6280560000000001,-0.126636,-0.820816,5.7925,15.1025,-6.405
4826,606256,0.562908,-0.162992,-0.792024,8.015,15.26,-7.7175
4827,606353,0.5636399999999999,-0.163724,-0.784704,8.82,16.7475,-8.26
4828,606449,0.582428,-0.14688800000000002,-0.7986121,7.8575,18.4975,-9.59
4829,606545,0.61854,-0.188368,-0.7956840999999999,8.68,19.4775,-10.325
4830,606641,0.6029241,-0.16811600000000002,-0.776896,9.1175,19.565,-12.075
4831,606737,0.6178081,-0.159088,-0.7705521,9.1525,19.88,-13.16
4832,606834,0.618052,-0.17055599999999999,-0.762988,9.5725,19.635,-14.4025
4833,606930,0.636596,-0.219112,-0.7537159999999999,9.7125,19.5825,-16.0825
4834,607026,0.5941401,-0.1586,-0.7829961,11.5325,20.37,-16.9575
4835,607122,0.615368,-0.18056,-0.77104,15.5925,21.91,-17.71
4836,607219,0.63318,-0.14152,-0.769576,17.1675,22.3825,-19.145
4837,607315,0.61732,-0.142496,-0.759084,19.0225,22.8725,-19.6525
4838,607411,0.592432,-0.158356,-0.781776,20.7025,24.5875,-19.705
4839,607507,0.5743761,-0.250832,-0.7766521,23.135,28.28,-20.615
4840,607604,0.543388,-0.171044,-0.807884,17.7975,35.91,-23.135
4841,607700,0.611464,-0.16226,-0.775676,16.8525,46.3575,-24.08
4842,607796,0.616588,-0.094916,-0.773724,23.975,55.79,-24.1325
4843,607892,0.613904,-0.12980799999999998,-0.773968,30.24,66.0975,-22.2425
4844,607988,0.599996,-0.153232,-0.7795801,33.425,77.315,-18.5325
4845,608085,0.589504,-0.160064,-0.776408,33.5125,90.055,-14.35
4846,608181,0.642696,-0.14786400000000002,-0.773968,33.1625,104.2475,-11.0075
4847,608277,0.6158561,-0.129076,-0.785924,35.07,119.1575,-7.455
4848,608373,0.633668,-0.131028,-0.769332,38.535,134.575,-5.7575
4849,608469,0.623664,-0.146156,-0.786412,40.8275,149.205,-5.2325
4850,608566,0.5826720000000001,-0.16689600000000002,-0.7766521,38.71,163.3625,-5.6
4851,608662,0.5968241,-0.267912,-0.7361481,35.8225,179.8475,-9.6075
4852,608758,0.642696,-0.28987199999999996,-0.663192,30.625,196.5775,-15.12
4853,608854,0.67466,-0.285724,-0.6258600000000001,42.4375,222.88,-9.9925
4854,608951,0.752008,-0.17519200000000001,-0.7556681,47.495,254.345,-13.9825
4855,609047,1.15168,-0.34111199999999997,-0.6588,54.985,282.7125,-29.4175
4856,609143,0.33794,0.013175999999999998,-0.863516,77.7,341.53,-31.745
4857,609239,0.883036,-0.17934,-0.8464360000000001,82.0925,373.03,-14.9275
4858,609336,1.7985240000000002,-0.249856,-1.091656,92.05001,417.97,8.8375
4859,609432,1.023336,-0.29987600000000003,-0.8713241,162.68,477.19,56.14
4860,609528,1.950292,-0.308904,-1.518656,151.2,506.87,62.16
4861,609624,1.826828,0.020496,-1.9175959999999999,140.2625,507.115,42.0
4862,609720,1.777296,-0.065148,-1.276852,148.2425,472.675,24.64
4863,609817,2.8957919999999997,-0.650992,-1.477176,209.5625,475.3875,39.2175
4864,609913,3.055368,-0.40894400000000003,-2.4978279999999997,317.0475,521.36,71.9075
4865,610009,2.942396,-0.7376119999999999,-2.178676,358.7325,472.92,96.11
4866,610105,1.050176,-1.3444399999999999,-3.1461360000000003,323.3475,306.425,55.44
4867,610202,4.56768,-2.015684,-4.696512,219.0825,90.35251,-18.4625
4868,610298,1.380552,-1.01626,-3.042924,60.9525,-112.4725,-68.2675
4869,610394,0.101992,-0.359168,-1.8885599999999998,11.4625,-253.4875,-94.79751
4870,610490,-0.069784,-0.027572000000000003,-1.396168,41.9475,-266.595,-98.665
4871,610587,-0.020496,-0.02074,-1.0438319999999999,96.81,-266.2975,-92.90751
4872,610683,0.248148,-0.389424,-1.04554,144.7775,-261.5025,-75.18
4873,610779,0.535092,-0.771772,-1.057008,157.9025,-273.77,-57.295
4874,610875,0.636352,-0.9635560999999999,-0.993568,130.7075,-300.405,-45.255
4875,610971,0.6749041,-0.9496479999999999,-0.913536,82.7925,-326.83,-34.93
4876,611068,0.684664,-0.781776,-0.786412,36.9425,-346.675,-22.1375
4877,611164,0.686128,-0.574132,-0.6919841,6.1775,-358.715,-3.465
4878,611260,0.6824680000000001,-0.36844,-0.5917,-7.0,-364.6125,19.285
4879,611356,0.6885680999999999,-0.229116,-0.538752,-4.3925,-363.86,44.7125
4880,611453,0.680028,-0.207644,-0.499468,6.23,-358.4175,69.4225
4881,611549,0.7141881,-0.22277199999999997,-0.5084960000000001,14.5425,-349.6325,88.70749
4882,611645,0.826672,-0.21276799999999998,-0.579012,15.715,-338.1875,100.975
4883,611741,0.9979600000000001,-0.164944,-0.684664,13.58,-329.1225,106.225
4884,611837,1.14802,-0.116876,-0.765428,13.5975,-325.815,106.1375
4885,611934,1.232932,-0.09345201,-0.8115439999999999,17.85,-327.6175,102.7075
4886,612030,1.300032,-0.10833599999999999,-0.845216,23.6425,-330.0675,97.4225
4887,612126,1.324432,-0.114924,-0.8581479999999999,27.23,-330.3825,92.19001
4888,612222,1.316868,-0.093696,-0.873276,29.6275,-326.655,88.55
4889,612319,1.340048,-0.127856,-0.9152440000000001,32.1825,-318.675,85.3125
4890,612415,1.42252,-0.205692,-0.995764,35.14,-308.5075,80.0275
4891,612511,1.7153200000000002,-0.32086,-1.208776,38.01,-298.6725,73.395
4892,612607,2.0935200000000003,-0.424072,-1.4034879999999998,41.4225,-298.1475,69.6325
4893,612703,2.4051080000000002,-0.581208,-1.5201200000000001,42.385,-312.4975,70.245
4894,612800,2.5039279999999997,-0.56608,-1.38104,35.7175,-335.72,75.35501
4895,612896,2.477332,-0.483364,-1.164368,27.6675,-354.7775,85.71500999999999
4896,612992,2.4199919999999997,-0.4392,-0.8488761,25.1475,-363.0725,98.1925
4897,613088,2.352648,-0.3904,-0.411628,19.285,-357.105,108.36
4898,613185,2.219912,-0.21081599999999998,0.09272000000000001,13.2125,-332.1325,114.485
4899,613281,2.4034,-0.17202,0.543876,14.1575,-285.5125,114.1875
4900,613377,2.74134,-0.149816,0.885964,11.235,-237.02,104.3525
4901,613473,2.851384,0.16835999999999998,1.263676,7.1575,-196.8925,89.7575
4902,613569,2.893596,0.532896,1.713124,21.6125,-157.395,81.165
4903,613666,2.840648,0.601704,1.963956,51.485,-113.085,79.2225
4904,613762,2.713524,0.315736,1.91662,69.195,-62.0025,74.69
4905,613858,2.646912,0.10223600000000001,1.5225600000000001,47.4075,-10.2375,56.0175
4906,613954,2.606164,0.309636,1.000644,1.4,28.9625,25.1475
4907,614051,1.7165400000000002,-0.170068,1.35786,-21.14,52.92,-4.9525
4908,614147,0.12078,-0.7956840999999999,2.5175919999999996,-99.085,145.3375,-72.9925
4909,614243,1.033096,0.70028,-1.4234959999999999,-227.5,246.4525,-200.13
4910,614339,0.765672,1.26026,-2.444636,-203.07,269.22,-214.3225
4911,614436,2.290916,0.382836,-1.537932,-56.735,272.3525,-114.485
4912,614532,3.8595919999999997,1.555744,-2.895548,-26.705,278.285,-109.41
4913,614628,2.4500040000000003,0.477508,-1.5445200000000001,2.0825,190.12,-102.6025
4914,614724,0.285724,-0.199104,-0.684176,-4.83,120.3825,-92.645
4915,614820,0.033184,-0.64294,-0.39479200000000003,3.4475,127.4525,-89.5125
4916,614917,1.54208,-1.339804,-1.4496040000000001,7.8925,156.415,-70.5775
4917,615013,2.2591959999999998,-1.069208,-0.9372040999999999,-63.14,126.6475,-58.17
4918,615109,0.446276,0.597068,-1.04188,-102.9175,71.82,-42.175
4919,615205,0.8520479999999999,-0.37502800000000003,-0.9089001,-73.9375,72.4675,-38.255
4920,615302,0.800564,-0.31232,-0.916464,-73.36,66.5175,-35.1225
4921,615398,0.788852,0.124196,-1.131916,-75.39,58.73,-28.245
4922,615494,0.7956840999999999,-0.200812,-0.9511120000000001,-59.8675,44.1525,-31.0275
4923,615590,0.566812,-0.243756,-0.8735200000000001,-44.9575,36.75,-26.2675
4924,615687,0.8042239999999999,-0.017812,-0.9903959999999999,-35.175,37.5725,-21.245
4925,615783,0.771528,-0.127368,-0.885964,-19.0225,29.68,-16.94
4926,615879,0.6602640000000001,-0.111508,-0.8693719999999999,-6.475,24.4825,-12.1275
4927,615975,0.618784,-0.156892,-0.8193521,1.82,23.275,-8.26
4928,616071,0.604632,-0.149572,-0.8357,6.195,22.785,-6.3875
4929,616168,0.61854,-0.13151600000000002,-0.819108,8.33,23.765,-5.6875
4930,616264,0.6326921,-0.131272,-0.782752,11.305,23.5025,-4.865
4931,616360,0.5975560000000001,-0.140544,-0.784216,11.4625,23.5025,-4.48
4932,616456,0.5946279999999999,-0.18544000000000002,-0.793244,11.9875,25.1475,-3.2025
4933,616553,0.62098,-0.208132,-0.779092,12.985,27.055,-3.115
4934,616649,0.612196,-0.164212,-0.79666,12.3375,30.1525,-2.66
4935,616745,0.620492,-0.25132,-0.757864,14.105,33.25,-1.5925
4936,616841,0.632448,-0.142008,-0.779824,14.9275,35.35,-3.01
4937,616938,0.577548,-0.157868,-0.798856,21.8575,35.98,-4.6025
4938,617034,0.607804,-0.21276799999999998,-0.765428,29.0675,37.695,-5.6875
4939,617130,0.567056,-0.33818400000000004,-0.713212,25.9525,41.755,-6.965
4940,617226,0.64904,-0.091744,-0.7856801,13.055,49.7525,-7.175
4941,617322,0.625372,-0.227652,-0.7056479999999999,14.5775,52.955,-4.97
4942,617419,0.661484,-0.177876,-0.7129681,12.1625,55.8775,-4.2875
4943,617515,0.667828,-0.236192,-0.6893,10.8675,56.875,-5.5125
4944,617611,0.6749041,-0.23521599999999998,-0.6771,8.295,57.715,-7.77
4945,617707,0.689056,-0.20105599999999998,-0.6675840000000001,6.335,57.225,-10.465
4946,617804,0.7032079999999999,-0.206668,-0.6441600000000001,6.615,55.475,-12.9325
4947,617900,0.695156,-0.17202,-0.647576,6.2825,54.32,-15.5225
4948,617996,0.701256,-0.163236,-0.6514800000000001,6.65,54.25,-16.8175
4949,618092,0.702964,-0.14518,-0.66246,6.0375,55.3175,-16.8525
4950,618189,0.691496,-0.184952,-0.6663640000000001,6.405,56.455,-17.22
4951,618285,0.6893,-0.183488,-0.681248,6.7375,60.0075,-17.92
4952,618381,0.6958880000000001,-0.22935999999999998,-0.70028,8.015,64.015,-19.25
4953,618477,0.667828,-0.230336,-0.702964,8.925,69.93,-20.58
4954,618573,0.727364,-0.198128,-0.69296,9.8175,77.40250999999999,-22.5925
4955,618670,0.690032,-0.208132,-0.666852,9.8875,85.05,-23.03
4956,618766,0.72956,-0.123708,-0.667828,9.8525,92.9425,-23.065
4957,618862,0.7666480999999999,-0.042212,-0.665632,9.0825,100.345,-19.4775
4958,618958,0.709796,-0.153476,-0.66246,9.17,107.3975,-13.685
4959,619055,0.6912520000000001,-0.199104,-0.6612401,7.56,118.44,-12.39
4960,619151,0.679784,-0.178608,-0.68808,3.7625,132.265,-16.5375
4961,619247,0.640744,-0.217648,-0.649528,1.925,145.7925,-18.865
4962,619343,0.6470880999999999,-0.27279200000000003,-0.594384,4.6725,169.785,-18.4625
4963,619439,0.643672,-0.190076,-0.7198,1.8025,197.1725,-21.665
4964,619536,0.782752,-0.373564,-0.65758,-9.7825,211.75,-34.685
4965,619632,0.573156,-0.2806,-0.7451760000000001,-17.0625,252.8925,-52.22
4966,619728,1.212924,-0.33818400000000004,-0.839116,-24.955,300.1775,-65.1
4967,619824,0.709796,-0.17543599999999998,-0.7812880999999999,-18.3925,375.515,-57.5575
4968,619921,0.8676640999999999,-0.187148,-1.0169920000000001,-21.1225,453.495,-46.4275
4969,620017,1.166564,-0.09711201,-1.078724,5.1625,492.2225,-34.6325
4970,620113,1.9224759999999999,-0.288164,-0.656116,78.4525,514.2025,-21.0525
4971,620209,1.7985240000000002,-0.41553199999999996,-1.316624,107.9925,563.99,-31.4825
4972,620305,2.365336,-0.474092,-1.330776,130.41,557.0775,-46.8125
4973,620402,2.411452,-0.599996,-1.263676,167.3,511.035,-71.68
4974,620498,4.596472,-0.721508,-1.9124720000000002,250.5825,494.095,-73.4825
4975,620594,4.01136,-0.7141881,-2.471476,362.1625,510.055,-15.7675
4976,620690,1.9093,-1.355176,-2.476356,343.035,414.155,-0.0525
4977,620787,3.328404,-3.3569519999999997,-2.1423200000000002,209.405,172.34,-57.19
4978,620883,3.487248,-2.4390240000000003,-3.9467,13.9125,-4.095,-52.5175
4979,620979,0.6124400999999999,-1.332484,-1.7043400000000002,-111.405,-208.8625,-43.2075
4980,621075,0.012688,-0.5011760000000001,-1.4959639999999998,-147.14,-239.9075,-44.415
4981,621171,-0.252052,0.028548,-1.152168,-116.5675,-229.495,-44.4675
4982,621268,0.033428,-0.04392,-1.1807159999999999,-40.7225,-214.9525,-25.9525
4983,621364,0.40211199999999997,-0.437492,-1.2585520000000001,25.55,-218.085,2.31
4984,621460,0.6917399999999999,-0.8527800999999999,-1.281,48.755,-247.17,24.4125
4985,621556,0.8608319999999999,-1.005524,-1.179984,25.235,-287.8575,35.63
4986,621653,0.823256,-0.84424,-0.975024,-21.3325,-329.945,39.6025
4987,621749,0.7427361,-0.5743761,-0.7417600000000001,-57.3475,-362.0575,42.175
4988,621845,0.7373681,-0.389424,-0.621712,-67.445,-380.5375,47.7225
4989,621941,0.7666480999999999,-0.334524,-0.5231359999999999,-59.01,-388.78,56.735
4990,622038,0.760304,-0.372344,-0.447984,-47.8275,-393.5225,65.6425
4991,622134,0.781776,-0.45628,-0.4026,-41.4575,-392.6825,71.7325
4992,622230,0.818376,-0.503372,-0.392596,-43.7675,-386.89,74.865
4993,622326,0.8852321,-0.49824799999999997,-0.422364,-50.19,-377.7725,77.3325
4994,622423,1.0121120000000001,-0.48263199999999995,-0.477508,-52.4825,-367.22,81.9875
4995,622519,1.226588,-0.471408,-0.60268,-47.11,-358.1025,90.28251
4996,622615,1.467904,-1.480592,-0.16226,-39.1475,-351.6625,100.6775
4997,622711,0.9237841,-0.23228800000000002,-0.42895200000000006,-119.525,-329.9625,104.825
4998,622808,2.039352,0.510204,-1.155096,-127.4,-316.8725,110.775
4999,622904,1.5311,-0.116876,-0.8810841,-19.0225,-341.005,142.45
5000,623000,1.3588360000000002,-0.7515201,-0.757864,46.1475,-345.7125,153.4575
5001,623096,1.5494,-1.022848,-0.865956,33.1625,-337.8725,138.11
5002,623192,1.779248,-0.882548,-0.998448,-8.54,-329.875,114.17
5003,623289,2.008608,-0.66978,-1.1685159999999999,-33.355,-329.245,99.155
5004,623385,2.162816,-0.540948,-1.26026,-24.395,-335.1425,97.09000999999999
5005,623481,2.3358119999999998,-0.50752,-1.334192,4.6375,-342.4575,105.21
5006,623577,2.42902,-0.467992,-1.287344,37.275,-350.525,119.84
5007,623674,2.495632,-0.546804,-1.12972,61.355,-356.0725,135.31
5008,623770,2.558096,-0.6007279999999999,-0.8235001000000001,68.79251,-357.0175,142.8525
5009,623866,2.566636,-0.41284799999999994,-0.407968,58.3975,-347.8825,139.825
5010,623962,2.5876200000000003,-0.019764,0.06344,50.8025,-327.1275,129.255
5011,624058,2.654232,0.46848,0.6283,63.245,-295.925,113.6975
5012,624155,2.662528,0.925736,1.343952,103.6875,-258.4925,91.315
5013,624251,2.944836,1.0438319999999999,1.87392,164.5875,-209.9825,60.865
5014,624347,3.3130319999999998,0.7834840000000001,2.131584,205.555,-157.08,29.9775
5015,624443,3.090016,0.25424800000000003,2.230892,189.105,-107.0475,-1.2075
5016,624540,2.684488,0.0427,1.9900639999999998,108.185,-50.295,-44.6425
5017,624636,2.77672,0.266204,1.311988,19.9325,10.7625,-90.965
5018,624732,2.7786720000000003,0.244488,0.6265921,-15.68,51.59,-113.295
5019,624828,1.9205240000000001,-1.9820119999999999,1.232688,-9.205,78.995,-108.745
5020,624925,-1.238788,-1.301984,0.553392,-183.75,182.7525,-141.4875
5021,625021,-0.236192,1.038708,-2.31556,-279.5625,261.2225,-185.675
5022,625117,0.150304,2.41194,-1.152168,-177.5725,292.355,-115.0975
5023,625213,4.252676,1.580876,-2.5632200000000003,-22.4,373.7475,-77.525
5024,625309,4.719936,1.2383,-3.042924,-20.02,309.9075,-101.6225
5025,625406,1.81414,0.302804,-1.3383399999999999,0.5425,186.2525,-111.2475
5026,625502,0.197152,-0.698816,-0.6390359999999999,-2.24,141.995,-112.5075
5027,625598,0.48995200000000005,-0.532652,-0.5072760000000001,5.04,152.495,-82.775
5028,625694,3.212504,-2.209908,-1.699948,-13.1775,158.6025,-66.325
5029,625791,1.155096,0.03538,-0.906948,-97.1075,87.8675,-56.2275
5030,625887,0.751276,0.162504,-1.103124,-91.595,68.425,-48.02
5031,625983,0.9740479999999999,-0.658068,-0.8327720999999999,-67.7775,61.1975,-39.6725
5032,626079,0.558516,-0.273768,-0.8261841000000001,-71.0325,52.7275,-29.5225
5033,626175,0.6822239999999999,-0.23058,-0.9772200999999999,-71.505,50.2425,-27.8425
5034,626272,0.692716,-0.14005599999999999,-0.9486720999999999,-67.5325,43.89,-30.2225
5035,626368,0.740296,-0.05368,-1.0279719999999999,-59.22,37.345,-28.0175
5036,626464,0.570716,-0.223016,-0.8459479999999999,-46.7775,29.575,-26.46
5037,626560,0.678808,-0.135176,-0.9079241,-39.935,28.5075,-24.6925
5038,626657,0.6497721,-0.113704,-0.8464360000000001,-30.975,24.6225,-22.7675
5039,626753,0.597312,-0.17397200000000002,-0.8298440999999999,-25.3225,19.215,-21.35
5040,626849,0.678076,-0.095648,-0.8256960999999999,-23.4325,17.5175,-20.7725
5041,626945,0.5917,-0.19983599999999999,-0.7991,-16.94,14.175,-19.0225
5042,627041,0.6034121,-0.16104000000000002,-0.813984,-14.9975,14.5425,-18.34
5043,627138,0.608536,-0.06466001,-0.8222799999999999,-12.6175,15.015,-17.3775
5044,627234,0.5897479999999999,-0.104432,-0.8047121,-7.35,14.7,-14.77
5045,627330,0.59658,-0.139324,-0.801296,-3.255,15.1375,-13.125
5046,627426,0.5875520000000001,-0.19397999999999999,-0.780068,-1.4,15.4175,-13.5625
5047,627523,0.590968,-0.20447200000000001,-0.768844,-0.385,15.9075,-14.1575
5048,627619,0.5997520000000001,-0.26718000000000003,-0.741272,0.42,15.26,-15.925
5049,627715,0.612928,-0.188368,-0.7622561,-1.645,16.73,-17.955
5050,627811,0.637084,-0.13639600000000002,-0.758596,0.07,17.955,-18.48
5051,627907,0.6463561,-0.090036,-0.7610359999999999,3.4825,17.6225,-17.6925
5052,628004,0.634644,-0.07710399999999999,-0.774212,9.0475,17.43,-17.57
5053,628100,0.605608,-0.11248399999999999,-0.787388,15.47,18.13,-18.5325
5054,628196,0.5914560000000001,-0.07222401,-0.811056,14.28,23.065,-18.1125
5055,628292,0.62952,-0.028792,-0.7771399999999999,13.5975,30.1525,-15.0675
5056,628389,0.621468,-0.0488,-0.766892,16.38,34.5275,-11.2875
5057,628485,0.62098,-0.0671,-0.7664041,18.4275,38.0975,-8.015
5058,628581,0.6441600000000001,-0.047580000000000004,-0.742492,17.9725,42.07,-4.7075
5059,628677,0.6307401,-0.13859200000000002,-0.746152,18.7425,44.765,-1.8375
5060,628774,0.611952,-0.18104800000000001,-0.7510321,18.41,48.475,-1.4175
5061,628870,0.581208,-0.246196,-0.779824,19.145,52.7625,-3.9725
5062,628966,0.573156,-0.21838000000000002,-0.7705521,19.145,58.7125,-8.505
5063,629062,0.601216,-0.186416,-0.767868,19.74,68.1625,-12.8275
5064,629158,0.6156119999999999,-0.189344,-0.7612800999999999,21.4725,78.1375,-16.8875
5065,629255,0.597312,-0.209596,-0.739564,23.0475,90.4575,-20.0025
5066,629351,0.6588,-0.15420799999999998,-0.74908,22.75,104.4225,-22.1025
5067,629447,0.640012,-0.153232,-0.749568,21.63,117.145,-21.0
5068,629543,0.643672,-0.102968,-0.74908,19.495,131.18,-17.955
5069,629640,0.642696,-0.08564401,-0.763232,18.2175,145.355,-13.93
5070,629736,0.6497721,-0.082716,-0.752496,16.24,160.3875,-11.7075
5071,629832,0.61,-0.150792,-0.7476161,13.965,179.4275,-12.0925
5072,629928,0.48995200000000005,-0.248148,-0.7376119999999999,9.3625,198.73,-15.9075
5073,630025,0.484584,-0.387716,-0.642696,5.775,224.7875,-25.3575
5074,630121,0.532408,-0.30841599999999997,-0.8400921,5.0925,263.9525,-30.205
5075,630217,0.8113001,-0.4023561,-0.9030440000000001,-16.2925,287.84,-50.645
5076,630313,0.741272,-0.58804,-0.747128,-31.745,335.8075,-76.86
5077,630410,1.090924,-0.269376,-0.822524,-44.765,415.1875,-88.8475
5078,630506,0.9103641,-0.259128,-1.293444,-39.9525,505.295,-82.0925
5079,630602,1.611132,-0.168604,-1.3847,-11.2,551.6525,-74.725
5080,630698,1.961516,-0.302072,-1.0255319999999999,62.3175,567.3325,-70.0875
5081,630794,2.242604,-0.756644,-1.731424,86.485,573.3875,-84.6475
5082,630891,2.104012,-0.619272,-1.398364,105.4725,571.1825,-114.0825
5083,630987,4.384436,-0.8786440999999999,-1.7760759999999998,142.0475,554.015,-139.0025
5084,631083,4.7519,-0.8169121,-2.6166560000000003,243.39,551.985,-73.955
5085,631179,2.2587080000000004,-1.3322399999999999,-3.041216,268.905,467.4775,-24.9375
5086,631276,3.499692,-3.529704,-3.050976,141.785,217.8575,-58.975
5087,631372,2.958744,-2.3079959999999997,-4.3768720000000005,-30.485,12.04,-41.0725
5088,631468,0.009272001,-1.1009280000000001,-1.8883159999999999,-123.8475,-179.2525,-23.38
5089,631564,-0.276208,-0.27084,-1.62504,-122.6575,-198.1,-15.1725
5090,631660,-0.08174001,0.04392,-1.368352,-62.72,-182.9625,-7.9625
5091,631757,0.24668400000000001,-0.288164,-1.408368,16.5025,-184.5025,11.06
5092,631853,0.5978,-0.659776,-1.474004,60.235,-208.81,28.28
5093,631949,0.755912,-0.9140241,-1.374696,57.575,-252.455,37.8175
5094,632045,0.813496,-0.894748,-1.2012120000000002,23.5025,-297.9025,40.4075
5095,632142,0.8476561,-0.676612,-0.987956,-13.37,-336.6475,41.2475
5096,632238,0.7747001,-0.49044,-0.786656,-34.055,-368.4275,44.59
5097,632334,0.721264,-0.331352,-0.620492,-36.6625,-386.89,50.0675
5098,632430,0.698328,-0.242292,-0.509228,-27.9475,-394.87,56.0
5099,632526,0.7415161,-0.22789600000000002,-0.474092,-11.9525,-396.0775,62.265
5100,632623,0.818376,-0.290116,-0.468724,2.835,-393.8725,68.0575
5101,632719,0.9086559999999999,-0.335744,-0.5070319999999999,11.3575,-391.0025,73.2025
5102,632815,1.016748,-0.329888,-0.5636399999999999,15.3475,-387.9575,78.365
5103,632911,1.116788,-0.29402,-0.6036560999999999,20.3525,-385.875,83.615
5104,633008,1.21634,-0.286456,-0.6158561,28.84,-384.335,88.04251
5105,633104,1.293444,-0.311344,-0.6068279999999999,40.9325,-382.585,90.825
5106,633200,1.321504,-0.349408,-0.5917,51.66,-377.02,93.8175
5107,633296,1.3510280000000001,-0.41968,-0.6373281,60.7075,-365.2425,99.715
5108,633393,1.403,-0.491904,-0.705892,66.6225,-349.44,107.3275
5109,633489,1.42618,-0.6558721,-0.788852,67.06,-331.8875,115.71
5110,633585,1.720688,-0.8400921,-1.03578,58.66,-311.325,122.9375
5111,633681,2.291892,-0.9315921,-1.377624,46.5675,-298.13,132.51
5112,633777,2.7459759999999998,-0.987224,-1.5347600000000001,35.77,-305.6375,148.6975
5113,633874,2.879444,-0.998448,-1.4715639999999999,25.1825,-328.4925,168.84
5114,633970,2.773548,-0.9596520000000001,-1.21268,14.6125,-350.07,188.4225
5115,634066,2.602748,-0.690032,-0.8744960999999999,3.9375,-357.8225,203.665
5116,634162,2.6047,-0.311832,-0.7176041,1.2075,-346.08,219.52
5117,634259,2.768912,-0.277916,-0.489464,16.7125,-326.165,234.1325
5118,634355,2.977288,-0.21886799999999998,-0.15201199999999998,21.5425,-303.7475,236.4075
5119,634451,3.1293,0.10223600000000001,0.393572,11.7775,-281.33,224.63
5120,634547,3.090504,0.702964,1.277584,7.3325,-256.6025,198.835
5121,634643,3.056832,1.2993,2.099132,32.655,-217.455,155.925
5122,634740,3.44406,1.545984,2.505148,86.9225,-157.92,101.3425
5123,634836,3.287168,0.8579041,2.5559,131.39,-94.99,50.82
5124,634932,2.869684,0.116876,2.0803439999999997,94.85,-30.73,-8.295
5125,635028,2.952156,0.29158,1.148508,-4.305,29.3475,-76.1425
5126,635125,2.828204,0.6304960000000001,0.390888,-67.4625,61.985,-117.4425
5127,635221,2.054968,-1.430328,1.2012120000000002,-62.335,84.5425,-130.3225
5128,635317,-1.755336,-1.179008,1.076284,-210.105,191.0125,-191.4675
5129,635413,-0.194224,1.9532200000000002,-2.508808,-272.4575,296.4675,-237.6675
5130,635509,1.454972,1.334192,-1.693116,-77.9275,350.1925,-118.23
5131,635606,5.251368,1.365424,-2.767692,40.32,397.74,-71.8025
5132,635702,4.281468,0.898164,-2.549068,-21.735,293.475,-97.7375
5133,635798,1.3603,0.331352,-1.393484,-17.2725,173.7925,-109.445
5134,635894,0.11126400000000002,-0.411628,-0.513376,2.66,154.175,-105.2275
5135,635991,0.8493641,-0.8840120000000001,-0.9198799999999999,28.56,178.22,-71.7675
5136,636087,2.8975,-2.163304,-1.1028799999999999,-22.645,163.03,-59.2375
5137,636183,0.772748,0.460916,-1.2012120000000002,-106.9775,90.42251,-42.3675
5138,636279,0.9884440000000001,0.06880801,-1.068476,-85.6625,78.48751,-38.115
5139,636376,0.785192,-0.791536,-0.76982,-71.1025,61.4075,-40.425
5140,636472,0.693204,-0.07564,-1.031876,-81.1475,55.3875,-30.975
5141,636568,0.9801479999999999,-0.02562,-1.042856,-74.2,45.325,-32.8125
5142,636664,0.563396,-0.2867,-0.86498,-53.9875,30.1875,-26.705
5143,636760,0.700036,-0.09540401,-0.9889319999999999,-41.825,31.22,-19.0225
5144,636857,0.73078,-0.040016,-0.9752681000000001,-27.4575,28.8225,-14.14
5145,636953,0.612196,-0.119072,-0.831308,-10.43,23.5375,-10.71
5146,637049,0.6451359999999999,-0.053436000000000004,-0.8581479999999999,-1.1375,22.295,-6.5625
5147,637145,0.59902,-0.161772,-0.81862,6.0375,20.7025,-3.6925
5148,637242,0.614392,-0.133956,-0.8222799999999999,9.0475,20.4225,-3.64
5149,637338,0.6222,-0.11834000000000001,-0.803736,11.2,20.755,-3.185
5150,637434,0.6231760999999999,-0.090036,-0.8020281,14.49,21.0525,-0.525
5151,637530,0.60512,-0.073688,-0.81618,18.13,22.4,4.6375
5152,637627,0.5734,-0.18470799999999998,-0.782752,22.365,24.255,7.6125
5153,637723,0.5504641,-0.182268,-0.7991,23.1875,28.455,8.0675
5154,637819,0.580232,-0.226188,-0.7832399999999999,23.38,33.0225,8.3125
5155,637915,0.6021920000000001,-0.30012,-0.744688,23.03,36.295,6.405
5156,638012,0.619516,-0.174704,-0.778116,20.4575,38.1325,3.5175
5157,638108,0.586332,-0.160552,-0.7893399999999999,24.3775,38.15,2.0825
5158,638204,0.5887720000000001,-0.274012,-0.72712,32.3225,38.3075,-0.9275
5159,638300,0.592188,-0.263764,-0.7288279999999999,29.2075,40.0925,-5.2675
5160,638397,0.55998,-0.326472,-0.692228,20.72,43.54,-9.1525
5161,638493,0.655628,-0.188124,-0.7376119999999999,9.485,48.4925,-12.4775
5162,638589,0.6329359999999999,-0.282796,-0.67832,11.3225,46.97,-14.595
5163,638685,0.6378159999999999,-0.219356,-0.7088201,6.265,46.795,-18.69
5164,638781,0.6600201,-0.241804,-0.68198,4.9,44.835,-22.785
5165,638878,0.67832,-0.2196,-0.68808,4.2,43.5225,-25.795
5166,638974,0.6795401,-0.184952,-0.679784,3.9025,42.0875,-28.7525
5167,639070,0.6753920999999999,-0.195688,-0.674416,4.795,41.79,-30.205
5168,639166,0.6736840000000001,-0.202032,-0.6897880999999999,5.3375,42.3675,-31.115
5169,639263,0.662704,-0.190076,-0.7056479999999999,5.6175,44.6775,-31.6925
5170,639359,0.7239479999999999,-0.13785999999999998,-0.712724,6.615,48.6675,-31.605
5171,639455,0.667096,-0.165188,-0.712724,10.4475,53.7425,-29.96
5172,639551,0.646112,-0.24278000000000002,-0.7178479999999999,15.05,59.3425,-29.8025
5173,639648,0.684664,-0.185684,-0.7141881,14.21,67.9,-30.8875
5174,639744,0.684664,-0.163236,-0.702964,13.3175,76.615,-29.645
5175,639840,0.668072,-0.121512,-0.758352,10.6575,88.34000999999999,-24.36
5176,639936,0.6722199999999999,-0.127856,-0.7766521,9.5025,102.27,-18.7775
5177,640032,0.6661201,-0.112728,-0.7610359999999999,10.2725,118.6325,-15.9075
5178,640129,0.6307401,-0.13054000000000002,-0.757864,10.2025,137.515,-15.0675
5179,640225,0.579256,-0.121512,-0.7517640999999999,6.265,157.535,-15.1025
5180,640321,0.60268,-0.214232,-0.7315119999999999,5.635,178.92,-15.5925
5181,640417,0.632448,-0.272548,-0.7517640999999999,8.925,213.1675,-11.8825
5182,640514,0.390888,-0.345504,-0.720776,6.125,243.95,-17.0975
5183,640610,1.000156,-0.44164,-0.9616040000000001,-6.1775,280.035,-41.5625
5184,640706,0.85156,-0.51118,-0.682956,-11.1475,328.7025,-69.195
5185,640802,1.22976,-0.3416,-0.838628,-18.41,404.5475,-75.4075
5186,640899,0.786656,-0.21716,-1.20902,-11.06,498.96,-63.14
5187,640995,1.34932,-0.255712,-1.2841719999999999,11.8125,543.445,-51.205
5188,641091,2.051308,-0.353556,-1.075552,74.515,558.8975,-46.76
5189,641187,1.856108,-0.399916,-1.64822,89.88,573.2475,-65.6425
5190,641283,2.065216,-0.42700000000000005,-1.11874,110.0925,564.1825,-85.61
5191,641380,3.383304,-0.8361879999999999,-1.473028,154.525,536.41,-109.6025
5192,641476,5.009564,-0.87474,-2.423164,260.505,536.5675,-69.1425
5193,641572,3.015108,-1.045296,-2.87676,322.735,520.695,-8.5925
5194,641668,1.2336639999999999,-2.573468,-2.677168,239.3125,338.065,-40.495
5195,641765,4.547184,-2.944836,-4.145072,86.5025,129.5,-58.66
5196,641861,1.6296760000000001,-1.9551720000000001,-2.881396,-69.23,-68.425,-34.195
5197,641957,0.28621199999999997,-0.9054840000000001,-1.772172,-151.655,-216.02,-25.48
5198,642053,-0.046360000000000005,-0.20374,-1.386896,-151.7425,-223.3875,-26.495
5199,642150,-0.02928,0.118096,-1.080676,-99.82,-226.765,-25.515
5200,642246,0.212036,-0.10540799999999999,-1.048712,-26.705,-223.125,-10.22
5201,642342,0.485072,-0.48531599999999997,-1.054812,22.9425,-236.1275,6.825
5202,642438,0.7315119999999999,-0.837408,-1.05408,32.165,-264.4425,16.765
5203,642535,0.820816,-0.936472,-0.951844,3.605,-301.0525,19.1275
5204,642631,0.791048,-0.818376,-0.795928,-38.99,-336.7525,16.59
5205,642727,0.74054,-0.620736,-0.6558721,-69.2475,-363.8425,13.9825
5206,642823,0.746396,-0.42138809999999993,-0.55388,-78.33,-379.4,14.385
5207,642919,0.7612800999999999,-0.34648,-0.47384799999999994,-66.71,-387.7475,19.0575
5208,643016,0.7812880999999999,-0.372832,-0.417972,-45.395,-391.8425,26.4075
5209,643112,0.843508,-0.44847200000000004,-0.40528400000000003,-26.4775,-391.825,33.6525
5210,643208,0.928176,-0.515572,-0.422364,-15.295,-389.27,39.1475
5211,643304,1.0323639999999998,-0.5231359999999999,-0.44286000000000003,-9.52,-386.0675,42.84
5212,643400,1.1272799999999998,-0.5124001,-0.48312,-2.5375,-382.795,46.9875
5213,643497,1.248304,-0.504836,-0.503128,9.5375,-378.7525,52.885
5214,643593,1.327848,-0.538508,-0.49605200000000005,25.1125,-374.4825,61.46
5215,643689,1.410076,-0.629764,-0.50142,40.18,-367.85,72.2925
5216,643785,1.436184,-0.7503,-0.5355800999999999,48.615,-357.28,86.04751
5217,643881,1.473028,-0.8203280000000001,-0.6039,46.9875,-343.8225,100.31
5218,643978,1.487668,-0.8552200000000001,-0.713212,36.8725,-329.175,113.225
5219,644074,1.665788,-0.8518040000000001,-0.9293961,25.165,-313.3725,123.7425
5220,644170,1.9715200000000002,-0.8261841000000001,-1.162172,19.25,-303.45,134.295
5221,644266,2.250168,-0.799588,-1.31028,20.86,-303.59,148.2075
5222,644363,2.434632,-0.827892,-1.371768,27.0725,-311.605,164.9025
5223,644459,2.571272,-0.8937719999999999,-1.354444,30.485,-322.0175,180.8275
5224,644555,2.6461799999999998,-0.877424,-1.193892,25.06,-331.625,192.675
5225,644651,2.655208,-0.34111199999999997,-1.064084,11.1475,-334.215,205.38
5226,644748,2.778916,-0.16689600000000002,-0.809836,17.29,-327.2675,225.96
5227,644844,2.9087240000000003,-0.136152,-0.37088000000000004,25.3225,-315.595,237.265
5228,644940,3.032188,0.040748,0.282064,13.6325,-294.28,229.0575
5229,645036,3.00486,0.6351319999999999,1.271484,-6.7375,-264.145,200.865
5230,645132,3.0441439999999997,1.4630239999999999,2.172576,-2.2925,-217.735,150.78
5231,645229,3.413072,1.933212,2.549312,51.2225,-155.5225,84.8225
5232,645325,3.326696,1.260504,2.4888,117.5125,-95.62,25.9
5233,645421,2.88042,0.24107199999999998,2.0571639999999998,110.18,-37.905,-29.365
5234,645517,2.7398759999999998,0.106628,1.131672,21.2625,16.4325,-88.69
5235,645614,2.74378,0.4209,0.354532,-52.57,49.4375,-129.4475
5236,645710,2.248704,-1.454728,1.1631479999999998,-64.9425,78.2425,-148.645
5237,645806,-2.038132,0.05929201,2.205516,-216.825,187.74,-213.535
5238,645902,0.6634359999999999,1.7829080000000002,-3.037068,-230.8075,330.995,-239.8375
5239,645998,2.281888,0.7788480999999999,-1.6479759999999999,9.5725,366.1175,-82.6
5240,646095,4.512048,1.052616,-2.1533,64.5925,368.9,-37.345
5241,646191,3.621204,0.46335600000000005,-2.203808,3.9025,295.2425,-80.3775
5242,646287,1.425692,0.116632,-1.295884,6.405,200.76,-80.605
5243,646383,0.050996,-0.06832001,-0.49654,15.19,179.4625,-77.9975
5244,646480,3.036824,-3.2656959999999997,-1.6804279999999998,26.9325,197.54,-58.135
5245,646576,1.815116,-0.696864,-0.49654,-94.7625,140.63,-49.035
5246,646672,1.292224,1.0016200000000002,-1.6682279999999998,-128.065,104.86,-51.8875
5247,646768,1.078724,-0.565104,-0.946232,-82.985,68.2675,-48.195
5248,646865,0.794952,-0.29768,-1.01138,-70.9275,47.81,-37.205
5249,646961,0.693448,-0.370636,-0.8174001000000001,-62.23,41.895,-33.9325
5250,647057,1.009672,-0.08857201,-1.078724,-48.86,33.4425,-32.83
5251,647153,0.687104,0.032451999999999995,-0.9262239999999999,-30.1875,25.13,-24.0625
5252,647249,0.6663640000000001,-0.34111199999999997,-0.7951961,-6.4575,19.6,-12.74
5253,647346,0.6182960999999999,-0.036844,-0.85888,-3.9025,18.305,-11.935
5254,647442,0.6414761,-0.13664,-0.822524,-0.49,17.5175,-10.395
5255,647538,0.6326921,-0.09418401,-0.8052,1.6625,17.5525,-8.26
5256,647634,0.610244,-0.17934,-0.7761640999999999,0.1575,16.87,-8.785
5257,647731,0.6453800000000001,-0.18178,-0.7639640999999999,-3.6225,15.225,-11.8825
5258,647827,0.62952,-0.1769,-0.768356,-6.8075,13.2475,-14.0525
5259,647923,0.633424,-0.134932,-0.762988,-7.0875,11.375,-13.7025
5260,648019,0.61122,-0.14518,-0.787632,-4.655,10.6575,-11.4275
5261,648115,0.59048,-0.18470799999999998,-0.7812880999999999,-1.435,10.9025,-10.0275
5262,648212,0.566812,-0.17568,-0.792024,-0.5775,12.5125,-10.5875
5263,648308,0.558028,-0.194224,-0.8095920999999999,-0.4375,15.4175,-11.83
5264,648404,0.58316,-0.229848,-0.785924,1.085,17.605,-14.6825
5265,648500,0.612196,-0.193004,-0.7612800999999999,2.555,16.5375,-19.1975
5266,648597,0.639524,-0.174216,-0.743712,6.51,13.8425,-23.1875
5267,648693,0.631228,-0.137128,-0.7549359999999999,8.05,12.6875,-24.185
5268,648789,0.6124400999999999,-0.178608,-0.7503,3.92,14.8225,-23.0125
5269,648885,0.652944,-0.10052799999999999,-0.767624,-2.8,19.4775,-21.7525
5270,648982,0.625372,-0.132248,-0.7610359999999999,0.735,20.8075,-20.7375
5271,649078,0.630984,-0.08954801,-0.7732359999999999,1.6975,23.975,-20.86
5272,649174,0.630008,-0.100284,-0.765672,6.2475,26.985,-20.335
5273,649270,0.636352,-0.096868,-0.75274,8.0325,31.0275,-19.845
5274,649366,0.646112,-0.080764,-0.7390760000000001,10.08,34.5975,-18.4975
5275,649463,0.669292,-0.06490399999999999,-0.711992,11.83,37.1525,-15.925
5276,649559,0.670512,-0.07808001,-0.708576,13.335,38.57,-11.6725
5277,649655,0.666852,-0.111508,-0.705892,13.93,39.375,-7.2975
5278,649751,0.66246,-0.142496,-0.70638,14.6125,40.145,-4.69
5279,649848,0.643428,-0.15762400000000001,-0.7256560000000001,15.61,42.0175,-3.2725
5280,649944,0.643428,-0.167384,-0.7422481,17.0625,45.08,-2.9575
5281,650040,0.612928,-0.193492,-0.7600600000000001,18.27,50.0675,-4.5325
5282,650136,0.633668,-0.19959200000000002,-0.7476161,18.2875,58.1175,-8.0325
5283,650233,0.62952,-0.186416,-0.754204,19.46,67.6375,-12.3375
5284,650329,0.666608,-0.165188,-0.7200439999999999,19.775,77.9975,-15.5575
5285,650425,0.68198,-0.09882,-0.7239479999999999,18.3925,87.8675,-15.715
5286,650521,0.6790520999999999,-0.091012,-0.720288,17.325,96.70501,-12.1625
5287,650617,0.6505041,-0.091744,-0.756156,16.4325,107.485,-7.525
5288,650714,0.658312,-0.095648,-0.779824,15.9425,121.1525,-5.285
5289,650810,0.6512359999999999,-0.10345599999999999,-0.739564,16.59,136.4125,-3.885
5290,650906,0.663192,-0.190076,-0.708332,16.7125,152.8625,-4.1825
5291,651002,0.5978,-0.253272,-0.686128,11.795,169.61,-8.785
5292,651099,0.571936,-0.295484,-0.662948,7.5075,188.37,-15.3825
5293,651195,0.6810039999999999,-0.32866799999999996,-0.6993041,11.6375,218.855,-18.6725
5294,651291,0.423828,-0.308172,-0.702232,7.7525,245.1575,-27.615
5295,651387,0.9259799999999999,-0.37112399999999995,-0.870592,-9.0825,274.82,-49.525
5296,651483,0.9201241,-0.4026,-0.749324,-16.7825,321.335,-68.285
5297,651580,1.024068,-0.327936,-0.650016,-21.4725,394.4325,-72.6075
5298,651676,1.004304,-0.142252,-1.27124,-23.8525,476.6125,-68.0925
5299,651772,1.804136,-0.24156,-1.074088,10.08,509.81,-56.6825
5300,651868,1.9063720000000002,-0.44896,-1.175348,59.9025,540.54,-60.6725
5301,651965,2.354356,-0.6573359999999999,-1.844152,65.03,549.465,-83.44001
5302,652061,2.213324,-0.5814520000000001,-1.091412,78.8025,514.7274,-108.4475
5303,652157,3.908148,-0.8432639999999999,-1.683844,118.5975,522.2,-114.24
5304,652253,2.80112,-0.487756,-2.127192,190.7325,546.0175,-62.195
5305,652349,2.34972,-0.7686,-2.476356,210.175,483.21,-42.98
5306,652446,2.0435,-1.635044,-2.4949,187.285,310.5375,-55.09
5307,652542,4.390292,-2.183068,-4.161908,100.45,112.84,-56.49
5308,652638,1.50426,-1.527684,-2.511248,0.9275,-99.365,-45.7625
5309,652734,0.400648,-0.9191481,-1.666764,-65.9925,-219.7825,-48.3175
5310,652831,-0.004636001,-0.409188,-1.19194,-82.285,-232.6275,-58.275
5311,652927,-0.101016,-0.1647,-0.877424,-60.8475,-231.315,-65.15250999999999
5312,653023,0.139812,-0.2867,-0.8596120999999999,-17.3775,-222.3725,-56.2275
5313,653119,0.395036,-0.506544,-0.8945040000000001,18.41,-227.0975,-41.755
5314,653216,0.632448,-0.780556,-0.9311040999999999,33.8625,-244.72,-27.195
5315,653312,0.7991,-0.9152440000000001,-0.92232,23.73,-272.93,-15.5225
5316,653408,0.801784,-0.87718,-0.7978801,0.4725,-306.46,-5.1625
5317,653504,0.71492,-0.751276,-0.64172,-21.1925,-335.405,5.11
5318,653601,0.638548,-0.5968241,-0.500444,-30.9575,-351.6625,15.6975
5319,653697,0.634156,-0.5023960999999999,-0.414312,-27.9125,-357.1575,27.7025
5320,653793,0.691008,-0.476288,-0.393572,-16.2575,-357.1225,41.58
5321,653889,0.8403360000000001,-0.4743361,-0.453596,-2.555,-355.215,55.8775
5322,653985,0.9762440999999998,-0.493612,-0.503128,9.065,-356.65,69.65
5323,654082,1.0650600000000001,-0.477996,-0.5282600000000001,18.0775,-361.34,81.77750999999999
5324,654178,1.087996,-0.429684,-0.508984,25.83,-365.8725,91.3675
5325,654274,1.086044,-0.399428,-0.467992,36.015,-366.0475,98.77
5326,654370,1.1155680000000001,-0.410652,-0.43627200000000005,48.2825,-360.955,104.44
5327,654466,1.172664,-0.4594521,-0.454816,60.55,-350.98,109.935
5328,654563,1.2749,-0.583648,-0.531676,68.8975,-337.2075,117.285
5329,654659,1.399096,-0.6756361,-0.67588,67.6025,-323.435,126.07
5330,654755,1.518168,-0.712724,-0.828624,58.52,-312.165,136.4825
5331,654851,1.690188,-0.7700640999999999,-1.0121120000000001,46.6725,-303.7475,147.5075
5332,654948,1.9768880000000002,-0.7771399999999999,-1.2038959999999999,35.84,-298.9175,158.375
5333,655044,2.3067759999999997,-0.754204,-1.358592,27.4925,-301.91,171.0275
5334,655140,2.4939240000000003,-0.7137001000000001,-1.377624,23.1,-314.3,184.9925
5335,655236,2.535892,-0.7241920000000001,-1.272704,20.2475,-327.8275,198.31
5336,655332,2.535404,-0.493856,-1.113372,14.385,-334.215,208.705
5337,655429,2.624708,-0.182024,-1.017724,15.995,-328.4925,223.615
5338,655525,2.727432,-0.20008,-0.7551800000000001,31.885,-317.835,237.7375
5339,655621,2.858948,-0.202032,-0.36282800000000004,34.7375,-301.1225,236.845
5340,655717,2.845772,0.029768,0.229116,22.015,-280.7,218.9075
5341,655814,2.8443080000000003,0.64294,0.9298841,12.0225,-252.595,186.9875
5342,655910,2.9792400000000003,1.249036,1.569652,34.3875,-217.0525,145.355
5343,656006,2.9736279999999997,1.485716,1.987136,93.1525,-175.1575,100.765
5344,656102,2.8784680000000002,1.099464,2.111576,146.23,-123.0775,62.405
5345,656198,2.548824,0.45554799999999995,1.9529759999999998,140.98,-61.9675,20.3
5346,656295,2.324832,0.19642,1.4130040000000001,69.02,-1.3125,-39.0775
5347,656391,2.425848,0.36892800000000003,0.617564,-1.295,43.8725,-94.2725
5348,656487,1.968348,-1.6104,0.9769760000000001,-39.48,85.5225,-134.96
5349,656583,-0.41723999999999994,-0.31012399999999996,2.646424,-240.0825,190.1725,-220.8325
5350,656680,0.5343600000000001,2.6596,-2.084004,-344.61,309.575,-272.615
5351,656776,1.939556,1.6169879999999999,-3.138816,-128.345,354.5675,-150.7625
5352,656872,3.2059159999999998,0.5565640000000001,-1.17608,51.87,331.1175,-41.3175
5353,656968,4.04064,1.117764,-2.7776959999999997,-15.12,296.9925,-86.51999
5354,657064,2.490752,0.243024,-1.5542799999999999,3.0975,201.25,-89.18
5355,657161,0.392596,-0.285968,-0.6675840000000001,-9.1525,141.0325,-82.495
5356,657257,-0.03416,-1.234884,-0.7283400999999999,-1.61,145.9325,-65.36251
5357,657353,2.484408,-1.972984,-0.987956,-57.6275,153.545,-65.1875
5358,657449,1.3205280000000001,0.7137001000000001,-1.117764,-132.72,96.7575,-65.345
5359,657546,1.3947040000000002,0.5443640000000001,-1.44814,-108.43,65.485,-65.0475
5360,657642,0.5131319999999999,-0.489708,-0.7015,-76.3875,30.5725,-51.17
5361,657738,0.6810039999999999,-0.18251199999999998,-1.039684,-63.8925,28.56,-38.4125
5362,657834,0.9745360000000001,-0.040016,-0.9979600000000001,-54.9325,25.6375,-34.9475
5363,657930,0.60024,-0.17568,-0.8764481,-31.9375,15.54,-25.6375
5364,658027,0.645868,0.07978801,-0.97234,-21.14,15.12,-18.41
5365,658123,0.645868,-0.160552,-0.8615640999999999,-6.86,15.47,-11.2
5366,658219,0.6588,-0.0305,-0.8508280999999999,0.0875,15.1025,-8.1725
5367,658315,0.6202479999999999,-0.07393200000000001,-0.8308200000000001,5.355,15.96,-3.745
5368,658412,0.584136,-0.13054000000000002,-0.8296,10.9725,16.7475,0.42
5369,658508,0.613416,-0.112972,-0.81984,12.5825,18.9875,1.82
5370,658604,0.6265921,-0.130296,-0.786412,14.84,19.495,2.5025
5371,658700,0.640012,-0.130052,-0.7761640999999999,15.96,19.04,3.4475
5372,658797,0.6197600000000001,-0.14396,-0.7771399999999999,17.4475,17.85,4.8125
5373,658893,0.604388,-0.11394800000000001,-0.7890961,18.0425,17.5,6.0375
5374,658989,0.596336,-0.139568,-0.79056,19.6525,18.9,7.91
5375,659085,0.5936520000000001,-0.18056,-0.781044,21.7175,21.035,9.1525
5376,659182,0.59292,-0.160796,-0.787144,22.2425,24.08,9.5375
5377,659278,0.5858439999999999,-0.197884,-0.769332,21.49,27.5275,9.7125
5378,659374,0.6070720000000001,-0.22643200000000002,-0.744444,19.005,29.54,7.56
5379,659470,0.6178081,-0.178852,-0.764696,15.855,30.4325,4.5675
5380,659566,0.5987760999999999,-0.18422,-0.7537159999999999,16.66,29.96,2.345
5381,659663,0.579012,-0.2989,-0.725168,20.1425,29.8025,-1.96
5382,659759,0.545096,-0.386008,-0.709796,15.645,31.5175,-7.8925
5383,659855,0.6273241,-0.203252,-0.75884,4.2875,36.19,-13.0725
5384,659951,0.6470880999999999,-0.263276,-0.720288,3.185,36.0325,-16.87
5385,660048,0.6785640000000001,-0.185196,-0.70516,-1.5925,36.4525,-19.8275
5386,660144,0.6785640000000001,-0.2074,-0.716384,-1.435,35.3675,-21.0175
5387,660240,0.677832,-0.1952,-0.726876,-3.045,35.0525,-21.5425
5388,660336,0.685396,-0.185928,-0.7056479999999999,-1.995,34.2125,-21.63
5389,660433,0.685396,-0.170068,-0.705892,-1.19,33.9325,-21.6125
5390,660529,0.6724640000000001,-0.191052,-0.709796,-0.5775,34.16,-21.8575
5391,660625,0.67832,-0.168848,-0.702964,0.525,35.2975,-22.3825
5392,660721,0.677832,-0.13859200000000002,-0.70516,2.555,36.89,-22.12
5393,660818,0.6939361,-0.14274,-0.6856399999999999,5.0575,39.375,-20.6325
5394,660914,0.69662,-0.121024,-0.679784,7.175,41.4225,-18.375
5395,661010,0.6912520000000001,-0.06563601,-0.698328,8.4,43.0325,-15.0675
5396,661106,0.7032079999999999,-0.07076001,-0.700036,8.96,46.4975,-9.52
5397,661203,0.677344,-0.155672,-0.7139439999999999,11.13,52.045,-3.57
5398,661299,0.671244,-0.216428,-0.712724,12.32,58.835,-2.2925
5399,661395,0.676124,-0.220088,-0.70638,12.6,65.8,-4.6725
5400,661491,0.668316,-0.199104,-0.720532,12.635,73.185,-7.6125
5401,661588,0.683932,-0.132736,-0.7139439999999999,13.3875,82.9675,-9.2925
5402,661684,0.684664,-0.13151600000000002,-0.740296,15.4525,93.8175,-8.54
5403,661780,0.6409881,-0.17763199999999998,-0.7168720000000001,16.7825,105.4375,-8.4875
5404,661876,0.62098,-0.27084,-0.7376119999999999,16.59,120.2075,-13.195
5405,661973,0.565836,-0.282552,-0.738588,16.0825,139.6675,-22.3825
5406,662069,0.552904,-0.21667199999999998,-0.763476,13.79,162.26,-33.705
5407,662165,0.545096,-0.22277199999999997,-0.8291120999999999,23.9925,192.29,-40.53
5408,662261,0.7141881,-0.235948,-0.8637601,40.215,231.42,-43.5925
5409,662357,0.542168,-0.265228,-0.6985720999999999,42.14,268.7825,-51.5025
5410,662454,0.8532681000000001,-0.466772,-0.9272,44.8525,320.95,-68.985
5411,662550,1.058716,-0.5926760999999999,-1.045784,53.48,382.34,-91.5775
5412,662646,1.400316,-0.060512,-1.286368,75.915,454.79,-104.3875
5413,662742,1.7936439999999998,-0.581696,-1.276608,144.9875,496.615,-93.0475
5414,662839,1.730448,-0.713212,-1.5677,149.38,512.505,-108.3425
5415,662935,2.496364,-0.660996,-1.1148360000000002,131.425,488.81,-140.98
5416,663031,2.960452,-0.558272,-1.652856,152.3375,487.41,-151.9
5417,663127,2.7999,-0.340136,-1.6540759999999999,208.8975,489.0725,-117.4775
5418,663223,2.334592,-0.559736,-1.9581,237.51,434.42,-98.175
5419,663320,1.29564,-0.889136,-3.0195,240.7125,303.4675,-102.0425
5420,663416,2.963868,-1.502308,-3.093676,226.3625,111.6675,-102.515
5421,663512,1.234884,-1.7824200000000001,-2.805512,147.385,-40.11,-94.81501
5422,663608,-0.011956,-1.30784,-1.4069040000000002,82.5475,-166.775,-80.2375
5423,663705,-0.237656,-1.053104,-1.069452,42.63,-180.425,-60.9175
5424,663801,-0.144204,-0.815936,-0.8547319999999999,26.6875,-178.255,-34.93
5425,663897,0.143228,-0.7478600000000001,-0.913292,26.565,-179.8825,-0.63
5426,663993,0.34428400000000003,-0.6663640000000001,-0.9484280999999999,29.015,-195.265,39.0775
5427,664089,0.43798000000000004,-0.571692,-0.9386681,28.5075,-219.24,77.595
5428,664186,0.512888,-0.437004,-0.9203680000000001,22.085,-243.7925,107.9925
5429,664282,0.6224441,-0.21813600000000002,-0.901336,13.3175,-266.28,127.8025
5430,664378,0.6390359999999999,0.041724000000000004,-0.8220360000000001,6.685,-288.75,138.11
5431,664474,0.618052,0.339648,-0.731268,9.7825,-306.6175,141.155
5432,664571,0.650016,0.648552,-0.714432,27.37,-316.0325,139.72
5433,664667,0.732244,0.781776,-0.7503,62.16,-321.5625,135.5725
5434,664763,0.83936,0.691496,-0.811056,102.4975,-328.265,127.785
5435,664859,1.011136,0.582428,-0.8935280999999999,128.8175,-337.1725,114.065
5436,664955,1.089948,0.537532,-0.9442801,137.76,-349.545,96.21500999999999
5437,665052,1.179984,0.555832,-0.9384239999999999,140.14,-361.935,76.23001
5438,665148,1.211216,0.530456,-0.8805960999999999,144.0075,-373.1875,57.7675
5439,665244,1.196576,0.42553599999999997,-0.7922680000000001,149.45,-379.6975,42.9625
5440,665340,1.18828,0.27889200000000003,-0.754204,149.695,-377.86,33.005
5441,665437,1.192916,0.203984,-0.788852,140.63,-369.005,28.1575
5442,665533,1.269776,0.219844,-0.9191481,129.7975,-356.79,29.4175
5443,665629,1.358104,0.26961999999999997,-1.0260200000000002,125.0725,-346.01,35.0175
5444,665725,1.465708,0.322324,-1.1333799999999998,127.2075,-337.75,40.4425
5445,665821,1.597224,0.321348,-1.223904,134.085,-330.8025,43.82
5446,665918,1.7504560000000002,0.34404,-1.3115,141.785,-324.1,44.2575
5447,666014,2.0154400000000003,0.5233800000000001,-1.4186159999999999,151.3925,-316.7675,44.9575
5448,666110,2.35216,0.65514,-1.4898639999999999,167.44,-312.725,49.2975
5449,666206,2.544432,0.613416,-1.36152,182.735,-316.8025,52.3425
5450,666302,2.4148680000000002,0.576328,-0.9777081,177.1525,-319.8825,44.835
5451,666399,2.205516,0.6824680000000001,-0.543388,151.76,-306.915,23.3625
5452,666495,2.182092,0.9235399999999999,-0.188124,122.64,-275.9225,-7.98
5453,666591,2.191852,1.311988,0.180072,109.83,-239.9075,-41.4575
5454,666687,2.418284,1.6796959999999999,0.549488,123.1475,-204.12,-76.615
5455,666784,2.794288,1.95078,0.8988959999999999,155.8375,-174.6325,-118.44
5456,666880,2.77672,1.87148,1.2585520000000001,189.21,-151.06,-158.76
5457,666976,2.4817240000000003,1.381528,1.404464,189.3325,-117.705,-192.78
5458,667072,2.212348,1.000156,1.184376,138.1275,-71.96,-229.8625
5459,667168,2.2018560000000003,0.9211,0.670024,73.6225,-26.3375,-266.945
5460,667265,1.219268,-2.0557,0.416996,38.535,8.7325,-290.6225
5461,667361,0.2562,-1.263676,-1.2080440000000001,-180.88,62.23,-342.0725
5462,667457,-0.60512,-3.165168,-0.8940161,-243.5825,85.435,-333.7775
5463,667553,-1.315892,-2.090592,1.1289879999999999,-272.2475,121.73,-263.025
5464,667650,2.115236,0.9333,-1.422032,-307.16,233.1525,-191.8175
5465,667746,3.224216,1.758264,-1.7338639999999998,-235.795,232.925,-100.8
5466,667842,1.8573279999999999,1.820484,-1.930284,-318.2025,166.88,-144.305
5467,667938,2.107672,1.014308,-3.040972,-225.6975,112.8225,-97.3875
5468,668034,0.16348,0.889868,-0.390888,-140.4725,66.955,-59.3075
5469,668131,1.4149559999999999,0.29597199999999996,-1.259772,-50.75,40.46,-24.885
5470,668227,0.859368,0.128344,-0.8554641,-22.7675,40.2675,-15.9775
5471,668323,1.108248,-0.051972000000000004,-0.727608,-8.3825,38.9025,-8.75
5472,668419,0.720288,-0.09589201,-0.7451760000000001,0.6125,25.7425,-6.3875
5473,668515,0.6709999999999999,-0.08003201,-0.801296,2.52,18.935,-5.5825
5474,668612,0.620736,-0.085156,-0.8203280000000001,6.6675,18.2875,-3.29
5475,668708,0.625372,-0.111996,-0.7978801,8.68,19.285,-0.8400001
5476,668804,0.641964,-0.129076,-0.769576,10.78,18.9525,1.05
5477,668900,0.638304,-0.108824,-0.7893399999999999,11.6025,18.165,2.24
5478,668997,0.6273241,-0.111752,-0.788608,12.705,17.9725,3.6925
5479,669093,0.614636,-0.11248399999999999,-0.795928,14.3675,18.3225,4.935
5480,669189,0.621712,-0.12248800000000001,-0.786656,16.38,19.845,5.635
5481,669285,0.619028,-0.14762,-0.76982,17.4475,21.7175,6.3
5482,669381,0.597312,-0.168604,-0.779092,17.9025,23.835,6.4925
5483,669478,0.62098,-0.190808,-0.7622561,17.6575,27.3,5.39
5484,669574,0.630252,-0.21886799999999998,-0.7473721,15.26,29.7325,3.5875
5485,669670,0.6329359999999999,-0.20252,-0.747128,13.195,30.5375,2.275
5486,669766,0.6019479999999999,-0.195932,-0.736392,13.545,30.3625,-0.63
5487,669862,0.628544,-0.232776,-0.729804,15.8025,30.2925,-4.55
5488,669959,0.721508,0.00244,-0.571204,22.9775,29.96,-7.8575
5489,670055,0.597312,-0.300608,-0.665144,20.79,29.3825,-13.615
5490,670151,0.618052,-0.272304,-0.7600600000000001,5.67,33.215,-21.7175
5491,670247,0.6107319999999999,-0.175924,-0.7793359999999999,10.745,34.9825,-30.9925
5492,670344,0.5858439999999999,-0.232044,-0.753228,20.6325,37.975,-41.1425
5493,670440,0.561688,-0.19983599999999999,-0.775676,39.9,40.6525,-53.795
5494,670536,0.554856,-0.334768,-0.771528,69.09,44.45,-70.7875
5495,670632,0.555588,-0.306464,-0.777872,97.72,50.2425,-93.6075
5496,670728,0.5738880000000001,-0.35477600000000004,-0.7324881,131.495,56.1225,-119.56
5497,670825,0.617564,-0.329156,-0.69296,165.165,61.6,-145.635
5498,670921,0.6709999999999999,-0.349896,-0.62342,196.875,64.715,-170.24
5499,671017,0.727608,-0.28328400000000004,-0.552172,220.8325,64.26,-190.575
5500,671113,0.798124,-0.303048,-0.500444,237.5975,61.1275,-202.79
5501,671209,0.8708360999999999,-0.252784,-0.46164799999999995,242.725,55.5275,-206.6925
5502,671306,0.892308,-0.19885999999999998,-0.453596,238.875,48.44,-202.685
5503,671402,0.9025559999999999,-0.118828,-0.44505600000000006,227.4825,41.65,-192.22
5504,671498,0.9089001,-0.07832401,-0.43432,211.1725,34.2475,-178.255
5505,671594,0.9054840000000001,-0.038308,-0.467504,192.4125,28.07,-161.9275
5506,671690,0.8840120000000001,-0.020252000000000003,-0.513376,172.97,22.155,-144.9175
5507,671787,0.8842561,-0.017568,-0.523868,152.32,16.5375,-128.1
5508,671883,0.8608319999999999,-0.002196,-0.5551,130.9875,12.1625,-111.7025
5509,671979,0.8569280999999999,-0.008052001,-0.567056,110.775,9.5025,-94.85
5510,672075,0.8554641,-0.005612,-0.5826720000000001,91.8925,8.225,-79.1525
5511,672172,0.8371639999999999,-0.02562,-0.57584,76.0025,8.1725,-64.6275
5512,672268,0.823256,-0.044896,-0.583404,61.9675,9.695,-52.78
5513,672364,0.7991,-0.07222401,-0.604388,49.9275,13.055,-42.525
5514,672460,0.785192,-0.1037,-0.6082920999999999,39.3925,19.005,-34.72
5515,672556,0.781044,-0.114436,-0.604632,31.5875,27.5275,-29.365
5516,672653,0.7622561,-0.10736,-0.621468,28.1925,38.01,-26.18
5517,672749,0.775676,-0.12566,-0.612196,28.0875,50.2775,-24.045
5518,672845,0.7517640999999999,-0.12468399999999999,-0.63318,26.775,66.29,-22.4525
5519,672941,0.758352,-0.12029200000000001,-0.6348881,25.655,81.90001,-22.8025
5520,673038,0.701256,-0.144448,-0.6197600000000001,27.0375,96.5125,-25.095
5521,673134,0.8127641,-0.13908,-0.6222,31.115,118.5975,-28.0875
5522,673230,0.815692,-0.1464,-0.695156,41.72,149.065,-31.0975
5523,673326,0.775676,-0.121512,-0.6439159999999999,63.1925,181.44,-34.685
5524,673422,1.387872,-0.19154000000000002,-0.61,97.9825,233.0825,-35.945
5525,673519,1.0504200000000001,-0.08296,-0.732244,156.835,307.895,-25.865
5526,673615,1.2397639999999999,-0.12078,-1.27978,215.32,364.385,-1.575
5527,673711,1.0169920000000001,-0.16811600000000002,-0.9413520000000001,275.73,382.2525,14.9975
5528,673807,1.6433400000000002,-0.31476,-1.017724,318.8675,398.2475,25.3575
5529,673903,1.62626,-0.30353600000000003,-1.2907600000000001,336.245,412.7025,22.96
5530,674000,2.0356919999999996,-0.462624,-1.206092,330.855,389.8475,4.3925
5531,674096,1.890512,-0.270596,-0.8132520999999999,318.7275,351.4525,-23.52
5532,674192,3.224948,-0.4636,-1.5142639999999998,349.44,353.0275,-45.465
5533,674288,2.5644400000000003,-0.258396,-1.196332,412.0375,357.4025,-38.8675
5534,674385,2.091324,-0.327936,-1.386164,422.03,307.755,-24.6925
5535,674481,1.24806,-0.6985720999999999,-2.645448,392.7875,169.645,-41.23
5536,674577,3.1229560000000003,-1.4130040000000001,-3.262036,329.98,-18.06,-85.365
5537,674673,0.8310639999999999,-1.38226,-1.996652,242.1125,-179.8825,-100.275
5538,674769,0.000976,-1.0948280000000001,-1.170468,169.1375,-254.8875,-99.575
5539,674866,0.018544,-0.687592,-1.026996,128.0825,-241.885,-80.5525
5540,674962,0.022936,-0.435296,-0.949892,118.09,-233.1525,-43.6625
5541,675058,0.25254,-0.279624,-1.0384639999999998,126.21,-230.055,4.5675
5542,675154,0.439688,-0.196176,-1.11142,136.3425,-240.6775,53.8125
5543,675250,0.554856,-0.10321199999999998,-1.1028799999999999,136.3425,-261.3625,92.7325
5544,675347,0.599508,0.081496,-1.0384639999999998,124.3025,-284.06,117.005
5545,675443,0.595116,0.3843,-0.9535521,108.85,-302.2425,129.885
5546,675539,0.5543680000000001,0.731024,-0.862784,103.04,-312.69,137.2
5547,675635,0.624884,1.019188,-0.849608,114.66,-313.6,142.835
5548,675732,0.8235001000000001,1.072136,-0.9093880999999999,141.295,-312.235,145.46
5549,675828,1.056764,0.9618481,-1.004304,161.98,-315.735,141.4875
5550,675924,1.2104840000000001,0.8540000000000001,-1.062864,162.505,-325.745,127.855
5551,676020,1.227808,0.9086559999999999,-1.037244,146.335,-338.065,106.575
5552,676116,1.180228,0.9630681000000001,-0.987712,130.445,-346.465,85.96
5553,676213,1.186572,0.9320801,-0.9530641,121.0825,-348.18,68.8625
5554,676309,1.221708,0.81252,-0.956968,113.225,-345.4675,55.23
5555,676405,1.2456200000000002,0.698328,-0.9564799999999999,100.905,-342.37,43.155
5556,676501,1.237568,0.6527,-0.9362280000000001,85.225,-338.9225,33.0575
5557,676597,1.1873040000000001,0.626104,-0.919392,71.9425,-332.99,25.0075
5558,676694,1.172908,0.595116,-0.9530641,63.175,-324.065,16.8875
5559,676790,1.19438,0.529968,-0.9801479999999999,58.9925,-314.545,6.755
5560,676886,1.223172,0.46164799999999995,-0.942816,58.1525,-306.005,-5.7225
5561,676982,1.288808,0.293532,-0.898652,58.3975,-296.2225,-19.3025
5562,677079,1.5074319999999999,0.243024,-0.897432,59.5875,-283.92,-29.2425
5563,677175,1.6989720000000001,0.11712,-0.854244,61.1975,-272.4225,-32.48
5564,677271,1.95078,0.111508,-0.7861680999999999,59.5525,-261.3975,-28.2275
5565,677367,2.2018560000000003,-0.01342,-0.620736,54.5825,-252.1575,-20.1425
5566,677463,2.287256,-0.087352,-0.30378,42.455,-242.935,-11.6375
5567,677560,2.2967720000000003,-0.091012,0.011468,24.9725,-226.9925,-4.375
5568,677656,2.2823759999999997,-0.028792,0.32208000000000003,9.835,-202.8775,3.22
5569,677752,2.312388,0.049532,0.513864,1.4525,-174.3,13.3175
5570,677848,2.221376,0.21228000000000002,0.687592,-1.1725,-146.09,21.77
5571,677945,2.1179200000000002,0.38308000000000003,0.808372,2.45,-115.01,25.5325
5572,678041,2.0291040000000002,0.6070720000000001,0.80886,8.6975,-82.1625,21.9625
5573,678137,1.7219080000000002,0.369904,0.8574161,18.095,-51.17,12.46
5574,678233,1.45302,0.1403,1.333948,-19.985,0.2975,-24.3075
5575,678329,1.9820119999999999,0.7954399999999999,1.222684,-99.225,59.5875,-96.95
5576,678426,1.731424,1.23708,1.6391919999999998,-132.8775,111.685,-159.075
5577,678522,1.0523719999999999,1.2404959999999998,-1.229516,-101.2025,157.5875,-171.6575
5578,678618,1.5845360000000002,-0.68808,-2.559316,0.1575,176.89,-105.6475
5579,678714,1.531344,-0.6378159999999999,-1.266604,7.6825,155.7675,-78.47
5580,678810,1.4356959999999999,0.007320001,-0.9237841,-31.745,144.655,-81.41001
5581,678907,1.2019440000000001,0.409432,-1.035048,-42.945,132.685,-56.4725
5582,679003,0.450912,0.5063,-0.873276,-29.4525,110.215,-51.4675
5583,679099,0.5382640000000001,-0.132736,-0.8215481,-6.58,109.235,-58.905
5584,679195,2.814296,-1.6328479999999999,-1.56892,-32.5325,99.5925,-61.11
5585,679291,0.6832,0.35087199999999996,-0.6897880999999999,-73.08,42.455,-41.6325
5586,679388,0.9706319999999999,0.683932,-1.322236,-57.6975,25.9875,-31.9025
5587,679484,0.508984,-0.800808,-0.659044,-27.79,5.1975,-25.515
5588,679580,0.499712,-0.127368,-0.9025559999999999,-25.6025,11.865,-17.7275
5589,679676,0.638304,-0.125416,-0.86498,-23.065,15.33,-20.51
5590,679773,0.7366361,-0.143716,-0.8579041,-13.23,14.0175,-18.9175
5591,679869,0.621468,-0.044652,-0.8569280999999999,-6.58,13.4575,-13.9825
5592,679965,0.665632,-0.164944,-0.805932,0.35,12.4775,-10.395
5593,680061,0.6080479999999999,-0.084912,-0.8203280000000001,3.0975,11.9,-8.54
5594,680157,0.6007279999999999,-0.13078399999999998,-0.8103239999999999,5.985,12.0225,-7.665
5595,680254,0.608536,-0.121024,-0.8115439999999999,7.6125,13.1775,-7.07
5596,680350,0.633424,-0.043188,-0.7239479999999999,14.175,15.2425,-3.9725
5597,680446,0.5694961,-0.046116000000000004,-0.8127641,13.825,16.9925,-0.2625
5598,680542,0.613416,-0.15494000000000002,-0.7991,14.385,18.5675,0.4025
5599,680639,0.633424,-0.10638399999999999,-0.7771399999999999,14.2975,19.95,-0.035
5600,680735,0.633424,-0.139568,-0.769088,14.42,19.425,-0.8400001
5601,680831,0.6222,-0.17397200000000002,-0.762988,13.4225,17.7275,-2.625
5602,680927,0.631228,-0.159576,-0.7700640999999999,12.565,16.03,-5.635
5603,681023,0.615368,-0.11736400000000001,-0.7890961,12.6875,15.33,-7.1225
5604,681120,0.59292,-0.149328,-0.787144,13.8075,16.8875,-6.58
5605,681216,0.5838920999999999,-0.10858,-0.7937320999999999,13.8775,19.4075,-7.1925
5606,681312,0.6058520000000001,-0.165188,-0.7812880999999999,15.8025,21.525,-9.0825
5607,681408,0.639768,-0.15396400000000002,-0.769332,17.4825,23.625,-11.6375
5608,681505,0.63562,-0.095648,-0.768844,16.275,25.1125,-12.3725
5609,681601,0.5575399999999999,-0.22106399999999998,-0.7564001,14.8575,26.8625,-10.9025
5610,681697,0.673196,-0.12053599999999999,-0.7722600000000001,7.07,33.075,-10.08
5611,681793,0.61366,-0.14152,-0.75762,7.8925,36.2075,-9.1175
5612,681889,0.630008,-0.135908,-0.756888,8.715,40.67,-9.555
5613,681986,0.630008,-0.130296,-0.7617681,10.0275,44.0825,-10.15
5614,682082,0.638304,-0.121512,-0.7422481,11.7075,48.4575,-10.1675
5615,682178,0.6480640000000001,-0.09979600000000001,-0.72956,13.9825,52.43,-9.6775
5616,682274,0.6600201,-0.098088,-0.7195560000000001,16.2225,55.93,-8.225
5617,682371,0.659532,-0.10687200000000001,-0.71004,17.0625,59.535,-5.215
5618,682467,0.672708,-0.105652,-0.7056479999999999,17.6575,63.105,-1.995
5619,682563,0.6736840000000001,-0.126148,-0.704916,19.25,66.1325,-0.315
5620,682659,0.6646561,-0.188612,-0.6944241,20.3,68.5125,-0.63
5621,682755,0.6785640000000001,-0.189588,-0.6912520000000001,20.1775,71.2775,-2.8175
5622,682852,0.671732,-0.199348,-0.69418,21.07,74.9875,-6.125
5623,682948,0.681248,-0.23911999999999997,-0.6709999999999999,22.5575,80.0975,-11.1475
5624,683044,0.671976,-0.221552,-0.692716,22.4525,87.01,-16.38
5625,683140,0.684664,-0.190076,-0.677832,21.665,94.79751,-22.0325
5626,683236,0.730536,-0.165676,-0.649284,22.9425,103.6175,-26.0225
5627,683333,0.720288,-0.181292,-0.6414761,25.6725,110.635,-27.65
5628,683429,0.738344,-0.122244,-0.65758,22.995,116.48,-28.035
5629,683525,0.72346,-0.069052,-0.6539201,17.6925,123.725,-24.85
5630,683621,0.7068681,-0.10004,-0.695156,11.06,133.49,-21.175
5631,683718,0.645868,-0.151524,-0.677344,3.99,145.18,-17.325
5632,683814,0.621468,-0.229848,-0.677832,4.095,166.4425,-14.56
5633,683910,0.720776,-0.242292,-0.764696,4.655,195.3,-14.525
5634,684006,0.61732,-0.27084,-0.61488,-2.3975,215.74,-24.22
5635,684102,0.989176,-0.271816,-0.775676,-13.44,253.1375,-43.54
5636,684199,1.067256,-0.30012,-0.59658,-15.61,295.1725,-58.6075
5637,684295,0.86498,-0.173728,-0.461404,-17.29,369.285,-50.785
5638,684391,1.128012,-0.15006,-0.780556,-0.2625,461.8425,-39.2525
5639,684487,1.337364,-0.135908,-0.9618481,43.75,504.595,-23.52
5640,684583,1.99348,-0.265228,-0.690032,113.19,534.0475,-13.8425
5641,684680,1.7458200000000001,-0.25498000000000004,-1.331752,124.04,570.9724,-26.7575
5642,684776,2.053016,-0.41553199999999996,-1.8099919999999998,147.4375,557.83,-40.5825
5643,684872,3.168096,-0.814472,-1.9312599999999998,175.805,493.7975,-64.6625
5644,684968,3.924496,-0.809348,-2.0557,268.17,492.6775,-49.6125
5645,685065,2.56566,-0.6563601,-2.569076,317.7125,510.8425,-12.6
5646,685161,1.711904,-1.57746,-2.70718,271.6525,383.2675,-17.045
5647,685257,4.2016800000000005,-2.6947360000000002,-3.2983919999999998,180.25,158.165,-46.4625
5648,685353,2.537112,-2.012268,-3.5587400000000002,35.56,-45.0975,-29.2775
5649,685449,0.5038600000000001,-1.123132,-1.727032,-55.965,-226.695,-22.155
5650,685546,0.148596,-0.503616,-1.39568,-75.4775,-248.36,-19.8625
5651,685642,-0.008296000999999999,-0.156404,-0.999668,-50.155,-246.225,-18.2
5652,685738,0.21374400000000002,-0.225456,-0.9906401,-2.2225,-236.8625,-3.5875
5653,685834,0.5453399999999999,-0.439932,-1.045784,34.1075,-241.675,16.17
5654,685930,0.7686,-0.61732,-1.072624,41.755,-265.2475,32.55
5655,686027,0.8552200000000001,-0.628544,-1.011624,24.36,-297.255,44.1525
5656,686123,0.8076399999999999,-0.500444,-0.84546,-2.415,-329.1925,52.9375
5657,686219,0.760304,-0.40626,-0.7168720000000001,-21.5425,-352.0825,60.8125
5658,686315,0.75884,-0.31842,-0.5941401,-33.075,-364.8925,67.165
5659,686411,0.7056479999999999,-0.228384,-0.46433199999999997,-40.6525,-372.2425,72.3625
5660,686508,0.6973520000000001,-0.167384,-0.406992,-40.7575,-371.9975,77.0175
5661,686604,0.749324,-0.143716,-0.42016800000000004,-36.82,-365.8375,80.7625
5662,686700,0.859368,-0.12053599999999999,-0.491904,-30.9575,-358.295,84.6825
5663,686796,0.9845401,-0.11224,-0.579256,-23.9225,-353.605,87.67501
5664,686892,1.104344,-0.090768,-0.647576,-15.505,-352.3975,88.02501
5665,686989,1.225368,-0.085156,-0.6993041,-5.3375,-354.7075,84.4375
5666,687085,1.284416,-0.087352,-0.69418,6.895,-358.575,78.1725
5667,687181,1.295396,-0.110776,-0.692228,18.27,-359.485,71.3125
5668,687277,1.3200399999999999,-0.1647,-0.743468,28.7875,-355.67,67.0425
5669,687373,1.365424,-0.216428,-0.8042239999999999,35.7,-348.8625,64.4525
5670,687470,1.3527360000000002,-0.28548,-0.8510719999999999,37.0475,-340.095,62.7025
5671,687566,1.393972,-0.325496,-0.937448,34.9125,-327.7225,59.7275
5672,687662,1.599176,-0.357216,-1.1070280000000001,37.135,-311.92,57.645
5673,687758,1.969568,-0.43944399999999995,-1.2900280000000002,48.44,-299.5475,60.34
5674,687855,2.3799759999999996,-0.6973520000000001,-1.408124,61.775,-297.255,69.02
5675,687951,2.7176720000000003,-0.913048,-1.386896,61.67,-305.935,81.4975
5676,688047,2.866756,-0.6756361,-1.2139,44.6775,-318.57,100.7475
5677,688143,2.795264,-0.75762,-0.681248,30.5025,-325.395,131.2675
5678,688239,2.599576,-0.353312,-0.14884,1.575,-313.1275,152.4425
5679,688336,2.808684,-0.01952,-0.052948,-20.3525,-295.0675,172.025
5680,688432,2.75964,-0.028792,0.42431599999999997,-21.84,-277.305,194.18
5681,688528,2.3746080000000003,0.188368,1.294908,-30.555,-244.5275,193.9525
5682,688624,2.455616,0.8459479999999999,1.6704240000000001,-35.14,-191.24,158.55
5683,688720,3.043656,1.4518,1.75558,0.8925,-135.38,106.89
5684,688817,3.182004,1.1716879999999998,1.8397599999999998,70.0175,-98.875,66.0975
5685,688913,2.712304,0.548756,1.8988080000000003,94.44751,-67.025,29.5925
5686,689009,1.9827439999999998,-0.067588,2.202344,41.7025,-5.705,-23.7125
5687,689105,1.4422840000000001,-0.272548,2.53272,-77.525,110.8275,-113.3125
5688,689202,2.46562,0.89792,1.8404919999999998,-192.22,219.24,-221.34
5689,689298,1.583072,1.63602,-0.478972,-188.7725,292.3725,-266.5075
5690,689394,3.4423519999999996,-0.32696,-3.827872,-18.0425,337.8375,-162.2425
5691,689490,3.5245800000000003,-0.422608,-1.564284,40.145,286.965,-61.81
5692,689587,2.43634,0.640744,-1.7809560000000002,-14.735,221.34,-49.14
5693,689683,0.9520881,0.6514800000000001,-1.118008,2.065,169.89,-42.245
5694,689779,-0.106628,0.080276,-0.39479200000000003,12.81,141.8725,-67.83
5695,689875,0.354044,-0.424072,-0.273524,34.0025,153.8075,-77.1225
5696,689972,3.7517440000000004,-3.59534,-1.631872,-1.75,166.74,-66.6225
5697,690068,1.175592,0.695156,-0.9691681000000001,-134.2775,85.645,-60.9
5698,690164,0.9179280000000001,0.8020281,-1.310036,-113.4875,62.7375,-66.46500999999999
5699,690260,1.131672,-0.47336000000000006,-0.877912,-67.7425,44.3975,-47.2675
5700,690356,0.392596,-0.195932,-0.9911281,-57.575,29.61,-31.5
5701,690453,0.9779521000000001,-0.232776,-0.992592,-50.995,32.795,-29.8375
5702,690549,0.6036560999999999,-0.084912,-0.8727879999999999,-31.5875,20.475,-25.095
5703,690645,0.7378560000000001,-0.023912,-0.892064,-19.5125,17.4125,-19.2675
5704,690741,0.6451359999999999,-0.171532,-0.8337481,-8.715,16.7475,-13.7725
5705,690837,0.616344,-0.086864,-0.8532681000000001,-3.4125,15.085,-11.2525
5706,690934,0.6307401,-0.15006,-0.826428,1.12,16.0825,-9.905
5707,691030,0.6029241,-0.093696,-0.8203280000000001,3.5,17.5,-9.3275
5708,691126,0.616344,-0.12566,-0.7922680000000001,4.235,18.095,-10.3425
5709,691222,0.625372,-0.10418800000000002,-0.7834840000000001,3.185,18.1825,-11.2175
5710,691319,0.616588,-0.144448,-0.771772,2.8175,18.1475,-11.165
5711,691415,0.6036560999999999,-0.108824,-0.796416,1.75,18.865,-10.5525
5712,691511,0.57218,-0.242292,-0.787388,2.625,20.825,-9.6775
5713,691607,0.5941401,-0.21862399999999999,-0.800564,2.8525,23.87,-11.69
5714,691703,0.6265921,-0.160552,-0.783972,4.27,26.4075,-13.9475
5715,691800,0.646844,-0.15420799999999998,-0.769332,9.8175,25.585,-15.5925
5716,691896,0.636108,-0.22472399999999998,-0.749324,15.1375,25.025,-18.3225
5717,691992,0.6182960999999999,-0.057828,-0.815936,8.89,29.575,-17.815
5718,692088,0.6283,-0.08052000000000001,-0.7661600000000001,6.1775,37.38,-12.9325
5719,692184,0.649528,-0.043188,-0.7564001,7.245,42.7175,-8.2775
5720,692281,0.64294,-0.07637200000000001,-0.746396,9.555,46.6725,-5.04
5721,692377,0.647332,-0.09711201,-0.739564,11.06,50.0325,-2.695
5722,692473,0.671244,-0.137372,-0.714432,12.2325,52.6225,-1.435
5723,692569,0.672708,-0.157136,-0.700036,12.0575,53.27,-1.925
5724,692666,0.6756361,-0.194712,-0.683932,12.04,52.675,-3.9025
5725,692762,0.68686,-0.165432,-0.66856,11.2875,52.1675,-6.44
5726,692858,0.710284,-0.142984,-0.6517241,11.34,51.1525,-8.12
5727,692954,0.718092,-0.139568,-0.6539201,12.2325,49.9975,-8.0325
5728,693050,0.715408,-0.135664,-0.654896,12.635,48.0025,-8.2075
5729,693147,0.69906,-0.14518,-0.659532,13.3875,45.9025,-8.365
5730,693243,0.687348,-0.125416,-0.68198,13.685,46.1825,-7.9975
5731,693339,0.69052,-0.159576,-0.698328,14.245,47.74,-8.435
5732,693435,0.676124,-0.170312,-0.7041841,14.98,51.66,-9.4325
5733,693532,0.6980841,-0.17836400000000002,-0.694912,16.5025,57.9775,-11.3575
5734,693628,0.681492,-0.171044,-0.6878361,17.6225,64.7325,-13.58
5735,693724,0.7137001000000001,-0.136152,-0.6958880000000001,18.0425,72.66,-15.1375
5736,693820,0.697596,-0.107116,-0.692228,17.5,80.90250999999999,-14.595
5737,693916,0.70638,-0.0732,-0.7034521,16.695,90.35251,-11.55
5738,694013,0.7027201,-0.104432,-0.7034521,16.03,101.115,-6.405
5739,694109,0.7027201,-0.132248,-0.705892,15.4,112.21,-3.92
5740,694205,0.7017439999999999,-0.13859200000000002,-0.677588,13.7375,125.72,-4.0425
5741,694301,0.6414761,-0.17446,-0.684176,8.82,140.8225,-6.1075
5742,694397,0.609268,-0.24326799999999998,-0.670024,4.9,159.3025,-8.6975
5743,694494,0.609268,-0.306464,-0.614392,5.6175,187.8975,-9.5025
5744,694590,0.510936,-0.272304,-0.725412,4.235,218.8725,-14.1575
5745,694686,0.9577,-0.477996,-0.6851520999999999,-14.175,241.3775,-36.9075
5746,694782,0.596336,-0.316224,-0.659532,-23.975,290.325,-62.2475
5747,694879,1.471076,-0.25254,-0.768112,-39.1125,347.095,-67.27
5748,694975,0.788608,-0.12712400000000001,-0.8103239999999999,-31.4475,429.8525,-54.04
5749,695071,1.321748,-0.200812,-1.310036,-24.6575,496.4925,-41.8775
5750,695167,1.7763200000000001,-0.332084,-0.85156,21.2275,516.7575,-38.64
5751,695263,1.800232,-0.46945600000000004,-1.1350879999999999,41.16,556.605,-56.2975
5752,695360,2.616168,-0.661728,-2.0112919999999996,37.275,569.6775,-80.43
5753,695456,2.374364,-0.59292,-1.59332,62.055,523.9675,-101.255
5754,695552,4.116524,-0.81252,-1.6326040000000002,121.5025,504.63,-106.0675
5755,695648,3.4255160000000004,-0.790072,-2.328492,202.9475,544.215,-52.5525
5756,695744,2.698152,-1.117276,-2.81698,212.275,485.3975,-33.1975
5757,695841,2.4273119999999997,-2.047648,-2.140124,146.895,281.9425,-60.9
5758,695937,4.202412000000001,-2.073512,-4.344664,50.96,81.39251,-62.3525
5759,696033,1.109956,-1.366156,-2.134512,-25.7425,-127.8725,-43.96
5760,696129,0.304268,-0.7483479999999999,-1.657736,-67.585,-212.695,-48.8075
5761,696225,0.017568,-0.21447600000000003,-1.247816,-62.125,-214.4975,-63.9625
5762,696322,0.130296,-0.099552,-1.108248,-17.3075,-216.055,-67.76
5763,696418,0.41577600000000003,-0.29158,-1.1324040000000002,39.585,-221.55,-53.8125
5764,696514,0.595604,-0.609024,-1.101416,76.79,-246.19,-33.67
5765,696610,0.725168,-0.8569280999999999,-1.01016,80.85,-277.48,-17.0975
5766,696707,0.792756,-0.9108521,-0.8940161,57.785,-309.855,-5.81
5767,696803,0.768356,-0.788852,-0.769332,25.97,-338.6075,3.6575
5768,696899,0.737124,-0.629764,-0.6068279999999999,4.165,-359.2225,14.175
5769,696995,0.744688,-0.50752,-0.536068,-2.31,-370.79,27.0725
5770,697091,0.8549761,-0.447496,-0.512644,3.045,-376.775,42.805
5771,697188,0.921832,-0.437004,-0.496784,11.83,-382.8825,59.99
5772,697284,0.9823440999999999,-0.42065600000000003,-0.488,19.3375,-387.835,75.95
5773,697380,1.0145520000000001,-0.38308000000000003,-0.46603999999999995,23.52,-390.355,88.9875
5774,697476,1.026996,-0.320128,-0.44237200000000004,26.88,-389.3925,98.2625
5775,697572,1.063352,-0.235948,-0.424804,33.5125,-383.6875,103.9325
5776,697669,1.136064,-0.20252,-0.429196,45.2725,-373.9575,107.5725
5777,697765,1.254892,-0.275476,-0.4331,60.41,-362.18,110.74
5778,697861,1.3664,-0.33428,-0.504836,70.8225,-349.125,114.24
5779,697957,1.431792,-0.52094,-0.557052,75.005,-336.56,118.265
5780,698054,1.4574120000000002,-0.652944,-0.626104,62.3175,-324.485,122.3425
5781,698150,1.4598520000000001,-0.696376,-0.7712840999999999,37.555,-310.7125,126.595
5782,698246,1.59942,-0.6231760999999999,-1.007476,13.0725,-296.1,131.4775
5783,698342,1.952732,-0.509228,-1.323212,2.3975,-286.93,139.8425
5784,698438,2.292868,-0.43554,-1.5013319999999999,10.99,-291.7425,154.9975
5785,698535,2.459764,-0.47946000000000005,-1.5159719999999999,28.665,-309.1025,174.055
5786,698631,2.480016,-0.67588,-1.4125159999999999,39.6025,-327.6875,189.105
5787,698727,2.513932,-0.75884,-1.262456,31.6925,-339.15,194.46
5788,698823,2.578836,-0.339404,-1.131672,9.17,-341.4075,197.9425
5789,698919,2.739144,-0.02074,-0.9730721,3.4825,-333.1825,212.695
5790,699016,2.818444,0.188124,-0.45993999999999996,17.7275,-321.51,225.995
5791,699112,2.6901,0.5219159999999999,0.42602399999999996,29.9425,-296.52,224.735
5792,699208,2.767936,0.702964,1.456436,43.4175,-246.8725,203.28
5793,699304,3.368176,1.0145520000000001,2.095228,49.0,-185.8325,149.3975
5794,699401,3.8554440000000003,1.6853080000000003,2.3241,62.86,-135.485,81.83001
5795,699497,3.507744,1.37616,2.4095,106.855,-96.3725,41.7375
5796,699593,2.761592,0.268644,2.274812,106.82,-48.8075,9.9575
5797,699689,2.6349560000000003,0.19983599999999999,1.42496,18.4625,10.01,-47.9675
5798,699785,2.6766799999999997,0.636352,0.5692520000000001,-65.31,52.6925,-103.565
5799,699882,2.080588,-1.286612,1.14192,-88.13,98.1225,-140.6125
5800,699978,-0.9911281,0.245952,1.1070280000000001,-228.655,202.0725,-222.53
5801,700074,0.6917399999999999,1.245376,-2.99022,-226.275,314.79,-242.655
5802,700170,2.2762759999999997,0.553636,-1.2785600000000001,-16.17,330.4,-88.8825
5803,700267,4.227544,1.193648,-2.300188,27.58,336.49,-44.17
5804,700363,3.604368,0.7895840999999999,-2.152812,-5.985,263.4625,-71.6275
5805,700459,1.291004,0.311832,-1.238544,-11.13,163.6075,-79.7125
5806,700555,0.040748,-0.26961999999999997,-0.5058121,2.73,142.6425,-79.66001
5807,700651,1.628456,-1.962248,-1.7080000000000002,27.335,168.42,-55.5625
5808,700748,2.360456,-1.304424,-0.690764,-58.555,135.94,-51.1
5809,700844,0.8044680999999999,0.75762,-1.242204,-104.93,78.41751,-46.0075
5810,700940,1.111664,-0.321592,-1.011868,-69.16,64.0325,-42.9625
5811,701036,0.61488,-0.542412,-0.753472,-63.84,45.045,-40.0225
5812,701133,0.9152440000000001,0.08784,-1.081652,-69.80751,40.0575,-34.1075
5813,701229,0.5799880000000001,-0.42212,-0.787632,-54.53,26.5125,-33.46
5814,701325,0.6673399999999999,-0.180072,-0.9455,-47.4075,26.25,-28.455
5815,701421,0.789828,0.031964,-0.9633120999999999,-37.8,23.45,-24.7275
5816,701517,0.57462,-0.198372,-0.8613200000000001,-18.305,17.8325,-17.08
5817,701614,0.643428,-0.09711201,-0.841556,-9.8,18.6025,-13.1075
5818,701710,0.625372,-0.07490801,-0.850096,-2.9575,17.605,-10.045
5819,701806,0.6058520000000001,-0.12468399999999999,-0.828868,3.2375,17.325,-6.93
5820,701902,0.6563601,-0.096624,-0.813496,6.02,18.375,-5.4075
5821,701999,0.619028,-0.11224,-0.792024,9.45,18.1125,-4.0425
5822,702095,0.6344,-0.105652,-0.783972,11.9525,17.8675,-2.31
5823,702191,0.61488,-0.1037,-0.7854361,14.42,18.1825,0.21
5824,702287,0.60634,-0.10760399999999999,-0.8039801,17.045,20.02,3.3775
5825,702383,0.591212,-0.1952,-0.791048,20.44,22.5225,5.4075
5826,702480,0.57462,-0.170068,-0.7929999999999999,20.755,26.0925,5.3725
5827,702576,0.607804,-0.237656,-0.7600600000000001,20.2825,29.7325,4.935
5828,702672,0.644892,-0.191296,-0.743712,18.8475,31.0975,3.29
5829,702768,0.6326921,-0.09028,-0.7761640999999999,19.285,31.1675,2.59
5830,702865,0.6131721,-0.205936,-0.748592,25.725,31.2025,3.0275
5831,702961,0.6222,-0.185684,-0.7478600000000001,27.5975,33.075,2.1
5832,703057,0.5887720000000001,-0.288408,-0.706136,24.64,35.6125,1.575
5833,703153,0.640012,-0.15982000000000002,-0.741028,14.7525,40.67,0.21
5834,703249,0.6007279999999999,-0.28304,-0.699792,12.4075,42.5425,-1.9075
5835,703346,0.630008,-0.233264,-0.721508,6.5625,43.61,-7.1925
5836,703442,0.657824,-0.26156799999999997,-0.7005239999999999,3.43,43.8025,-13.1075
5837,703538,0.668316,-0.241804,-0.6944241,2.835,42.7525,-18.2875
5838,703634,0.693204,-0.193736,-0.688812,3.0975,40.5825,-22.575
5839,703731,0.7044279999999999,-0.179096,-0.6729520999999999,4.2875,37.9925,-24.5875
5840,703827,0.7078439999999999,-0.162504,-0.67588,5.215,35.7175,-24.85
5841,703923,0.690764,-0.194468,-0.669048,5.8625,33.74,-24.465
5842,704019,0.6695361,-0.175924,-0.7044279999999999,5.7925,33.7225,-23.73
5843,704116,0.661972,-0.22326,-0.7200439999999999,7.28,35.665,-24.2725
5844,704212,0.626836,-0.22691999999999998,-0.7139439999999999,9.1525,40.1975,-25.655
5845,704308,0.655628,-0.168604,-0.726388,9.625,47.495,-28.455
5846,704404,0.6600201,-0.136884,-0.711992,11.0775,56.5775,-28.315
5847,704500,0.670512,-0.12029200000000001,-0.729804,11.585,67.305,-23.9575
5848,704597,0.670268,-0.15494000000000002,-0.734928,10.5875,79.3975,-19.0925
5849,704693,0.6673399999999999,-0.128832,-0.7483479999999999,9.38,93.45,-16.1525
5850,704789,0.661972,-0.10418800000000002,-0.757376,9.275,108.3075,-14.2625
5851,704885,0.6834439999999999,-0.1037,-0.7605481,10.8675,123.6025,-10.85
5852,704981,0.639768,-0.123708,-0.752008,10.8325,139.4925,-9.0125
5853,705078,0.60878,-0.160308,-0.775676,9.3975,159.74,-9.45
5854,705174,0.520452,-0.26156799999999997,-0.751276,4.5675,181.7025,-14.2625
5855,705270,0.477264,-0.32574000000000003,-0.6980841,7.0,210.6125,-18.795
5856,705366,0.6168319999999999,-0.27571999999999997,-0.8884040000000001,5.8625,250.32,-23.3275
5857,705462,0.9093880999999999,-0.543876,-0.721264,-12.8625,275.7125,-43.8025
5858,705559,0.5897479999999999,-0.42333999999999994,-0.6224441,-25.6025,333.83,-71.75
5859,705655,1.365424,-0.320616,-0.628788,-42.98,406.8225,-87.08
5860,705751,1.068476,-0.192028,-1.202676,-42.9975,504.07,-86.73
5861,705847,1.8165799999999999,-0.107848,-1.369328,0.4025,562.1175,-77.8925
5862,705944,1.9944560000000002,-0.452376,-1.27124,82.2675,572.3375,-68.6
5863,706040,2.5683439999999997,-0.885964,-2.053748,105.5075,573.1775,-87.64
5864,706136,2.522472,-0.7551800000000001,-2.130364,116.0775,549.4825,-119.6125
5865,706232,4.286104,-0.9613601,-1.565748,168.3675,522.725,-122.395
5866,706328,2.757932,-0.638792,-2.36558,242.6025,557.5325,-68.8275
5867,706425,2.5329639999999998,-1.146312,-2.954352,247.31,482.5625,-50.05
5868,706521,2.91214,-2.787212,-2.52662,195.7025,274.2075,-64.1025
5869,706617,4.023316,-2.662528,-4.611112,47.5125,69.3,-45.22
5870,706713,0.983808,-1.5969799999999998,-2.28262,-62.8075,-156.0125,-18.5675
5871,706810,0.111508,-0.7661600000000001,-1.7355720000000001,-112.6475,-233.5725,-8.785
5872,706906,-0.21667199999999998,-0.136884,-1.241716,-97.8425,-236.285,-9.2575
5873,707002,-0.043432,-0.004636001,-1.116056,-38.29,-228.1475,-2.1
5874,707098,0.327204,-0.236192,-1.13826,27.0725,-228.2875,16.24
5875,707194,0.6375721,-0.5736441,-1.16998,64.1725,-248.675,33.355
5876,707291,0.79422,-0.8020281,-1.126792,61.8275,-283.6925,42.7
5877,707387,0.849608,-0.7861680999999999,-0.9882001,31.6925,-321.16,44.625
5878,707483,0.8525360000000001,-0.596092,-0.826672,-0.8925,-352.7475,43.9075
5879,707579,0.8342360000000001,-0.41553199999999996,-0.686128,-16.4675,-376.355,45.815
5880,707676,0.827892,-0.29597199999999996,-0.5694961,-13.93,-389.6725,51.94
5881,707772,0.8357,-0.2257,-0.494588,-0.5075,-396.3925,60.1825
5882,707868,0.894748,-0.277428,-0.499468,16.5025,-397.2325,69.265
5883,707964,0.9979600000000001,-0.324764,-0.5397281,28.1225,-395.78,75.8975
5884,708060,1.090436,-0.338428,-0.583404,33.2675,-395.6925,80.535
5885,708157,1.13704,-0.28987199999999996,-0.606584,36.5575,-395.535,84.10501
5886,708253,1.192428,-0.2562,-0.6222,44.1875,-393.2775,87.15
5887,708349,1.22976,-0.23521599999999998,-0.619272,55.3875,-387.9225,90.72001
5888,708445,1.373476,-0.31964000000000004,-0.6634359999999999,68.6875,-379.9425,96.0575
5889,708541,1.450336,-0.518744,-0.7232161,82.95,-370.335,106.1025
5890,708638,1.542812,-0.71858,-0.8437520000000001,83.3525,-358.295,118.09
5891,708734,1.74338,-0.805932,-1.005524,69.6325,-345.275,132.2125
5892,708830,1.9549279999999998,-0.863516,-1.131672,49.35,-335.4925,148.61
5893,708926,2.211128,-0.9167081,-1.2280520000000001,29.505,-329.7,165.445
5894,709023,2.459032,-0.935984,-1.2561120000000001,10.2725,-328.5275,181.8075
5895,709119,2.635932,-0.9049959999999999,-1.211948,-7.5425,-330.12,198.3275
5896,709215,2.751588,-0.8166680000000001,-1.041636,-21.455,-330.9425,216.09
5897,709311,2.8313759999999997,-0.401136,-0.9598959999999999,-31.7975,-324.905,238.0875
5898,709407,3.004372,-0.36136399999999996,-0.7166279999999999,-25.0075,-312.9875,264.1625
5899,709504,3.073912,-0.36966,-0.275964,-23.66,-299.4775,276.0975
5900,709600,3.04146,-0.162504,0.403332,-42.6475,-277.69,267.4175
5901,709696,2.970456,0.38308000000000003,1.190232,-66.7275,-245.49,241.395
5902,709792,3.147112,1.285392,1.839272,-65.94,-202.65,200.2175
5903,709888,3.22324,1.825852,2.17282,-10.01,-155.4875,150.0975
5904,709985,3.081232,1.390068,2.2945759999999997,69.2125,-104.3875,100.8525
5905,710081,2.579812,0.459696,2.08376,82.18,-45.745,39.3575
5906,710177,2.509052,0.269376,1.484008,14.0175,14.385,-43.3125
5907,710273,2.660332,0.48312,0.6158561,-54.845,57.75,-113.575
5908,710370,2.5283279999999997,0.4514,0.06880801,-60.3575,70.6825,-146.16
5909,710466,1.2561120000000001,-1.0582280000000002,0.459208,-25.7425,70.315,-153.7725
5910,710562,-2.2113720000000003,-1.220732,1.137284,-125.055,156.0125,-185.2375
5911,710658,-0.37698000000000004,1.517436,-1.618452,-218.435,265.615,-227.5175
5912,710754,0.818376,0.6985720999999999,-1.666764,-40.7925,342.195,-112.28
5913,710851,4.156784,0.015372,-1.5542799999999999,107.59,383.2325,-7.665
5914,710947,4.201436,1.029192,-2.7547599999999997,13.0025,324.1,-26.6175
5915,711043,2.213324,0.9291520000000001,-1.503528,18.41,211.155,-53.2875
5916,711139,0.554856,0.176656,-0.8964561,14.2975,159.6,-88.02501
5917,711235,0.252784,-0.618784,-0.5463161,39.3575,157.9025,-73.0625
5918,711332,3.188592,-3.347436,-1.133868,9.59,168.0175,-58.5725
5919,711428,1.015528,0.30792800000000004,-0.9352520000000001,-113.68,95.6025,-50.995
5920,711524,1.0889719999999998,0.398208,-1.26758,-105.6475,78.41751,-60.165
5921,711620,0.9179280000000001,-0.828624,-0.756644,-76.2825,53.5325,-58.3625
5922,711716,0.77104,0.04148,-1.081408,-83.9125,40.53,-48.895
5923,711813,0.7056479999999999,-0.389424,-0.822768,-76.3875,30.31,-47.04
5924,711909,0.8701040000000001,-0.10931199999999999,-1.043588,-63.5075,24.115,-40.915
5925,712005,0.652212,-0.08784,-0.870592,-48.825,16.9925,-33.18
5926,712101,0.652212,-0.1342,-0.889868,-30.1175,11.445,-25.2175
5927,712198,0.6080479999999999,-0.05002,-0.869128,-20.895,12.4775,-21.5775
5928,712294,0.6663640000000001,-0.03294,-0.8396040000000001,-14.77,11.3225,-18.97
5929,712390,0.62342,-0.07002799999999999,-0.835456,-9.275,11.27,-15.4
5930,712486,0.5980439999999999,-0.10223600000000001,-0.826672,-5.46,12.4775,-13.0375
5931,712582,0.6080479999999999,-0.10492,-0.8147161,-2.345,13.9125,-11.585
5932,712679,0.623908,-0.094916,-0.7951961,0.945,14.7175,-10.0975
5933,712775,0.6317159999999999,-0.09320801,-0.777384,3.745,15.0325,-7.84
5934,712871,0.616588,-0.080276,-0.786656,6.3525,14.84,-5.18
5935,712967,0.5892601,-0.094672,-0.8049561,9.0125,15.645,-2.8
5936,713063,0.5587601,-0.20447200000000001,-0.7937320999999999,11.3575,17.78,-1.89
5937,713160,0.570472,-0.193736,-0.7812880999999999,10.535,20.58,-4.8125
5938,713256,0.6168319999999999,-0.13054000000000002,-0.771772,8.505,23.6425,-6.755
5939,713352,0.6390359999999999,-0.160308,-0.7522521,8.925,23.5025,-7.14
5940,713448,0.63318,-0.12688,-0.761524,8.0325,22.2075,-9.1525
5941,713545,0.5607121,-0.228384,-0.7712840999999999,10.29,22.715,-10.9725
5942,713641,0.641232,-0.053436000000000004,-0.7993439999999999,3.2375,29.715,-10.85
5943,713737,0.634644,-0.16226,-0.754692,5.1975,34.2125,-9.73
5944,713833,0.6405,-0.091744,-0.7622561,7.385,36.925,-10.0275
5945,713929,0.631228,-0.131272,-0.7478600000000001,10.1675,39.41,-11.235
5946,714026,0.637084,-0.132736,-0.738344,11.34,41.8775,-12.0925
5947,714122,0.6563601,-0.11955999999999999,-0.715164,12.1625,43.8375,-12.7575
5948,714218,0.6763680000000001,-0.09418401,-0.70028,12.67,45.2025,-12.145
5949,714314,0.677588,-0.10638399999999999,-0.69418,13.9825,45.99,-9.625
5950,714410,0.6600201,-0.149816,-0.6985720999999999,15.4875,46.34,-7.6475
5951,714507,0.6439159999999999,-0.20496,-0.7198,15.47,46.34,-8.47
5952,714603,0.64904,-0.22667600000000002,-0.71126,14.385,47.355,-11.48
5953,714699,0.6453800000000001,-0.212036,-0.7256560000000001,13.1425,50.6625,-15.9425
5954,714795,0.655384,-0.182268,-0.7315119999999999,12.6175,55.825,-20.0725
5955,714891,0.638304,-0.20447200000000001,-0.7278521,13.44,62.405,-24.36
5956,714988,0.6802720999999999,-0.13078399999999998,-0.7376119999999999,14.07,71.9775,-28.0875
5957,715084,0.6673399999999999,-0.119804,-0.71004,14.9975,81.46251,-28.665
5958,715180,0.6646561,-0.121512,-0.733708,13.5275,92.9775,-27.5625
5959,715276,0.6661201,-0.11224,-0.734684,10.4475,105.3325,-25.2175
5960,715373,0.654408,-0.123464,-0.733708,7.98,119.8925,-22.8375
5961,715469,0.664168,-0.08784,-0.7300479999999999,4.97,134.9425,-21.0175
5962,715565,0.6456241,-0.082716,-0.7625,1.3825,150.64,-19.18
5963,715661,0.6097560000000001,-0.23911999999999997,-0.7381001,0.4375,169.4875,-18.3925
5964,715757,0.55388,-0.301584,-0.7503,-3.29,191.6425,-24.605
5965,715854,0.51484,-0.296704,-0.632204,-8.0675,213.0625,-36.575
5966,715950,0.576328,-0.321592,-0.8913321,-9.625,250.4425,-46.375
5967,716046,0.694912,-0.542656,-0.715408,-26.5475,277.83,-66.325
5968,716142,0.726876,-0.46726,-0.438956,-66.325,323.8725,-96.63501
5969,716238,1.541592,-0.174216,-0.9323239999999999,-76.1075,401.555,-124.145
5970,716335,1.451068,-0.179096,-1.2075559999999999,-30.8,481.74,-135.9925
5971,716431,2.004216,0.09320801,-1.222684,18.3925,525.2975,-136.535
5972,716527,2.07278,-0.547048,-1.230492,90.16001,552.58,-137.13
5973,716623,1.940532,-0.8308200000000001,-1.6443159999999999,145.11,554.2425,-142.6775
5974,716720,3.274968,-1.073844,-1.419348,131.46,516.2849,-174.86
5975,716816,3.06098,-0.4331,-1.562576,150.71,528.115,-160.5975
5976,716912,3.053416,-0.90036,-2.5175919999999996,200.4275,514.395,-127.3475
5977,717008,2.28018,-1.309304,-2.8782240000000003,173.9675,387.6075,-117.2675
5978,717104,4.02844,-2.70474,-3.401848,103.7225,185.8675,-106.295
5979,717201,2.5175919999999996,-2.219424,-3.597536,-3.3425,-19.285,-43.54
5980,717297,0.297192,-1.444236,-1.6696919999999997,-76.055,-188.3875,-1.155
5981,717393,-0.17446,-0.7256560000000001,-1.281488,-104.4575,-197.54,19.53
5982,717489,-0.174216,-0.283528,-1.041148,-87.045,-177.7475,31.9725
5983,717586,0.10736,-0.29133600000000004,-1.102392,-38.815,-164.885,51.3625
5984,717682,0.391376,-0.460672,-1.1834,1.8725,-173.9325,70.7175
5985,717778,0.5856,-0.6375721,-1.17608,14.0,-200.0425,82.25
5986,717874,0.693448,-0.664412,-1.1065399999999999,-0.9275,-233.1875,85.99501
5987,717970,0.7610359999999999,-0.5453399999999999,-1.0138200000000002,-24.535,-266.6475,86.45
5988,718067,0.800564,-0.3782,-0.8940161,-39.9,-297.15,88.16501
5989,718163,0.805932,-0.25790799999999997,-0.7625,-40.6175,-322.6825,92.85501
5990,718259,0.7951961,-0.1952,-0.646844,-30.205,-341.2325,99.2075
5991,718355,0.8244761,-0.22423600000000002,-0.599996,-16.1875,-354.235,104.3175
5992,718451,0.921832,-0.26913200000000004,-0.6021920000000001,-4.9875,-362.1275,107.5025
5993,718548,0.9906401,-0.324764,-0.6117081,0.2975,-369.705,108.92
5994,718644,1.053836,-0.348432,-0.625128,1.3125,-376.32,109.41
5995,718740,1.104832,-0.338428,-0.6314721,0.525,-381.0275,109.06
5996,718836,1.158512,-0.313296,-0.6392800000000001,2.66,-383.4425,107.905
5997,718933,1.21146,-0.331108,-0.619516,10.045,-383.1275,106.505
5998,719029,1.2749,-0.306464,-0.60878,21.3675,-378.8225,106.6625
5999,719125,1.351272,-0.42163199999999995,-0.6168319999999999,36.7325,-369.9325,109.305
6000,719221,1.46888,-0.5885281,-0.71858,45.3075,-357.84,113.9775
6001,719317,1.618208,-0.7686,-0.882548,42.8225,-346.4475,119.6475
6002,719414,1.80804,-0.883524,-1.034316,29.4875,-339.3775,126.805
6003,719510,1.9707880000000002,-0.9001161,-1.17364,11.1475,-337.085,135.9575
6004,719606,2.142564,-0.8030041,-1.274168,-1.0325,-337.47,147.2275
6005,719702,2.294088,-0.707356,-1.2939319999999999,2.1875,-340.0425,161.2975
6006,719798,2.431704,-0.696376,-1.282464,16.87,-341.7575,177.1175
6007,719895,2.56078,-0.69784,-1.164124,32.235,-340.865,191.975
6008,719991,2.648132,-0.33428,-1.032852,38.5175,-335.0725,207.305
6009,720087,2.684976,-0.21301199999999998,-0.698816,51.6075,-323.6275,227.3425
6010,720183,2.643008,-0.074664,-0.154452,59.22,-305.34,237.3525
6011,720280,2.791848,0.133712,0.472872,51.485,-271.1625,231.455
6012,720376,3.1512599999999997,0.570472,1.170224,36.505,-229.9325,206.29
6013,720472,3.3855,1.176324,1.76046,34.9825,-190.785,161.9975
6014,720568,3.3164480000000003,1.42374,2.21552,63.7875,-150.71,111.16
6015,720664,2.816736,0.9772200999999999,2.35216,91.35,-98.175,56.63
6016,720761,2.434144,0.417972,1.9183279999999998,67.515,-31.115,-11.48
6017,720857,2.490996,0.292068,1.108004,2.275,31.465,-81.2175
6018,720953,2.490996,0.337208,0.28938400000000003,-44.975,64.41751,-123.55
6019,721049,1.9717639999999999,-1.58356,0.833016,-65.7125,101.255,-149.205
6020,721145,-0.9757561,0.068564,2.6815599999999997,-243.635,207.2175,-229.425
6021,721242,0.692472,2.455372,-2.2955520000000003,-287.385,342.1775,-271.5475
6022,721338,2.63154,1.1834,-2.94386,-43.0675,383.8275,-134.3475
6023,721434,3.9613400000000003,0.5441199999999999,-1.321504,83.9825,352.835,-43.33
6024,721530,3.937184,0.5455840000000001,-2.3553319999999998,-4.7775,293.3525,-92.69751
6025,721626,2.0093400000000003,0.080276,-1.443016,-2.9575,197.5925,-95.4975
6026,721723,0.158844,-0.233264,-0.5121560000000001,-5.355,159.67,-91.385
6027,721819,2.2831080000000004,-2.741584,-1.785348,4.8125,178.0625,-69.755
6028,721915,2.030812,-0.904752,-0.43724799999999997,-98.595,139.23,-59.7975
6029,722011,1.2688,1.040416,-1.565748,-140.4025,95.13,-65.15250999999999
6030,722108,1.372012,-0.07417601,-1.24196,-93.415,62.2825,-55.37
6031,722204,0.40381999999999996,-0.4594521,-0.787876,-67.48001,35.385,-39.655
6032,722300,0.8730319999999999,-0.334524,-0.996008,-60.2,40.985,-32.9525
6033,722396,0.738344,-0.10418800000000002,-0.8420440999999999,-43.61,27.6675,-31.85
6034,722493,0.6378159999999999,-0.155428,-0.8967,-21.77,16.6775,-23.5025
6035,722589,0.757864,-0.096624,-0.84424,-10.885,17.5525,-16.87
6036,722685,0.62952,-0.226188,-0.812032,-5.7225,12.985,-15.1025
6037,722781,0.6131721,-0.07978801,-0.8493641,-6.93,13.405,-15.3125
6038,722877,0.644648,-0.15396400000000002,-0.8113001,-3.57,14.21,-13.1075
6039,722974,0.6405,-0.09223200000000001,-0.8100801,-1.4175,14.63,-11.0775
6040,723070,0.643428,-0.11126400000000002,-0.7861680999999999,1.61,14.3325,-8.8025
6041,723166,0.633424,-0.089304,-0.787876,5.075,13.51,-6.475
6042,723262,0.620492,-0.11614400000000001,-0.780312,7.35,12.915,-4.9175
6043,723358,0.6229319999999999,-0.086864,-0.7856801,7.8575,13.3,-3.5875
6044,723455,0.5980439999999999,-0.12175599999999999,-0.794708,9.905,15.015,-1.2775
6045,723551,0.5948720000000001,-0.15006,-0.7861680999999999,12.425,17.2375,-0.14
6046,723647,0.57706,-0.146644,-0.812032,14.315,20.7725,0.4375
6047,723743,0.5934081,-0.219356,-0.7795801,15.61,25.48,0.8925
6048,723840,0.61,-0.18666,-0.7734800000000001,17.0275,27.4925,-0.9625
6049,723936,0.62464,-0.168848,-0.7598161,20.65,27.335,-4.0425
6050,724032,0.6219561,-0.20008,-0.752008,26.3375,27.5975,-5.6175
6051,724128,0.548268,-0.294752,-0.7285841,23.625,30.31,-6.5275
6052,724225,0.64172,-0.10394400000000001,-0.765672,11.06,37.0825,-7.1225
6053,724321,0.644404,-0.209108,-0.71614,12.0925,38.9725,-6.4575
6054,724417,0.643672,-0.17397200000000002,-0.72224,8.61,40.4425,-7.4375
6055,724513,0.672708,-0.16958,-0.708576,6.5975,40.985,-9.205
6056,724609,0.686128,-0.17738800000000002,-0.694912,6.0375,40.915,-10.8325
6057,724706,0.6851520999999999,-0.190076,-0.687348,6.9825,39.76,-12.6875
6058,724802,0.679784,-0.192272,-0.695156,7.8225,38.22,-14.805
6059,724898,0.69052,-0.166164,-0.6790520999999999,8.2075,36.575,-16.835
6060,724994,0.699792,-0.131028,-0.669292,8.505,35.6125,-17.15
6061,725091,0.6980841,-0.12980799999999998,-0.670512,9.345,34.7725,-15.5925
6062,725187,0.6985720999999999,-0.172996,-0.672708,9.905,33.6525,-14.0875
6063,725283,0.6958880000000001,-0.185196,-0.690764,9.24,33.3375,-14.0
6064,725379,0.6517241,-0.203008,-0.7015,9.3625,34.5275,-14.7175
6065,725475,0.662948,-0.195688,-0.7139439999999999,10.15,38.4825,-15.54
6066,725572,0.670268,-0.180072,-0.7141881,11.34,44.31,-16.7825
6067,725668,0.665144,-0.158844,-0.725168,11.69,51.9225,-16.9225
6068,725764,0.671488,-0.15006,-0.720288,11.8125,61.355,-15.4525
6069,725860,0.6729520999999999,-0.132736,-0.724924,10.255,71.7675,-12.7225
6070,725957,0.6834439999999999,-0.12029200000000001,-0.7329760000000001,8.9775,83.8425,-10.115
6071,726053,0.676124,-0.120048,-0.7327321,8.89,96.5825,-7.7
6072,726149,0.684664,-0.116632,-0.7388319999999999,9.1875,109.9525,-5.8975
6073,726245,0.669048,-0.164456,-0.74298,9.555,123.375,-3.3075
6074,726342,0.6283,-0.21276799999999998,-0.733464,9.415,139.3875,-5.3375
6075,726438,0.6109760000000001,-0.22472399999999998,-0.748104,7.315,160.125,-11.6025
6076,726534,0.5724239999999999,-0.294752,-0.7105279999999999,5.32,180.4775,-18.6725
6077,726630,0.48824399999999996,-0.33379200000000003,-0.6605081,8.715,210.175,-23.1875
6078,726726,0.547292,-0.256932,-0.8752280000000001,3.185,245.91,-30.1875
6079,726823,0.8547319999999999,-0.458476,-0.820572,-13.44,269.64,-47.11
6080,726919,0.477508,-0.459696,-0.738344,-23.0825,318.955,-68.65250999999999
6081,727015,1.2609920000000001,-0.47702,-0.628788,-44.9575,383.6,-87.1325
6082,727111,1.3144280000000002,-0.293532,-1.242448,-58.17,467.46,-97.45749
6083,727207,1.8927080000000003,-0.027816000000000004,-1.087264,-40.46,520.135,-95.97
6084,727304,1.9488279999999998,-0.310368,-1.16266,40.95,547.19,-83.055
6085,727400,2.458788,-0.833992,-1.895148,82.0225,558.6175,-91.385
6086,727496,2.5527279999999997,-0.74664,-1.4032440000000002,95.375,516.705,-119.2975
6087,727592,3.5685,-0.691496,-1.96908,122.465,517.895,-127.2425
6088,727689,2.495876,-0.628788,-2.159888,179.7075,540.26,-89.1275
6089,727785,2.299212,-0.823256,-2.569808,177.9925,465.78,-76.65
6090,727881,2.518812,-1.601372,-2.47416,159.4075,298.4625,-84.385
6091,727977,4.269512000000001,-2.0220279999999997,-4.4098120000000005,79.0125,98.455,-68.775
6092,728073,1.310768,-1.4156879999999998,-2.33996,6.3175,-126.63,-46.025
6093,728170,0.2257,-0.906948,-1.58722,-44.485,-223.685,-40.215
6094,728266,-0.173484,-0.431148,-1.09922,-52.9725,-226.275,-42.0525
6095,728362,-0.1586,-0.25376,-0.9120720999999999,-28.49,-213.8675,-38.605
6096,728458,0.140544,-0.4023561,-0.9484280999999999,8.5925,-204.4875,-22.505
6097,728554,0.418216,-0.590724,-0.9928360999999999,33.6175,-214.095,-4.025
6098,728651,0.5726680000000001,-0.776408,-0.9867360999999999,35.3325,-237.1775,10.3775
6099,728747,0.68686,-0.7754321,-0.9372040999999999,17.675,-265.0375,20.265
6100,728843,0.7625,-0.6795401,-0.8476561,-3.395,-293.265,29.785
6101,728939,0.778116,-0.548268,-0.7503,-16.2925,-319.27,41.4925
6102,729036,0.77836,-0.42895200000000006,-0.644648,-18.27,-339.6925,55.125
6103,729132,0.76494,-0.355508,-0.543388,-12.0575,-353.605,68.915
6104,729228,0.7622561,-0.329888,-0.4819,-2.3975,-361.3925,80.92
6105,729324,0.797636,-0.329156,-0.47946000000000005,5.5825,-363.23,90.00251
6106,729420,0.904508,-0.309148,-0.5206960999999999,10.1325,-361.795,95.935
6107,729517,1.013332,-0.264252,-0.5826720000000001,14.1925,-361.445,100.205
6108,729613,1.098976,-0.21886799999999998,-0.627812,21.385,-362.32,103.215
6109,729709,1.17486,-0.181292,-0.642452,32.3225,-362.39,104.44
6110,729805,1.239032,-0.183,-0.620004,46.1475,-361.1475,103.5825
6111,729902,1.316136,-0.277672,-0.599264,60.305,-357.8225,101.64
6112,729998,1.356152,-0.43163599999999996,-0.593896,67.865,-349.7375,99.61
6113,730094,1.438868,-0.587064,-0.674172,64.0675,-337.575,99.68
6114,730190,1.494988,-0.6958880000000001,-0.8003201,49.385,-324.7475,102.9525
6115,730286,1.6682279999999998,-0.729072,-1.0248,29.0675,-311.5,109.4625
6116,730383,1.973228,-0.6463561,-1.267092,15.3475,-302.3475,121.0125
6117,730479,2.2709080000000004,-0.5697399999999999,-1.3949479999999999,17.9725,-303.8175,139.58
6118,730575,2.465864,-0.639768,-1.4039760000000001,31.7975,-313.355,161.6475
6119,730671,2.57908,-0.757376,-1.313696,42.07,-324.03,180.355
6120,730768,2.6232439999999997,-0.747128,-1.11386,37.0475,-331.415,193.4975
6121,730864,2.542236,-0.18666,-0.9259799999999999,23.0825,-329.6825,207.0075
6122,730960,2.617388,0.107848,-0.6075600999999999,20.8425,-308.2625,224.3675
6123,731056,2.85358,0.515084,-0.396988,30.2225,-289.9225,234.0625
6124,731153,2.9136040000000003,0.46506400000000003,0.166408,53.655,-269.43,243.46
6125,731249,2.9136040000000003,0.42822,1.098488,49.735,-244.195,223.7375
6126,731345,2.967772,0.9206120000000001,1.8470799999999998,16.6775,-207.13,165.7075
6127,731441,3.212748,1.7550919999999999,2.160376,12.2325,-159.215,89.53
6128,731537,3.053904,1.554768,2.235528,75.075,-110.11,34.545
6129,731634,2.553704,0.465552,1.9673720000000001,120.9425,-57.365,-3.92
6130,731730,1.771928,-0.5267960999999999,1.7550919999999999,74.9875,2.5725,-57.12
6131,731826,0.958432,-1.27368,2.389004,-73.2375,114.7825,-148.4875
6132,731922,1.6504159999999999,0.9311040999999999,1.7938880000000001,-246.05,223.4225,-259.4375
6133,732019,1.291004,1.783884,-1.746552,-233.975,309.1725,-298.515
6134,732115,2.7398759999999998,-0.21667199999999998,-3.088796,-29.995,347.025,-164.2725
6135,732211,3.840072,-0.121512,-1.491328,27.3,328.5275,-67.9525
6136,732307,3.340604,0.5692520000000001,-2.236992,-36.4,270.305,-58.485
6137,732403,1.442528,0.743712,-1.35542,-21.8575,190.365,-42.8925
6138,732500,0.06270801,0.45261999999999997,-0.552416,-8.085,156.8525,-70.91001
6139,732596,0.11345999999999999,-0.251076,-0.282796,23.695,165.0775,-68.39
6140,732692,3.371836,-3.3959919999999997,-1.41032,4.13,170.3275,-69.2475
6141,732788,1.073844,-0.067344,-0.788852,-123.165,100.59,-70.4725
6142,732885,0.9933241,0.8335040000000001,-1.4393559999999999,-132.6675,78.8375,-74.9875
6143,732981,1.10532,-0.44676400000000005,-0.9267120000000001,-94.8325,48.65,-70.1925
6144,733077,0.7034521,-0.173728,-1.182424,-87.88501,28.175,-60.795
6145,733173,0.676856,-0.304512,-0.69418,-73.7275,30.1875,-52.255
6146,733270,0.8254520000000001,0.10687200000000001,-0.965996,-52.0275,21.5075,-41.335
6147,733366,0.690032,-0.07832401,-0.8637601,-35.5425,20.265,-31.465
6148,733462,0.6673399999999999,-0.038308,-0.820572,-21.385,17.8675,-23.17
6149,733558,0.6505041,-0.005612,-0.8464360000000001,-15.365,17.7975,-19.2325
6150,733655,0.648796,-0.090768,-0.8108121,-7.9625,19.5475,-13.8775
6151,733751,0.69052,-0.08442401,-0.805688,-3.92,19.495,-11.235
6152,733847,0.633912,-0.08052000000000001,-0.786412,-0.0525,17.9375,-9.1175
6153,733943,0.6348881,-0.11248399999999999,-0.782508,3.1675,16.94,-6.7725
6154,734039,0.6224441,-0.12761199999999998,-0.7771399999999999,4.6725,16.345,-5.635
6155,734136,0.625616,-0.10492,-0.778604,4.375,16.415,-5.4075
6156,734232,0.6070720000000001,-0.136152,-0.7895840999999999,5.005,17.4475,-4.62
6157,734328,0.625616,-0.132248,-0.7808001,5.53,19.1975,-4.025
6158,734424,0.6375721,-0.09613601,-0.7869,6.8775,21.0,-2.8175
6159,734521,0.652944,-0.143228,-0.7483479999999999,9.3625,21.5425,-1.2425
6160,734617,0.6724640000000001,-0.148352,-0.731024,10.92,20.4925,-0.945
6161,734713,0.650992,-0.16348,-0.738588,12.3375,18.6725,-1.0675
6162,734809,0.6348881,-0.12175599999999999,-0.7639640999999999,11.4625,18.7775,-0.945
6163,734906,0.639768,-0.140544,-0.757864,9.625,20.8425,0.105
6164,735002,0.642452,-0.149572,-0.7468840999999999,9.0475,22.575,0.8400001
6165,735098,0.647332,-0.15128,-0.7449321,8.5925,23.765,0.9275
6166,735194,0.65758,-0.146156,-0.734684,8.1025,24.3775,0.8400001
6167,735291,0.659044,-0.150304,-0.7278521,7.735,24.395,1.1025
6168,735387,0.661728,-0.15176800000000001,-0.720776,7.35,23.9575,1.05
6169,735483,0.659532,-0.145912,-0.726388,7.0875,24.0275,0.7175
6170,735579,0.6566041,-0.149084,-0.7288279999999999,7.4025,24.745,0.455
6171,735675,0.656116,-0.132004,-0.727608,8.19,26.1275,0.385
6172,735772,0.6512359999999999,-0.13176,-0.72956,9.1525,28.6475,0.42
6173,735868,0.652456,-0.12932000000000002,-0.7324881,10.6225,32.025,0.5425
6174,735964,0.644892,-0.150304,-0.720776,12.2675,35.8925,0.4725
6175,736060,0.64782,-0.160308,-0.7190681,13.3525,40.215,-0.4025
6176,736157,0.653676,-0.15738,-0.715896,14.3675,44.5375,-1.82
6177,736253,0.6600201,-0.192272,-0.7095520000000001,15.47,48.405,-3.4475
6178,736349,0.661728,-0.186172,-0.71614,15.9425,53.3575,-5.2675
6179,736445,0.6517241,-0.186904,-0.701256,16.03,58.415,-7.98
6180,736541,0.702476,-0.12980799999999998,-0.699792,15.1025,64.2425,-10.185
6181,736638,0.6939361,-0.112728,-0.6824680000000001,16.45,68.88,-9.73
6182,736734,0.6756361,-0.15982000000000002,-0.6832,18.585,73.3775,-8.015
6183,736830,0.690032,-0.19178399999999998,-0.6893,20.1075,79.3275,-7.56
6184,736926,0.665144,-0.199104,-0.6736840000000001,21.0525,87.15,-9.17
6185,737023,0.67466,-0.14518,-0.690764,20.8075,95.8125,-12.845
6186,737119,0.67832,-0.14274,-0.695156,20.2125,104.1075,-16.1525
6187,737215,0.6695361,-0.17836400000000002,-0.6824680000000001,20.125,113.8375,-18.9525
6188,737311,0.6107319999999999,-0.20252,-0.694912,19.705,124.6175,-25.8125
6189,737408,0.6470880999999999,-0.244,-0.7556681,21.0525,141.5225,-36.365
6190,737504,0.574132,-0.305,-0.805932,35.455,168.0175,-44.065
6191,737600,0.9203680000000001,-0.24351199999999998,-0.90036,51.4675,206.5525,-50.785
6192,737696,0.829356,-0.25254,-0.873764,84.805,241.5525,-61.5125
6193,737792,1.063352,-0.648796,-1.2719719999999999,154.1575,286.8075,-69.965
6194,737889,1.413492,-0.36575599999999997,-1.330288,219.8,328.86,-80.7975
6195,737985,1.53598,-0.534604,-1.7109279999999998,275.5025,343.7,-94.86751
6196,738081,2.0557,-0.9894200000000001,-1.411052,303.45,328.3525,-126.6475
6197,738177,2.658868,-0.855708,-2.224548,328.72,323.82,-144.9
6198,738273,2.143052,-0.171776,-2.0486240000000002,331.2575,255.8325,-165.4275
6199,738370,1.550132,0.12322000000000001,-2.520764,349.405,161.3325,-208.4075
6200,738466,0.406748,-0.620492,-1.844884,363.2825,45.78,-274.33
6201,738562,0.45628,-1.998604,-1.569408,321.195,-4.8825,-329.7525
6202,738658,-0.190564,-2.41804,-1.028704,244.0725,-12.0575,-304.7275
6203,738755,-0.053436000000000004,-2.3663119999999997,-1.095804,176.225,-3.85,-224.2275
6204,738851,0.067344,-2.13378,-1.1333799999999998,148.0325,-1.4,-102.5325
6205,738947,-0.10736,-1.8529360000000001,-1.0589600000000001,136.4125,-15.33,26.705
6206,739043,-0.047824,-1.223416,-1.105564,116.6725,-23.17,130.0425
6207,739139,0.126392,-0.409432,-1.272948,96.4425,-32.655,195.7725
6208,739236,0.296948,0.37454,-1.41886,94.44751,-53.8125,225.8725
6209,739332,0.40577199999999997,0.898408,-1.48108,114.3975,-86.66,225.3825
6210,739428,0.514108,1.150216,-1.479372,142.975,-125.1075,199.7975
6211,739524,0.616588,1.2519639999999999,-1.426668,165.725,-163.555,157.5175
6212,739621,0.698816,1.327116,-1.345172,179.795,-198.625,111.44
6213,739717,0.7705521,1.2763639999999998,-1.2439120000000001,193.8125,-226.0475,73.885
6214,739813,0.81374,1.1709559999999999,-1.1568040000000002,204.2425,-245.07,49.595
6215,739909,0.844972,1.0765280000000002,-1.086776,209.16,-256.0425,39.375
6216,740005,0.9057280999999999,0.99308,-1.105564,208.5475,-260.6625,41.3525
6217,740102,0.9799041,0.9337880999999999,-1.15046,202.0725,-261.9925,50.7675
6218,740198,1.049688,0.8727879999999999,-1.2038959999999999,191.8175,-263.7425,63.175
6219,740294,1.138016,0.81252,-1.253672,178.5,-266.14,75.1625
6220,740390,1.240008,0.7747001,-1.293444,162.7325,-269.885,84.4725
6221,740487,1.321016,0.7449321,-1.353224,141.7675,-276.43,88.37501
6222,740583,1.361764,0.8625401,-1.399828,114.1525,-286.65,81.60251
6223,740679,1.369084,1.023824,-1.468636,89.355,-299.705,63.8575
6224,740775,1.291492,1.107272,-1.317844,82.635,-314.1075,41.8075
6225,740871,1.22366,1.111908,-1.254404,78.33,-324.3275,10.3425
6226,740968,1.2761200000000001,1.1102,-1.276852,73.3775,-329.91,-26.6175
6227,741064,1.29564,1.047736,-1.21634,75.53,-336.56,-63.0
6228,741160,1.2566,0.9240280000000001,-1.105076,83.335,-341.0575,-95.9
6229,741256,1.286856,0.789828,-1.047492,92.27750999999999,-337.435,-125.0375
6230,741353,1.419592,0.684664,-1.0972680000000001,102.025,-328.2825,-149.9575
6231,741449,1.628212,0.58072,-1.171932,116.1475,-320.25,-169.0675
6232,741545,1.749724,0.444812,-1.1411879999999999,132.1075,-317.415,-181.9825
6233,741641,1.773148,0.294508,-0.9947881,145.0925,-313.7225,-189.1575
6234,741737,1.729228,0.28987199999999996,-0.7754321,149.8875,-304.255,-191.5025
6235,741834,1.6677400000000002,0.34257600000000005,-0.5577840000000001,151.865,-285.4425,-189.56
6236,741930,1.6928720000000002,0.46896800000000005,-0.395036,151.4625,-258.895,-186.9175
6237,742026,1.798768,0.67832,-0.293044,148.8375,-229.7225,-183.4875
6238,742122,1.8512279999999999,0.8479,-0.144448,145.6,-204.5225,-180.0925
6239,742219,1.8390279999999999,0.961116,0.034892,134.645,-182.5425,-182.805
6240,742315,1.8758720000000002,1.01138,0.190808,114.905,-160.5275,-196.4025
6241,742411,1.938092,1.030168,0.321348,94.78,-138.11,-219.0125
6242,742507,1.9132040000000001,0.9684360999999999,0.4404201,81.9875,-115.43,-242.095
6243,742603,1.7995,0.772992,0.456768,77.1575,-90.125,-258.0025
6244,742700,1.46156,-0.572912,0.676856,54.3025,-51.485,-271.04
6245,742796,1.487424,0.187636,0.23546,-76.16001,10.3075,-305.2175
6246,742892,1.78852,0.546804,-1.297104,-150.43,41.0375,-308.6825
6247,742988,0.029524,-1.039684,-0.978196,-97.1075,15.995,-261.8875
6248,743085,-0.10126,-1.3705479999999999,-0.9296399999999999,-103.7225,34.7725,-237.475
6249,743181,1.027484,-1.504748,-1.0406600000000001,-78.6625,74.725,-178.3775
6250,743277,1.7265439999999999,-0.8532681000000001,-1.381284,-67.4625,99.54,-78.61
6251,743373,1.016748,0.677832,-1.35176,-87.08,90.79,-25.6725
6252,743469,0.052703999999999994,1.087996,-0.7793359999999999,-69.6325,77.7525,-22.4525
6253,743566,0.168848,0.186904,-0.5392399999999999,-29.4175,88.8825,-41.0725
6254,743662,0.4758,-0.7315119999999999,-0.579012,-14.0175,102.8825,-50.715
6255,743758,1.9529759999999998,-1.276608,-1.3888479999999999,-43.4875,107.87,-37.485
6256,743854,0.862784,0.684908,-0.9413520000000001,-84.28,76.405,-19.705
6257,743950,0.562176,0.022936,-0.975024,-69.615,61.74,-26.285
6258,744047,1.402024,-0.38966799999999996,-1.351516,-61.53,51.0125,-30.38
6259,744143,0.5885281,0.265716,-1.009428,-51.765,35.5425,-29.9425
6260,744239,0.5787680000000001,-0.370148,-0.8591241,-28.5075,23.6425,-22.715
6261,744335,0.650748,0.001952,-0.9552601000000001,-23.52,25.3925,-16.6075
6262,744432,0.6944241,-0.08662001,-0.8559521000000001,-14.4725,25.165,-12.67
6263,744528,0.635864,-0.07588400000000001,-0.8481440999999998,-2.7125,22.5225,-8.2775
6264,744624,0.6512359999999999,-0.090036,-0.8220360000000001,2.6775,22.715,-5.9675
6265,744720,0.60634,-0.09150001,-0.8403360000000001,8.3825,23.6075,-2.975
6266,744816,0.632204,-0.116632,-0.8254520000000001,11.9875,25.585,-0.35
6267,744913,0.6673399999999999,-0.166652,-0.8003201,15.4175,27.335,1.365
6268,745009,0.633912,-0.118828,-0.798124,17.395,28.7875,1.225
6269,745105,0.636352,-0.17055599999999999,-0.771772,20.1425,28.3325,1.4525
6270,745201,0.624396,-0.144448,-0.775188,21.2975,27.44,1.295
6271,745298,0.627812,-0.191296,-0.7673800000000001,23.2925,27.2475,0.5075
6272,745394,0.610244,-0.18666,-0.777628,23.8875,27.3525,-1.435
6273,745490,0.6007279999999999,-0.177876,-0.799588,24.7625,29.68,-3.2375
6274,745586,0.6231760999999999,-0.22106399999999998,-0.776408,27.2125,32.7075,-5.46
6275,745682,0.634156,-0.10833599999999999,-0.7983680000000001,27.1425,34.8075,-8.6975
6276,745779,0.628788,-0.116388,-0.7922680000000001,34.37,34.965,-11.8125
6277,745875,0.6124400999999999,-0.119072,-0.772016,44.5025,35.665,-14.14
6278,745971,0.581208,-0.138836,-0.755912,54.005,37.555,-17.885
6279,746067,0.55632,-0.2074,-0.764208,64.1375,40.3725,-24.2025
6280,746164,0.509472,-0.370636,-0.733708,71.365,44.9925,-35.21
6281,746260,0.5948720000000001,-0.167384,-0.8283799999999999,73.2025,53.2175,-50.995
6282,746356,0.56242,-0.29377600000000004,-0.757864,97.965,54.4075,-68.0575
6283,746452,0.57462,-0.24570799999999998,-0.7241920000000001,121.52,56.77,-90.07251
6284,746549,0.67832,-0.319396,-0.659776,148.5575,54.9325,-111.8425
6285,746645,0.68198,-0.327204,-0.607804,168.14,51.8875,-131.7225
6286,746741,0.760792,-0.36282800000000004,-0.576572,179.305,46.0425,-148.085
6287,746837,0.792024,-0.305732,-0.529724,182.4725,39.935,-159.985
6288,746933,0.820816,-0.2562,-0.479704,184.1,34.65,-167.335
6289,747030,0.856684,-0.267912,-0.46311199999999997,187.4075,28.1925,-172.375
6290,747126,0.8547319999999999,-0.233508,-0.47360399999999997,183.645,23.87,-174.4925
6291,747222,0.8845,-0.229848,-0.44652,177.5025,19.4775,-174.7725
6292,747318,0.8869401,-0.238144,-0.44090799999999997,169.715,16.3625,-174.125
6293,747415,0.877424,-0.232776,-0.44725200000000004,160.755,14.56,-171.745
6294,747511,0.8788879999999999,-0.24278000000000002,-0.45335200000000003,150.465,14.945,-167.9825
6295,747607,0.8559521000000001,-0.20861999999999997,-0.47067600000000004,140.0,16.135,-163.135
6296,747703,0.84424,-0.159576,-0.483608,135.0825,18.3225,-155.995
6297,747799,0.8483879999999999,-0.1891,-0.490928,131.285,21.5075,-148.6625
6298,747896,0.822768,-0.17934,-0.5170359999999999,123.8825,25.13,-140.805
6299,747992,0.8359440999999999,-0.144204,-0.5221600000000001,114.52,27.615,-132.7375
6300,748088,0.800564,-0.140544,-0.556808,103.845,30.1,-123.97
6301,748184,0.793244,-0.127856,-0.6021920000000001,88.4975,34.65,-113.575
6302,748281,0.750544,-0.052216,-0.663192,68.46,41.1075,-99.9425
6303,748377,0.741028,-0.031964,-0.697108,49.0175,51.6425,-84.665
6304,748473,0.747128,-0.045384,-0.692228,34.0725,66.57,-70.6825
6305,748569,0.7381001,-0.063928,-0.690032,22.4,85.92501,-59.675
6306,748666,0.66246,-0.09979600000000001,-0.69296,15.1725,103.775,-52.6925
6307,748762,0.7468840999999999,-0.145912,-0.630008,6.5975,121.8175,-52.325
6308,748858,0.807396,-0.137128,-0.739564,-2.8525,150.1325,-50.75
6309,748954,0.81862,-0.205204,-0.555832,-7.455,175.525,-51.03
6310,749051,1.184376,-0.30792800000000004,-0.714676,-8.645,229.3025,-55.1075
6311,749147,0.927688,-0.23155599999999998,-0.732244,0.595,298.0425,-62.965
6312,749243,0.886452,-0.104432,-0.785924,8.26,342.685,-68.985
6313,749339,1.254404,-0.242048,-0.8781559999999999,55.1775,373.275,-69.685
6314,749436,1.574532,0.012688,-0.564616,111.8075,402.045,-80.325
6315,749532,1.597224,-0.259128,-0.647576,156.415,443.6075,-91.4375
6316,749628,2.216496,-0.9181720999999999,-1.325896,169.0325,476.1575,-105.8925
6317,749724,2.007876,-0.813008,-1.482544,161.595,455.6125,-144.445
6318,749821,3.6331599999999997,-0.8881600000000001,-1.17364,144.8825,417.55,-193.8475
6319,749917,4.077728,-0.655628,-1.943704,194.18,437.6925,-178.78
6320,750013,3.1634599999999997,-0.8071520000000001,-2.681804,249.725,406.875,-142.6425
6321,750109,1.32126,-1.687748,-2.23138,198.625,261.87,-145.95
6322,750205,3.132716,-2.767448,-2.920436,92.55751,96.95,-133.3325
6323,750302,1.7977919999999998,-2.162572,-2.826984,29.295,-57.1375,-35.6125
6324,750398,0.13298,-1.566236,-1.339072,-26.7225,-183.295,30.1175
6325,750494,0.021472,-0.830332,-1.19072,-45.8675,-178.1675,75.5825
6326,750590,0.140544,-0.430172,-1.107516,-37.9575,-170.205,107.87
6327,750687,0.41406800000000005,-0.211304,-1.2099959999999998,-13.79,-174.6675,131.5475
6328,750783,0.6380600000000001,-0.11053199999999999,-1.256844,9.555,-197.89,146.545
6329,750879,0.7439560000000001,-0.07637200000000001,-1.204872,22.9075,-232.3475,153.1075
6330,750975,0.793244,-0.028304000000000003,-1.0979999999999999,24.185,-268.6425,152.425
6331,751072,0.768112,0.107116,-0.9684360999999999,17.6925,-300.1775,146.0025
6332,751168,0.70516,0.316956,-0.8113001,14.3325,-324.8175,137.445
6333,751264,0.663924,0.5172800999999999,-0.7007680000000001,23.17,-339.43,131.005
6334,751360,0.69906,0.614636,-0.647576,45.325,-345.345,127.9425
6335,751457,0.7378560000000001,0.518744,-0.6170760000000001,72.5375,-347.725,127.085
6336,751553,0.7734800000000001,0.316224,-0.571448,87.22,-346.57,124.4425
6337,751649,0.8281360999999999,0.171532,-0.568764,79.555,-341.1275,116.27
6338,751745,0.9459880999999999,0.179828,-0.6280560000000001,56.7525,-331.6775,102.795
6339,751842,1.069696,0.279624,-0.711504,36.54,-324.38,89.86251
6340,751938,1.19316,0.29743600000000003,-0.784704,29.4525,-321.615,81.60251
6341,752034,1.2444,0.22814,-0.83204,30.45,-322.56,77.7525
6342,752130,1.2578200000000002,0.143228,-0.858392,30.5025,-323.9775,75.28501
6343,752227,1.272216,0.05368,-0.87718,25.305,-324.555,71.155
6344,752323,1.291736,0.124928,-0.9167081,16.9925,-323.6275,64.5925
6345,752419,1.286612,0.169336,-0.9150001,18.13,-322.14,58.03
6346,752515,1.267092,0.08564401,-0.9147559999999999,27.7025,-318.78,51.1175
6347,752612,1.358104,-0.063928,-0.990884,37.2225,-311.85,42.175
6348,752708,1.599664,-0.21106,-1.158268,42.8225,-305.305,34.58
6349,752804,1.8849,-0.330376,-1.333216,47.915,-306.1275,33.88
6350,752900,2.134512,-0.423584,-1.4630239999999999,53.9525,-314.755,41.895
6351,752996,2.2301599999999997,-0.46506400000000003,-1.393728,62.125,-328.3,57.785
6352,753093,2.220644,-0.40504,-1.228784,69.2125,-338.555,78.715
6353,753189,2.2569999999999997,-0.42895200000000006,-0.9528200000000001,77.315,-338.2575,99.5225
6354,753285,2.333128,-0.44237200000000004,-0.6378159999999999,78.6975,-327.32,113.68
6355,753381,2.369484,-0.30134,-0.245464,69.9475,-307.9475,120.1725
6356,753478,2.356064,0.107116,0.23668000000000003,64.785,-279.7725,120.715
6357,753574,2.3799759999999996,0.650016,0.767868,79.3275,-240.8525,117.915
6358,753670,2.5683439999999997,0.960628,1.268556,116.305,-194.81,106.4525
6359,753766,2.8286919999999998,0.918416,1.619672,147.2625,-148.435,83.0375
6360,753862,2.852604,0.7373681,1.815848,133.175,-101.64,49.315
6361,753959,2.588352,0.660996,1.731668,69.9475,-49.7875,4.4975
6362,754055,2.6413,0.814472,1.2056040000000001,-1.085,6.545,-46.0775
6363,754151,2.617876,0.6653880999999999,0.658068,-31.78,46.2175,-81.97001
6364,754247,1.414712,-1.3290680000000001,0.823256,-34.545,71.5925,-100.415
6365,754343,-0.8044680999999999,-1.2587959999999998,-0.3111,-184.6425,152.95,-145.3725
6366,754440,0.010736,-0.18056,-1.895636,-295.5575,212.66,-195.3875
6367,754536,0.188368,1.089216,-0.650016,-244.2125,220.2375,-141.7325
6368,754632,1.8397599999999998,1.458388,-1.76168,-127.155,266.595,-57.3475
6369,754728,3.205184,1.657248,-2.375828,-53.3225,276.2025,-45.92
6370,754825,2.39364,1.624308,-1.990796,-48.23,202.6325,-75.565
6371,754921,1.1150799999999998,0.07612801,-1.092876,-6.3,141.0325,-97.1075
6372,755017,0.49751599999999996,-0.9555040000000001,-0.59536,0.4725,123.515,-90.615
6373,755113,0.8203280000000001,-0.4743361,-0.7137001000000001,-2.7825,128.45,-61.495
6374,755209,1.186084,0.27694,-1.11142,-8.2075,128.38,-48.3
6375,755306,2.017148,-0.9237841,-1.8348799999999998,-6.37,106.505,-52.745
6376,755402,1.2587959999999998,-0.9696561,-0.7449321,-51.1,61.6525,-52.01
6377,755498,0.22862800000000003,0.11394800000000001,-0.7549359999999999,-58.59,42.77,-26.0925
6378,755594,0.7856801,-0.293044,-0.9340321,-50.4,49.14,-25.76
6379,755691,0.7761640999999999,-0.41723999999999994,-0.8679081,-49.7875,43.2425,-25.795
6380,755787,0.493612,-0.0671,-0.892308,-51.765,37.8875,-19.4425
6381,755883,0.817156,-0.067832,-1.024068,-49.0175,35.21,-21.2975
6382,755979,0.5511961,-0.14005599999999999,-0.8559521000000001,-38.7625,27.02,-19.075
6383,756075,0.665876,-0.146156,-0.898164,-29.75,25.9525,-15.4
6384,756172,0.604388,-0.151524,-0.863028,-21.5775,23.3975,-13.1775
6385,756268,0.587064,-0.178852,-0.8244761,-13.51,22.295,-11.5325
6386,756364,0.6541640000000001,-0.100284,-0.8486319999999999,-10.5875,21.56,-11.69
6387,756460,0.619028,-0.112728,-0.8054439999999999,-5.6525,19.32,-11.165
6388,756557,0.5846241,-0.142496,-0.802272,-1.6275,17.4475,-9.695
6389,756653,0.5690081,-0.16689600000000002,-0.8252079999999999,-3.6575,18.34,-10.71
6390,756749,0.6158561,-0.132248,-0.815936,-6.5975,19.3025,-13.825
6391,756845,0.60512,-0.149084,-0.813008,-4.27,19.5125,-14.4375
6392,756941,0.62342,-0.177144,-0.7856801,-1.155,19.005,-14.245
6393,757038,0.607316,-0.217892,-0.775188,-0.2975,17.465,-14.875
6394,757134,0.642452,-0.1952,-0.7551800000000001,-0.8925,16.4325,-15.645
6395,757230,0.5917,-0.194224,-0.7639640999999999,0.4375,16.6075,-15.2075
6396,757326,0.5926760999999999,-0.209108,-0.7795801,2.0475,17.6925,-15.33
6397,757423,0.6283,-0.07076001,-0.7922680000000001,3.3775,19.67,-16.52
6398,757519,0.655384,-0.12980799999999998,-0.7712840999999999,8.82,20.5275,-17.5
6399,757615,0.6405,-0.123708,-0.7705521,10.955,19.25,-19.81
6400,757711,0.630984,-0.11467999999999999,-0.779092,10.9375,18.795,-20.5625
6401,757808,0.5987760999999999,-0.12078,-0.7808001,10.1675,21.175,-19.495
6402,757904,0.625372,-0.06490399999999999,-0.769576,8.0325,27.1775,-18.0775
6403,758000,0.6156119999999999,-0.095648,-0.764208,11.2525,30.275,-17.185
6404,758096,0.6229319999999999,-0.067588,-0.7734800000000001,10.85,34.405,-15.785
6405,758192,0.627568,-0.11102000000000001,-0.7622561,11.48,39.0775,-14.3325
6406,758289,0.6161,-0.14469200000000002,-0.7659161,11.795,44.135,-14.49
6407,758385,0.620492,-0.149328,-0.751276,14.0525,50.2425,-15.2775
6408,758481,0.626104,-0.161772,-0.7503,17.4475,55.7725,-17.4125
6409,758578,0.6219561,-0.171044,-0.73078,20.44,61.32,-19.075
6410,758674,0.6885680999999999,-0.016347999999999998,-0.65758,32.76,67.7425,-19.005
6411,758770,0.619272,-0.020008,-0.6158561,28.0875,74.3575,-19.9325
6412,758866,0.57828,-0.183732,-0.7556681,26.285,80.78,-21.8225
6413,758962,0.686128,-0.169336,-0.6980841,23.0125,90.8775,-24.115
6414,759058,0.653676,-0.069784,-0.718092,24.0625,100.345,-24.0625
6415,759155,0.6832,-0.118096,-0.7178479999999999,22.54,109.76,-19.635
6416,759251,0.671976,-0.094672,-0.716384,18.48,119.14,-12.985
6417,759347,0.6470880999999999,-0.128832,-0.736392,15.9425,130.935,-9.695
6418,759443,0.6456241,-0.158844,-0.7266321,13.2825,143.6575,-11.2875
6419,759539,0.655628,-0.131272,-0.74298,8.9425,159.53,-13.9825
6420,759636,0.597312,-0.217648,-0.714432,4.06,175.315,-17.745
6421,759732,0.5648601,-0.360632,-0.6736840000000001,1.2075,194.9675,-23.0125
6422,759828,0.7017439999999999,-0.348188,-0.749812,-0.315,228.8125,-27.23
6423,759924,0.546072,-0.36892800000000003,-0.699792,-8.3475,255.115,-39.585
6424,760021,0.912316,-0.36892800000000003,-0.759084,-30.555,291.025,-65.4675
6425,760117,1.1751040000000001,-0.31354,-0.782508,-43.0675,346.92,-85.99501
6426,760213,1.101172,-0.24497600000000003,-0.6790520999999999,-41.86,424.515,-85.015
6427,760309,1.5281719999999999,-0.10687200000000001,-1.175592,-16.485,496.37,-75.28501
6428,760406,1.600396,0.016104,-0.9528200000000001,49.245,530.1625,-64.785
6429,760502,1.7397200000000002,-0.508252,-1.315892,100.73,564.2525,-66.4825
6430,760598,2.15452,-0.862784,-1.80072,108.3075,571.5675,-91.0175
6431,760694,2.7532959999999997,-0.62098,-1.84342,101.6225,540.0325,-134.0325
6432,760790,4.619651999999999,-0.64782,-1.83854,168.7,518.91,-119.07
6433,760887,3.49652,-0.670024,-2.605432,251.685,527.205,-43.47
6434,760983,2.12768,-1.71776,-2.750612,214.55,389.55,-42.945
6435,761079,4.139948,-3.1995720000000003,-3.311568,81.5675,168.9975,-72.5375
6436,761175,2.172332,-1.8522040000000002,-3.5680120000000004,-74.4975,-31.5,-46.69
6437,761271,-0.0488,-0.855708,-1.605764,-145.5125,-185.395,-29.1725
6438,761368,-0.29377600000000004,-0.07002799999999999,-1.369816,-127.12,-180.145,-18.795
6439,761464,-0.142252,0.137372,-1.210728,-57.6625,-162.2425,-7.0
6440,761560,0.23082399999999997,-0.18251199999999998,-1.342732,25.2,-159.9325,14.8925
6441,761656,0.559248,-0.5463161,-1.411784,69.52750999999999,-185.815,31.0625
6442,761753,0.704916,-0.769088,-1.327848,68.8975,-229.74,38.4125
6443,761849,0.74542,-0.7178479999999999,-1.1533879999999999,39.2525,-275.66,40.705
6444,761945,0.7056479999999999,-0.5363121,-0.9547720999999999,8.645,-314.545,42.84
6445,762041,0.702964,-0.340868,-0.7944641,-6.51,-342.65,48.72
6446,762138,0.708576,-0.233264,-0.677832,-4.0775,-361.8475,58.5725
6447,762234,0.7517640999999999,-0.179828,-0.6182960999999999,6.755,-375.0075,70.0875
6448,762330,0.8239880999999999,-0.16689600000000002,-0.584136,20.055,-383.9325,81.60251
6449,762426,0.8071520000000001,-0.182024,-0.508252,29.715,-389.1475,91.7525
6450,762522,0.7944641,-0.17763199999999998,-0.47384799999999994,33.3025,-387.1875,99.6275
6451,762619,0.8840120000000001,-0.142252,-0.509228,32.0425,-377.86,104.685
6452,762715,1.000644,-0.10833599999999999,-0.57462,32.0075,-367.5525,106.7325
6453,762811,1.137284,-0.10906800000000001,-0.657824,33.6875,-359.87,105.49
6454,762907,1.3298,-0.105652,-0.775188,36.3825,-355.6875,101.43
6455,763004,1.458632,-0.13176,-0.849608,39.2875,-357.07,96.7575
6456,763100,1.474004,-0.139812,-0.8718120999999999,40.845,-359.835,93.3625
6457,763196,1.4210559999999999,-0.117852,-0.8718120999999999,41.9825,-358.68,91.49
6458,763292,1.389824,-0.124928,-0.8769360999999999,43.575,-350.595,90.09000999999999
6459,763389,1.4722959999999998,-0.20788800000000002,-0.9608721,46.2175,-335.615,89.705
6460,763485,1.704584,-0.317444,-1.148508,48.4575,-317.765,90.335
6461,763581,2.230892,-0.464088,-1.4715639999999999,53.1475,-305.235,96.005
6462,763677,2.703032,-0.6980841,-1.6628599999999998,56.8925,-311.5525,110.2325
6463,763774,2.84748,-0.9028,-1.5469600000000001,46.34,-334.6175,128.555
6464,763870,2.751832,-0.671488,-1.2141440000000001,19.3725,-355.075,148.715
6465,763966,2.606408,-0.44090799999999997,-0.8396040000000001,-1.3125,-356.3525,174.51
6466,764062,2.558584,-0.393572,-0.321592,-8.2075,-339.1675,199.255
6467,764158,2.6581360000000003,-0.45603599999999994,0.22106399999999998,-24.255,-303.0825,213.2725
6468,764255,2.868464,-0.24668400000000001,0.798124,-57.12,-256.515,210.3675
6469,764351,3.011448,0.6375721,1.466928,-87.3075,-209.23,187.7225
6470,764447,3.071228,1.632116,1.9959200000000001,-68.495,-162.5575,148.1725
6471,764543,3.372812,1.7629,2.182092,11.235,-114.73,100.5725
6472,764640,3.3445080000000003,0.967216,2.1047439999999997,66.325,-69.195,51.0125
6473,764736,2.96948,0.60634,1.672864,29.295,-24.185,-9.765
6474,764832,2.562732,0.7612800999999999,1.024068,-47.46,16.8175,-73.3425
6475,764928,2.3433759999999997,0.069784,1.3449280000000001,-79.2925,81.935,-132.195
6476,765024,0.8842561,-0.046604,2.580788,-118.195,177.485,-220.36
6477,765121,1.72996,0.6390359999999999,-2.1289,-151.165,294.8925,-278.6525
6478,765217,3.0002240000000002,-1.073112,-3.064152,-17.5525,312.795,-166.67
6479,765313,2.47416,-0.5363121,-1.010892,43.435,274.3825,-43.8025
6480,765409,2.243824,0.9330560999999999,-1.87392,-18.3925,255.85,-29.05
6481,765505,1.672132,0.898408,-1.455216,4.34,202.7025,-36.575
6482,765602,0.539972,0.439688,-0.655628,11.34,153.6675,-74.6025
6483,765698,0.5751081,-0.484584,-0.470188,44.2925,154.595,-70.5425
6484,765794,2.9919279999999997,-2.7894080000000003,-2.282864,52.815,170.94,-47.32
6485,765890,1.713612,-0.5753520000000001,-0.5997520000000001,-62.72,113.33,-32.795
6486,765987,0.643428,0.863028,-1.2561120000000001,-87.7625,75.915,-29.6975
6487,766083,1.218292,-0.622688,-0.9262239999999999,-45.0275,64.1375,-23.0825
6488,766179,0.577548,0.007076001,-1.050176,-47.9675,45.01,-15.96
6489,766275,0.8071520000000001,-0.21862399999999999,-0.9501360999999999,-34.6675,40.11,-12.4775
6490,766372,0.5914560000000001,-0.343064,-0.80276,-18.69,31.7625,-10.15
6491,766468,0.8127641,-0.032451999999999995,-0.985516,-14.4375,32.305,-4.7075
6492,766564,0.6902761,-0.12395199999999999,-0.87108,1.3125,26.6175,0.455
6493,766660,0.630984,-0.168604,-0.8364321,10.9725,22.785,3.6925
6494,766756,0.633912,-0.174216,-0.8283799999999999,15.2075,22.26,4.6725
6495,766853,0.6292760000000001,-0.180316,-0.8003201,19.285,21.315,5.1975
6496,766949,0.6039,-0.205936,-0.7881199999999999,21.3325,21.63,5.81
6497,767045,0.6161,-0.154452,-0.798124,21.8225,23.1,6.5975
6498,767141,0.6378159999999999,-0.188124,-0.7522521,23.7125,24.15,8.505
6499,767238,0.618052,-0.142008,-0.7812880999999999,24.78,24.9025,11.3225
6500,767334,0.6168319999999999,-0.180804,-0.782508,26.88,26.845,14.98
6501,767430,0.591212,-0.23253200000000002,-0.7822640000000001,29.2775,29.4175,16.8
6502,767526,0.619028,-0.23668000000000003,-0.754204,30.0475,32.655,16.3275
6503,767622,0.609024,-0.22277199999999997,-0.761524,31.5,34.3525,16.2925
6504,767719,0.589992,-0.320372,-0.7005239999999999,31.0275,36.47,16.45
6505,767815,0.5814520000000001,-0.25790799999999997,-0.73932,26.4075,39.41,13.6675
6506,767911,0.567056,-0.275476,-0.7378560000000001,26.7925,40.53,8.085
6507,768007,0.6068279999999999,-0.31451599999999996,-0.7166279999999999,26.5125,41.545,1.05
6508,768104,0.62098,-0.332816,-0.6736840000000001,24.115,42.665,-3.15
6509,768200,0.570716,-0.422364,-0.6348881,17.85,43.645,-6.1425
6510,768296,0.638304,-0.259372,-0.681736,3.85,47.25,-11.2
6511,768392,0.611464,-0.346236,-0.6378159999999999,-0.9275,47.32,-16.275
6512,768489,0.624152,-0.269864,-0.632448,-5.2675,46.025,-22.1725
6513,768585,0.718092,-0.321592,-0.6517241,-6.5975,42.2625,-29.0675
6514,768681,0.6795401,-0.30988000000000004,-0.6405,-7.315,38.4825,-33.9325
6515,768777,0.672708,-0.30109600000000003,-0.6566041,-7.07,35.385,-39.76
6516,768873,0.6724640000000001,-0.2623,-0.663924,-6.0725,33.6175,-46.025
6517,768970,0.67466,-0.256932,-0.6405,-5.5825,33.425,-51.7475
6518,769066,0.7686,-0.132492,-0.7241920000000001,-8.505,35.49,-53.795
6519,769162,0.7266321,-0.07637200000000001,-0.652456,-4.1475,35.91,-48.8775
6520,769258,0.711504,-0.125904,-0.6512359999999999,1.225,37.45,-40.8275
6521,769355,0.7134560999999999,-0.22106399999999998,-0.6734399999999999,3.675,40.3025,-36.5925
6522,769451,0.69784,-0.16592,-0.7259001,2.2925,45.1675,-35.8925
6523,769547,0.679296,-0.239852,-0.707356,-0.0875,51.905,-34.8075
6524,769643,0.674416,-0.1891,-0.746396,-1.015,64.365,-32.6025
6525,769740,0.661484,-0.16958,-0.7288279999999999,3.1325,77.9625,-31.36
6526,769836,0.656116,-0.14566800000000002,-0.741272,7.3325,93.3625,-30.8525
6527,769932,0.6707561,-0.142496,-0.7422481,8.5575,109.2,-29.54
6528,770028,0.6724640000000001,-0.09272000000000001,-0.729072,7.4725,126.8575,-27.3525
6529,770124,0.6724640000000001,-0.112972,-0.7320001,7.77,145.4775,-24.955
6530,770221,0.593896,-0.094672,-0.7134560999999999,5.67,163.17,-20.8425
6531,770317,0.57706,-0.191296,-0.6810039999999999,7.875,184.0825,-16.5025
6532,770413,0.7068681,-0.16592,-0.8261841000000001,6.6325,216.4225,-13.545
6533,770509,0.79422,-0.41723999999999994,-0.646844,-2.835,234.255,-22.6625
6534,770606,0.51972,-0.321348,-0.7993439999999999,-1.89,283.115,-41.895
6535,770702,1.118008,-0.343552,-0.8113001,-9.4675,336.875,-58.0125
6536,770798,0.615124,-0.16811600000000002,-0.7983680000000001,-2.3975,417.34,-55.23
6537,770894,1.17242,-0.15494000000000002,-1.425448,11.235,488.6525,-41.405
6538,770990,1.412272,-0.39479200000000003,-0.84546,58.7825,509.7225,-26.705
6539,771087,1.845372,-0.419192,-1.151192,109.4275,541.8,-27.7375
6540,771183,1.8888040000000001,-0.40748,-1.6357760000000001,122.6925,563.3425,-47.74
6541,771279,2.010072,-0.540948,-0.8010520000000001,149.555,524.265,-70.56
6542,771375,3.5399519999999995,-0.8764481,-1.35542,200.7075,498.2425,-100.1525
6543,771472,4.247552,-0.8344801,-2.1840439999999997,291.6375,510.0375,-60.9175
6544,771568,2.798436,-1.017236,-2.5132,344.225,477.6975,-13.6325
6545,771664,1.319796,-2.862852,-2.600308,274.645,279.895,-44.625
6546,771760,4.393708,-3.092212,-3.9042440000000003,118.5625,80.7625,-45.325
6547,771857,1.398608,-1.9429720000000001,-2.5219840000000002,-48.055,-104.5625,-19.0225
6548,771953,0.13761600000000002,-0.8866961,-1.510604,-131.25,-225.6275,-13.615
6549,772049,-0.184952,-0.20984,-1.184132,-127.365,-219.7475,-13.3175
6550,772145,-0.12029200000000001,-0.07881200000000001,-0.9796600000000001,-76.8425,-208.425,-7.175
6551,772241,0.234972,-0.378932,-1.122644,-20.1425,-197.89,9.5725
6552,772338,0.577304,-0.7537159999999999,-1.222684,5.7575,-212.52,25.69
6553,772434,0.788852,-0.9389120000000001,-1.2021879999999998,-9.1525,-246.4875,34.5275
6554,772530,0.764452,-0.8483879999999999,-1.024556,-48.2475,-286.895,37.59
6555,772626,0.6753920999999999,-0.6695361,-0.841556,-83.44001,-320.04,37.87
6556,772723,0.686128,-0.477508,-0.69906,-100.5375,-341.5825,38.99
6557,772819,0.725168,-0.36087600000000003,-0.60634,-99.75,-355.425,43.295
6558,772915,0.815204,-0.343308,-0.5575399999999999,-86.87,-364.91,50.7675
6559,773011,0.823744,-0.42163199999999995,-0.47677600000000003,-73.325,-372.6275,59.3425
6560,773107,0.7951961,-0.5233800000000001,-0.396744,-68.8975,-375.655,64.82
6561,773204,0.8425321,-0.526552,-0.36966,-74.3575,-371.35,65.52
6562,773300,0.9152440000000001,-0.5043479999999999,-0.37990799999999997,-78.5925,-363.4925,64.9425
6563,773396,0.9894200000000001,-0.47482399999999997,-0.35624,-75.005,-353.325,65.29251
6564,773492,1.3412680000000001,-1.071892,-0.349652,-61.8975,-343.0,68.075
6565,773589,0.9950319999999999,-2.35094,1.348344,-123.025,-312.7075,69.23
6566,773685,1.4598520000000001,1.11386,-0.6463561,-336.7525,-255.8675,56.63
6567,773781,2.358748,1.21268,-1.6897,-176.82,-271.88,90.125
6568,773877,1.360544,-0.14152,-0.750544,38.08,-326.27,153.0375
6569,773973,1.169492,-1.402024,-0.6109760000000001,127.1375,-335.2825,164.3425
6570,774070,1.4332559999999999,-1.725568,-0.644404,67.095,-323.7325,129.6225
6571,774166,1.746796,-1.205116,-0.8552200000000001,-29.715,-312.55,86.4325
6572,774262,2.024956,-0.684664,-1.037,-72.8175,-317.31,66.9025
6573,774358,2.05326,-0.534116,-1.029192,-50.3475,-333.0425,71.8375
6574,774455,2.069852,-0.6673399999999999,-0.975512,-2.1525,-345.835,86.13501
6575,774551,2.084004,-0.96624,-0.8908440999999999,35.9625,-353.255,97.475
6576,774647,2.13988,-1.1270360000000001,-0.8052,44.94,-354.6025,99.785
6577,774743,2.2265,-0.7019880000000001,-0.696864,36.68,-350.42,98.805
6578,774839,2.259684,-0.214964,-0.52582,49.5775,-337.54,109.5325
6579,774936,2.336544,-0.010492,-0.005612,92.90751,-309.75,121.625
6580,775032,2.59128,0.46481999999999996,0.324276,142.2225,-279.5625,124.285
6581,775128,2.798924,0.41382399999999997,0.8066641,204.5575,-241.8325,130.3225
6582,775224,2.960208,0.123464,1.407148,234.5875,-205.3625,120.61
6583,775321,3.078304,0.177144,1.6784759999999999,203.0875,-166.215,82.25
6584,775417,3.134668,0.604388,1.844884,150.1325,-125.44,29.8375
6585,775513,3.05,0.6319600000000001,1.761436,121.905,-82.8275,-12.7575
6586,775609,2.33142,-0.48092399999999996,2.013732,100.7825,-37.765,-48.335
6587,775705,1.611376,-1.78974,2.509784,-9.17,61.0575,-98.2275
6588,775802,1.80682,0.391864,2.180384,-252.42,197.7325,-179.9875
6589,775898,1.4576559999999998,2.2118599999999997,-2.487336,-346.64,290.2725,-201.075
6590,775994,0.9242720999999999,2.079856,-2.725236,-162.9425,321.1075,-78.575
6591,776090,3.762236,2.07278,-2.286524,-50.2425,343.5075,-58.5375
6592,776187,3.7349080000000003,1.497916,-2.587376,-38.0275,284.41,-102.2875
6593,776283,1.247572,-0.12761199999999998,-1.0384639999999998,8.7325,193.4275,-104.72
6594,776379,0.06124401,-1.0140639999999999,-0.345748,0.5775,164.045,-111.44
6595,776475,0.830576,-1.051884,-0.5724239999999999,-4.8475,182.5075,-91.28
6596,776572,2.89994,-1.8343919999999998,-1.232444,-62.2825,173.95,-83.4225
6597,776668,0.7951961,0.61366,-1.170468,-153.7725,100.52,-86.905
6598,776764,0.686128,-0.17543599999999998,-0.921344,-132.1775,84.875,-90.405
6599,776860,0.73932,-1.073356,-0.7329760000000001,-122.6575,71.5225,-89.74
6600,776956,1.1594879999999999,0.232044,-1.430328,-141.1725,65.0475,-82.8625
6601,777053,0.916464,0.131272,-1.140456,-124.0225,46.83,-75.53
6602,777149,0.948184,-0.02196,-0.9730721,-84.9275,30.1875,-57.785
6603,777245,0.8132520999999999,0.044896,-0.969412,-59.395,25.3925,-42.315
6604,777341,0.66368,-0.07173600000000001,-0.8849879999999999,-39.1125,21.77,-30.8525
6605,777438,0.818132,-0.019032,-0.882548,-27.3175,20.0375,-25.6725
6606,777534,0.50752,-0.26913200000000004,-0.830332,-14.84,18.305,-20.58
6607,777630,0.60878,0.21106,-1.133868,5.775,22.925,-7.28
6608,777726,0.696132,-0.133712,-0.684908,-3.78,16.975,-10.885
6609,777823,0.529724,-0.048312,-0.828624,-1.785,17.01,-9.7825
6610,777919,0.644404,-0.047092,-0.79178,2.4325,18.2525,-7.4725
6611,778015,0.571448,-0.12395199999999999,-0.795928,5.4425,18.865,-6.055
6612,778111,0.577304,-0.16958,-0.8003201,5.355,22.19,-7.525
6613,778208,0.604632,-0.125904,-0.7854361,4.7775,25.8125,-9.5025
6614,778304,0.6351319999999999,-0.12932000000000002,-0.776408,6.37,28.07,-10.15
6615,778400,0.589992,-0.21301199999999998,-0.779824,7.4025,29.6275,-11.76
6616,778496,0.5814520000000001,-0.1098,-0.8100801,4.4975,34.2475,-16.1175
6617,778593,0.61122,-0.07246799999999999,-0.784216,5.3025,39.7075,-16.24
6618,778689,0.6156119999999999,-0.08442401,-0.773968,5.9675,45.0975,-13.7725
6619,778785,0.627812,-0.06490399999999999,-0.76372,6.7375,50.085,-12.0225
6620,778881,0.636596,-0.04514,-0.7515201,8.33,54.215,-10.675
6621,778977,0.66246,-0.01952,-0.729072,9.03,57.6275,-8.5575
6622,779074,0.668316,-0.07515201,-0.7195560000000001,10.745,59.465,-5.9325
6623,779170,0.680516,-0.10052799999999999,-0.690764,10.7625,59.9725,-4.6375
6624,779266,0.705404,-0.11028800000000001,-0.6722199999999999,11.1475,59.3775,-4.06
6625,779362,0.69906,-0.143228,-0.652944,12.7225,57.4175,-4.1125
6626,779459,0.708088,-0.136884,-0.659532,14.5425,55.58,-5.4425
6627,779555,0.70394,-0.144448,-0.659044,16.6775,54.39,-7.595
6628,779651,0.6973520000000001,-0.14078800000000002,-0.676856,18.62,54.32,-10.22
6629,779747,0.69418,-0.131028,-0.687348,19.88,56.1575,-12.46
6630,779844,0.699548,-0.09638,-0.694912,21.945,59.3775,-15.26
6631,779940,0.6763680000000001,-0.128588,-0.687104,25.27,63.7875,-17.815
6632,780036,0.72102,-0.11321600000000001,-0.684908,26.145,70.14,-19.3025
6633,780132,0.697596,-0.147376,-0.6602640000000001,28.595,75.8625,-20.055
6634,780228,0.7129681,-0.135908,-0.667096,28.4725,82.5825,-21.5775
6635,780325,0.71736,-0.123708,-0.659044,25.5325,89.285,-21.9275
6636,780421,0.7239479999999999,-0.0793,-0.6709999999999999,21.0175,96.3025,-20.195
6637,780517,0.696864,-0.091744,-0.671976,16.205,104.7375,-17.01
6638,780613,0.69662,-0.12078,-0.6885680999999999,10.9725,115.8675,-15.4
6639,780710,0.691496,-0.11321600000000001,-0.685884,6.51,128.9925,-16.5725
6640,780806,0.630008,-0.102968,-0.69662,1.365,143.78,-17.36
6641,780902,0.59902,-0.177876,-0.6709999999999999,1.015,160.3175,-18.445
6642,780998,0.691496,-0.24156,-0.7373681,-0.4025,189.42,-19.9675
6643,781095,0.559004,-0.328424,-0.618784,-7.07,210.98,-28.98
6644,781191,0.710284,-0.24717199999999998,-0.762012,-32.13,241.01,-49.385
6645,781287,1.386164,-0.445788,-0.805932,-43.3125,283.605,-67.935
6646,781383,0.868152,-0.183,-0.797636,-40.0925,360.92,-79.2225
6647,781479,0.9884440000000001,-0.07246799999999999,-1.033828,-34.5275,434.9975,-73.395
6648,781576,1.248792,-0.270352,-1.164368,11.2175,477.82,-67.025
6649,781672,1.885632,-0.132248,-0.7659161,60.935,502.53,-75.845
6650,781768,1.7277639999999999,-0.24668400000000001,-0.742004,80.1675,557.55,-91.14
6651,781864,1.8214599999999999,-0.640012,-1.694092,91.35,568.715,-97.8775
6652,781961,2.7471959999999997,-0.6917399999999999,-1.40544,127.225,527.24,-134.47
6653,782057,5.017372,-0.493612,-2.103768,147.7525,516.145,-142.5725
6654,782153,4.020632,-0.700036,-2.204296,253.575,510.4575,-65.73
6655,782249,1.803404,-1.217316,-2.7288959999999998,217.56,381.3075,-52.71
6656,782346,3.881308,-2.458544,-2.942152,94.6225,157.7975,-79.52
6657,782442,1.88612,-1.730692,-3.166144,-13.825,-28.77,-62.895
6658,782538,-0.052948,-1.051152,-1.351272,-79.3275,-159.2675,-53.2525
6659,782634,-0.178608,-0.438956,-1.297592,-84.245,-144.7075,-46.3575
6660,782731,-0.027816000000000004,-0.25790799999999997,-1.2117040000000001,-45.8675,-126.595,-29.61
6661,782827,0.331596,-0.543876,-1.362984,9.2575,-127.855,1.9775
6662,782923,0.6314721,-0.841556,-1.430328,34.4575,-155.085,30.065
6663,783019,0.771528,-1.005524,-1.365912,21.21,-198.9575,47.81
6664,783115,0.8193521,-0.8996280999999999,-1.21878,-16.66,-245.49,56.945
6665,783212,0.796172,-0.6527,-1.028704,-52.395,-287.7175,63.7875
6666,783308,0.820816,-0.404308,-0.912316,-68.79251,-321.23,71.54
6667,783404,0.9476959999999999,-0.203496,-0.8425321,-62.4225,-347.655,81.74251
6668,783500,0.998448,-0.101992,-0.7483479999999999,-41.51,-372.54,93.3275
6669,783597,0.9821,-0.10004,-0.640012,-17.71,-394.485,102.34
6670,783693,0.9845401,-0.10345599999999999,-0.541192,1.5925,-408.835,106.3125
6671,783789,0.9720960999999999,-0.09540401,-0.439932,14.2975,-414.7325,105.8225
6672,783885,0.950868,-0.083936,-0.35282399999999997,23.8,-411.845,102.9525
6673,783982,0.958432,-0.09320801,-0.335012,31.6225,-400.26,98.875
6674,784078,1.071892,-0.119072,-0.396988,38.15,-382.97,93.4325
6675,784174,1.2587959999999998,-0.158112,-0.516792,43.7675,-367.255,87.74501
6676,784270,1.591856,-0.553148,-0.48165600000000003,47.8625,-357.2275,84.245
6677,784366,1.62992,-0.22643200000000002,-0.750544,32.165,-352.205,83.6325
6678,784463,1.539152,-0.284016,-0.7700640999999999,38.3425,-351.1025,88.795
6679,784559,1.491084,-0.380152,-0.7834840000000001,43.6275,-347.8475,94.44751
6680,784655,1.5220719999999999,-0.43505200000000005,-0.853024,42.035,-337.4875,99.38251
6681,784751,1.70312,-0.483364,-0.9852719999999999,36.6625,-324.8,102.865
6682,784848,2.012756,-0.502884,-1.12606,34.125,-315.6125,107.45
6683,784944,2.347036,-0.5429,-1.230004,36.2775,-314.7375,116.375
6684,785040,2.5232040000000002,-0.68808,-1.206092,40.005,-322.595,130.6725
6685,785136,2.540772,-0.821792,-1.081652,35.6125,-331.8875,145.5825
6686,785233,2.527108,-0.8178880999999999,-0.9079241,20.755,-334.1625,160.7725
6687,785329,2.556876,-0.46848,-0.762012,3.29,-326.48,180.705
6688,785425,2.675216,-0.308172,-0.532408,1.365,-310.4675,206.815
6689,785521,2.813564,-0.29158,-0.155428,6.335,-292.3025,224.595
6690,785617,2.871636,-0.12444000000000001,0.386984,-1.8025,-270.2525,223.3175
6691,785714,2.839184,0.420412,0.998448,-14.0175,-242.55,203.595
6692,785810,2.971432,1.181692,1.5921,-0.7,-206.92,170.59
6693,785906,2.907016,1.536224,2.1838,59.7275,-165.2175,130.55
6694,786002,2.752564,1.161684,2.441952,125.055,-109.0075,86.0125
6695,786099,2.5888400000000003,0.3965,2.137196,126.56,-42.4025,28.735
6696,786195,2.535892,0.199348,1.38714,48.0375,19.1975,-44.135
6697,786291,1.760948,0.163724,0.7076001000000001,-38.5175,61.285,-106.995
6698,786387,1.191208,-1.032608,1.8663560000000001,-119.84,145.1975,-172.06
6699,786484,-0.013908000000000002,1.48596,1.083848,-266.385,243.6175,-274.19
6700,786580,1.1834,1.363228,-3.3308440000000004,-230.4925,344.295,-277.97
6701,786676,3.155896,0.30353600000000003,-1.8934400000000002,-7.455,342.79,-125.055
6702,786772,3.281068,0.7415161,-1.5542799999999999,30.1525,307.7025,-75.1625
6703,786868,3.039508,0.42114399999999996,-2.085712,-3.0625,258.3875,-84.875
6704,786965,1.3083280000000002,0.052948,-1.076284,1.96,178.22,-73.535
6705,787061,0.08637601,-0.15274400000000002,-0.477996,-0.3675,156.345,-77.5775
6706,787157,2.525644,-2.7059599999999997,-1.7094639999999999,1.8025,172.2875,-63.8925
6707,787253,2.0510639999999998,-0.548268,-0.539484,-105.6125,125.195,-58.345
6708,787350,1.108248,1.0760399999999999,-1.572092,-131.7575,82.67,-62.335
6709,787446,1.0979999999999999,-0.053436000000000004,-0.955992,-85.33,50.47,-53.9525
6710,787542,0.503128,-0.47092,-0.9413520000000001,-54.88,33.355,-33.495
6711,787638,1.178276,-0.022692,-1.0140639999999999,-47.7575,37.9925,-27.965
6712,787734,0.5397281,-0.24912399999999998,-0.8849879999999999,-21.7875,20.44,-23.5025
6713,787831,0.7200439999999999,0.04514,-0.925736,-12.495,20.7025,-17.4825
6714,787927,0.659288,-0.197152,-0.838628,-0.56,19.67,-12.0925
6715,788023,0.635376,-0.06880801,-0.8576601,1.68,17.9375,-10.57
6716,788119,0.6326921,-0.06075601,-0.8405800999999999,3.64,20.3,-7.945
6717,788215,0.6422081000000001,-0.11394800000000001,-0.8086161000000001,8.61,20.86,-4.8475
6718,788312,0.6470880999999999,-0.104432,-0.801296,10.64,20.44,-3.85
6719,788408,0.6329359999999999,-0.09784401,-0.791292,13.335,20.0375,-2.45
6720,788504,0.620736,-0.104676,-0.7829961,13.2825,20.195,-1.715
6721,788600,0.605364,-0.159088,-0.77836,12.215,21.8225,-1.1025
6722,788697,0.583404,-0.194224,-0.77836,12.425,23.24,-1.4175
6723,788793,0.6124400999999999,-0.137128,-0.812276,11.4275,27.09,-1.3825
6724,788889,0.6036560999999999,-0.179096,-0.7922680000000001,13.965,29.6975,-1.54
6725,788985,0.628788,-0.183732,-0.768844,19.81,30.8,-4.7775
6726,789081,0.6070720000000001,-0.12395199999999999,-0.791048,26.67,31.955,-7.385
6727,789178,0.534116,-0.280356,-0.754204,28.4725,36.54,-6.0375
6728,789274,0.631228,-0.041236,-0.815204,17.2025,47.2675,-4.865
6729,789370,0.6224441,-0.189832,-0.7361481,19.6,53.515,-1.5925
6730,789466,0.664412,-0.12712400000000001,-0.735172,18.7075,57.75,0.175
6731,789563,0.6649,-0.17397200000000002,-0.696376,17.2725,59.535,0.77
6732,789659,0.681492,-0.19276,-0.68198,13.7025,60.8475,0.14
6733,789755,0.6756361,-0.23424,-0.66978,10.5525,59.57,-1.4175
6734,789851,0.710284,-0.24034,-0.6497721,6.79,57.225,-4.865
6735,789948,0.7241920000000001,-0.236192,-0.635864,5.2675,53.0425,-8.2075
6736,790044,0.734928,-0.23448400000000003,-0.6224441,4.3575,47.95,-11.445
6737,790140,0.72468,-0.227408,-0.638304,4.6025,43.12,-14.3675
6738,790236,0.715164,-0.20008,-0.643672,4.62,39.13,-17.5
6739,790332,0.72468,-0.159576,-0.638548,5.04,36.89,-19.915
6740,790429,0.7176041,-0.12761199999999998,-0.643428,5.81,35.945,-21.07
6741,790525,0.7324881,-0.109556,-0.647332,6.4925,35.7875,-20.615
6742,790621,0.7327321,-0.11224,-0.64782,8.365,36.89,-18.06
6743,790717,0.720532,-0.133224,-0.648308,10.0975,38.43,-15.155
6744,790814,0.7078439999999999,-0.16592,-0.649284,10.6925,40.495,-13.23
6745,790910,0.729072,-0.125904,-0.638304,10.71,43.89,-11.7775
6746,791006,0.733464,-0.10516400000000001,-0.653432,10.6575,46.97,-9.38
6747,791102,0.7366361,-0.125416,-0.679784,9.905,52.325,-4.5675
6748,791198,0.7044279999999999,-0.21374400000000002,-0.699792,9.625,58.94,-1.925
6749,791295,0.7017439999999999,-0.217404,-0.7105279999999999,9.2225,67.585,-3.78
6750,791391,0.701012,-0.193004,-0.715408,8.9775,78.3125,-7.4025
6751,791487,0.6785640000000001,-0.174704,-0.697108,9.625,90.9825,-9.555
6752,791583,0.67832,-0.156892,-0.7195560000000001,10.1325,105.9625,-10.7975
6753,791680,0.668072,-0.128588,-0.724436,6.8075,121.6075,-12.1975
6754,791776,0.634644,-0.205936,-0.683932,7.2625,138.915,-12.495
6755,791872,0.599264,-0.22057600000000002,-0.630984,10.5175,165.0775,-11.3925
6756,791968,0.6292760000000001,-0.191052,-0.793976,8.9425,196.7875,-12.81
6757,792064,0.67466,-0.357948,-0.6463561,-2.03,215.04,-26.5125
6758,792161,0.5314321,-0.21472,-0.858392,-8.3125,257.67,-43.26
6759,792257,1.238788,-0.41016400000000003,-0.8488761,-16.3975,301.07,-56.7875
6760,792353,0.969412,-0.2684,-0.7317560000000001,-18.3225,380.2575,-57.085
6761,792449,0.993812,-0.28181999999999996,-1.000644,-23.835,461.37,-48.6325
6762,792546,1.470832,-0.195932,-1.112152,-18.0775,496.72,-44.135
6763,792642,1.9368720000000001,-0.330864,-1.0528600000000001,45.185,519.645,-39.585
6764,792738,1.7943759999999997,-0.319884,-1.430572,60.865,550.4975,-56.5075
6765,792834,1.9888439999999998,-0.47555600000000003,-1.290516,80.5,525.0,-71.7675
6766,792930,2.79868,-0.665632,-1.0004,111.1775,493.5175,-96.11
6767,793027,3.8349480000000002,-0.721996,-2.011536,200.7075,515.095,-68.705
6768,793123,2.8177119999999998,-0.643672,-2.53028,272.2825,524.86,-18.7425
6769,793219,1.7629,-1.128256,-2.447808,246.4175,412.4925,-14.8225
6770,793315,3.005592,-2.3719240000000004,-2.21552,186.06,202.65,-48.6675
6771,793411,3.3027839999999995,-2.122312,-3.923032,45.6225,39.305,-40.985
6772,793508,0.741272,-1.261236,-1.8285360000000002,-54.2675,-170.3275,-35.3675
6773,793604,0.313296,-0.6822239999999999,-1.565016,-97.07251,-218.2075,-37.275
6774,793700,0.021228,-0.230336,-1.12484,-92.71500999999999,-228.76,-43.5925
6775,793796,0.07588400000000001,-0.138836,-0.9633120999999999,-51.2925,-229.0225,-38.3775
6776,793893,0.28767600000000004,-0.293044,-0.960384,-2.94,-228.9875,-22.19
6777,793989,0.557296,-0.5843801,-0.9940559999999999,29.575,-240.3975,-3.2725
6778,794085,0.8510719999999999,-0.8239880999999999,-1.029192,32.8125,-264.3375,12.145
6779,794181,0.945256,-0.883768,-0.941108,9.625,-300.37,23.5375
6780,794278,0.8810841,-0.743712,-0.7788480999999999,-23.2225,-336.7525,30.4675
6781,794374,0.803736,-0.5368,-0.62952,-44.9225,-363.1075,35.4375
6782,794470,0.775188,-0.376736,-0.514596,-48.4925,-377.3,41.2125
6783,794566,0.76982,-0.302804,-0.43505200000000005,-38.0975,-382.55,48.265
6784,794662,0.813496,-0.308904,-0.42114399999999996,-21.56,-382.62,56.385
6785,794759,0.9391560999999999,-0.356484,-0.481412,-5.425,-379.925,64.05
6786,794855,1.095804,-0.41894799999999993,-0.548756,4.795,-379.015,71.505
6787,794951,1.179008,-0.44115200000000004,-0.5607121,8.6625,-382.235,77.6125
6788,795047,1.1873040000000001,-0.4209,-0.531188,9.9575,-385.175,81.62001
6789,795143,1.18706,-0.384544,-0.5023960999999999,13.2475,-382.7425,83.475
6790,795240,1.248548,-0.378444,-0.49776000000000004,21.8225,-374.535,85.26
6791,795336,1.363228,-0.50264,-0.5397281,34.1775,-362.8625,89.6175
6792,795432,1.4339879999999998,-0.71614,-0.6070720000000001,40.2325,-350.0525,97.05501
6793,795528,1.541104,-0.892064,-0.7407841,32.1475,-337.9775,106.7675
6794,795625,1.6235760000000001,-0.9396440999999999,-0.8881600000000001,12.6,-327.8275,120.4525
6795,795721,1.7882759999999998,-0.8903561,-1.051884,-7.7875,-318.5875,136.885
6796,795817,2.017148,-0.8222799999999999,-1.166808,-15.995,-313.145,155.2425
6797,795913,2.233332,-0.8047121,-1.191452,-13.58,-313.3375,172.7075
6798,796009,2.4077919999999997,-0.830332,-1.12484,-8.4525,-316.4,185.5525
6799,796106,2.488312,-0.9115840000000001,-0.9784401,-6.8775,-318.7975,191.3975
6800,796202,2.558584,-0.8244761,-0.8215481,-11.4275,-316.26,190.7325
6801,796298,2.632516,-0.327936,-0.745664,-14.4025,-306.775,194.4075
6802,796394,2.8321080000000003,-0.1647,-0.521672,7.4375,-292.4075,211.225
6803,796491,2.87554,-0.07393200000000001,-0.024156,32.62,-279.335,222.0225
6804,796587,2.839184,0.217404,0.680028,40.6875,-258.475,217.6125
6805,796683,2.779648,0.648796,1.5225600000000001,41.1425,-224.2275,199.43
6806,796779,2.747928,1.074088,2.114504,50.2775,-174.405,160.3525
6807,796876,2.916532,1.25538,2.246752,80.115,-113.96,101.29
6808,796972,2.761592,0.8071520000000001,1.9954319999999999,109.3925,-57.435,36.3475
6809,797068,2.577128,0.21008400000000002,1.500844,97.685,-9.415,-29.5225
6810,797164,2.434144,0.030256,0.850584,42.9625,26.9675,-89.11
6811,797260,2.324832,0.05368,0.32086,1.1725,49.28,-125.2825
6812,797357,1.036024,-0.681492,-0.08857201,-4.13,59.3425,-134.7325
6813,797453,-0.261812,-2.1520799999999998,1.1899879999999998,-78.26,133.315,-149.1175
6814,797549,0.257176,0.8676640999999999,-0.496784,-275.0825,228.8125,-208.39
6815,797645,0.746152,1.121668,-2.242848,-177.2225,292.985,-158.025
6816,797742,1.951024,1.200968,-1.3827479999999999,-6.685,296.905,-26.775
6817,797838,3.267892,1.232444,-1.9661520000000001,44.905,309.68,-13.37
6818,797934,3.5089639999999997,0.438712,-2.2067360000000003,28.4375,245.91,-60.9
6819,798030,1.501088,-0.13785999999999998,-1.097512,25.6375,148.6975,-78.7675
6820,798127,0.06075601,-0.6117081,-0.52582,24.745,124.7925,-72.9925
6821,798223,1.9224759999999999,-2.22772,-1.613084,29.2425,145.53,-50.855
6822,798319,1.6979959999999998,-0.758596,-0.537044,-54.075,112.4025,-44.66
6823,798415,0.8337481,0.49898000000000003,-1.216584,-84.735,74.69,-43.925
6824,798512,0.9562360999999999,-0.49727200000000005,-0.861808,-57.96,63.0525,-42.245
6825,798608,0.69418,-0.495076,-0.797392,-60.6375,52.57,-36.435
6826,798704,0.790072,-0.077592,-0.990884,-67.83,48.4225,-28.0175
6827,798800,0.7129681,-0.31354,-0.869616,-58.765,36.785,-27.5975
6828,798896,0.662948,-0.196664,-0.9267120000000001,-50.925,30.17,-24.185
6829,798993,0.756644,-0.044652,-0.9418401,-41.4925,26.635,-21.1225
6830,799089,0.5753520000000001,-0.266692,-0.8281360999999999,-25.4975,21.0875,-15.5925
6831,799185,0.6107319999999999,-0.20861999999999997,-0.833992,-19.4075,22.3125,-13.5625
6832,799281,0.641964,-0.141764,-0.844484,-14.91,23.03,-13.02
6833,799378,0.7327321,-0.088328,-0.8620521000000001,-8.2075,21.525,-10.6225
6834,799474,0.6229319999999999,-0.148352,-0.811056,0.1925,17.815,-7.5775
6835,799570,0.60512,-0.194956,-0.79666,5.7575,17.2375,-5.0225
6836,799666,0.623664,-0.15128,-0.783972,8.2425,17.99,-4.2175
6837,799762,0.6170760000000001,-0.118584,-0.79056,10.675,19.25,-1.68
6838,799859,0.5997520000000001,-0.172752,-0.765672,13.8775,20.37,1.085
6839,799955,0.576816,-0.16592,-0.761524,13.51,22.2775,1.085
6840,800051,0.592432,-0.20642399999999997,-0.7564001,11.1475,25.4625,0.07
6841,800147,0.609268,-0.22204000000000002,-0.7483479999999999,9.765,28.455,-0.35
6842,800244,0.6280560000000001,-0.22448,-0.748836,8.7325,30.345,-0.7875
6843,800340,0.625128,-0.2501,-0.749568,9.4325,30.905,-1.3825
6844,800436,0.6451359999999999,-0.21886799999999998,-0.752984,9.5725,30.59,-2.2925
6845,800532,0.646112,-0.201544,-0.749568,11.2525,29.96,-2.1525
6846,800629,0.623664,-0.211548,-0.752496,15.4525,28.77,-2.695
6847,800725,0.6156119999999999,-0.25961599999999996,-0.729316,20.1425,27.685,-5.635
6848,800821,0.626104,-0.258884,-0.7278521,18.9,28.21,-9.765
6849,800917,0.6007279999999999,-0.32866799999999996,-0.693692,15.1375,29.0325,-13.4225
6850,801013,0.6512359999999999,-0.204716,-0.729072,6.1425,32.2175,-17.3775
6851,801110,0.6502600000000001,-0.266936,-0.6749041,6.3525,31.6225,-21.105
6852,801206,0.662216,-0.22106399999999998,-0.69296,2.7125,31.885,-25.4275
6853,801302,0.677832,-0.22277199999999997,-0.6810039999999999,1.575,30.5725,-28.8575
6854,801398,0.678808,-0.19861600000000001,-0.6883239999999999,1.225,29.47,-30.765
6855,801495,0.677832,-0.22204000000000002,-0.682712,3.2025,28.35,-31.7275
6856,801591,0.666608,-0.201544,-0.6885680999999999,3.0275,27.9475,-31.7275
6857,801687,0.686372,-0.21838000000000002,-0.668316,2.0125,28.2275,-30.7125
6858,801783,0.6895439999999999,-0.13761600000000002,-0.702476,0.0,30.9225,-29.4875
6859,801879,0.660996,-0.166164,-0.729804,2.31,34.02,-26.985
6860,801976,0.63562,-0.16348,-0.764208,2.8175,42.2275,-24.6225
6861,802072,0.6502600000000001,-0.165432,-0.759572,5.075,54.1275,-23.5375
6862,802168,0.6368401,-0.149328,-0.756644,7.9975,68.3025,-22.6625
6863,802264,0.641232,-0.15396400000000002,-0.752984,10.675,83.4575,-20.895
6864,802361,0.658312,-0.121268,-0.759572,10.08,99.26001,-17.605
6865,802457,0.67832,-0.07198,-0.749568,9.695,115.115,-13.895
6866,802553,0.676612,-0.089304,-0.747128,11.27,130.55,-9.0825
6867,802649,0.643428,-0.178608,-0.725412,13.195,144.3225,-6.09
6868,802745,0.632448,-0.25522399999999995,-0.7176041,10.15,161.8925,-9.0825
6869,802842,0.537776,-0.311832,-0.74054,4.34,182.21,-17.045
6870,802938,0.500444,-0.407724,-0.759084,3.99,206.43,-28.3675
6871,803034,0.597312,-0.429196,-0.797636,8.715,241.9375,-39.585
6872,803130,0.494588,-0.32208000000000003,-0.7078439999999999,-0.1575,274.5575,-59.8675
6873,803227,0.831308,-0.376248,-0.754204,-6.2475,317.7125,-85.155
6874,803323,1.4837639999999999,-0.5221600000000001,-0.511424,-12.145,378.735,-112.1575
6875,803419,1.33712,-0.276452,-1.070184,-2.7475,469.455,-127.0675
6876,803515,1.7873,-0.046360000000000005,-1.23098,49.14,525.9099,-123.8825
6877,803611,1.9642,-0.390888,-1.354444,118.685,548.6775,-115.815
6878,803708,2.454396,-0.8457040000000001,-2.0108040000000003,148.89,539.2625,-123.1125
6879,803804,3.2056720000000003,-0.9564799999999999,-1.425692,162.33,494.165,-143.3425
6880,803900,2.829424,-0.661484,-1.5433,195.7025,508.585,-129.535
6881,803996,2.4988040000000002,-0.5631520000000001,-2.1347560000000003,234.115,503.7375,-100.9575
6882,804093,2.240652,-1.07482,-2.399252,228.375,409.815,-92.34751
6883,804189,2.536136,-2.502464,-2.046916,190.1725,246.6625,-97.79
6884,804285,3.400872,-2.324832,-3.7827319999999998,63.6475,91.9275,-57.7675
6885,804381,0.8888921000000001,-1.557208,-1.8343919999999998,-24.4825,-94.78,-10.99
6886,804477,0.10736,-0.9311040999999999,-1.301252,-71.47,-159.67,24.7975
6887,804574,-0.08369201,-0.47653199999999996,-0.89426,-73.2725,-158.8475,51.8875
6888,804670,0.015128,-0.345748,-0.793976,-51.835,-150.1325,75.7925
6889,804766,0.301584,-0.350628,-0.9018241,-30.9925,-147.3325,97.895
6890,804862,0.503616,-0.398452,-0.984784,-23.59,-161.84,113.645
6891,804959,0.59048,-0.341356,-0.9950319999999999,-32.62,-188.9825,120.8375
6892,805055,0.59048,-0.199104,-0.924516,-47.18,-220.71,120.855
6893,805151,0.55632,-0.048068,-0.8357,-55.3875,-249.48,116.97
6894,805247,0.576084,0.06124401,-0.761524,-53.9,-271.18,111.02
6895,805343,0.6375721,0.118828,-0.724436,-43.89,-287.6475,104.4575
6896,805440,0.7224841,0.093696,-0.7168720000000001,-30.1525,-303.3275,97.6325
6897,805536,0.8554641,0.048556,-0.7361481,-17.0975,-319.4975,90.1075
6898,805632,0.9474520000000001,-0.0051240009999999996,-0.740052,-7.6125,-336.665,82.1975
6899,805728,0.9952761,-0.022203999999999998,-0.707112,-0.805,-353.6575,75.35501
6900,805825,1.027484,-0.024156,-0.663192,7.035,-366.3625,70.945
6901,805921,1.0309,-0.04514,-0.611464,15.9425,-373.87,68.215
6902,806017,1.053592,-0.08052000000000001,-0.576328,24.465,-374.5875,65.4675
6903,806113,1.111664,-0.14005599999999999,-0.5795,30.59,-370.7725,60.9175
6904,806210,1.25294,-0.18470799999999998,-0.6373281,34.23,-364.8225,55.4225
6905,806306,1.3407799999999999,-0.186904,-0.6944241,36.0325,-359.7125,50.295
6906,806402,1.393484,-0.19642,-0.7705521,38.2025,-355.4425,48.51
6907,806498,1.374208,-0.181292,-0.815204,42.5775,-350.1925,49.875
6908,806594,1.44936,-0.172752,-0.927932,48.86,-341.81,52.9375
6909,806691,1.608692,-0.233264,-1.074576,58.765,-332.9025,58.415
6910,806787,1.8646479999999999,-0.321592,-1.217804,68.845,-326.2,65.0825
6911,806883,2.1164560000000003,-0.34257600000000005,-1.327116,75.81,-324.5375,75.04
6912,806979,2.3977880000000003,-0.202764,-1.4391120000000002,81.2875,-327.0925,89.1975
6913,807076,2.6388599999999998,0.077592,-1.4776639999999999,91.6475,-333.235,109.025
6914,807172,2.691808,0.221796,-1.265628,107.205,-343.875,125.825
6915,807268,2.5693200000000003,0.2867,-0.9242720999999999,107.31,-348.4075,126.0
6916,807364,2.46806,0.379176,-0.599264,83.59751,-337.8025,106.4175
6917,807461,2.554192,0.6600201,-0.345016,47.18,-312.935,73.605
6918,807557,2.7142560000000002,1.0004,0.02684,23.45,-283.2725,41.125
6919,807653,2.822104,1.029436,0.773968,23.485,-259.735,6.9825
6920,807749,3.010472,1.441064,1.5706280000000001,30.9575,-236.005,-46.6375
6921,807845,3.062688,2.124752,2.0803439999999997,62.195,-197.7675,-105.49
6922,807942,2.71084,1.621624,2.256512,131.1275,-147.1225,-135.2575
6923,808038,2.3868080000000003,0.42748800000000003,1.893684,139.7025,-82.1275,-156.8875
6924,808134,2.39974,0.195688,1.010892,46.1825,-17.5175,-197.1725
6925,808230,2.234064,0.447984,0.18470799999999998,-40.1975,18.9525,-228.8475
6926,808327,1.1829120000000002,-1.60674,0.52094,-78.7325,65.36251,-264.145
6927,808423,0.2318,-1.543788,-0.34794400000000003,-220.4825,141.9075,-360.15
6928,808519,0.011468,-0.791292,-1.985428,-253.61,203.1225,-373.5025
6929,808615,0.590236,-1.3969,-0.018056,-130.1825,223.965,-205.2925
6930,808712,3.065128,0.09613601,-2.149884,-86.695,313.0575,-75.4775
6931,808808,3.579968,1.8292680000000001,-2.04228,-105.525,295.47,-19.8975
6932,808904,0.735416,1.4513120000000002,-1.0972680000000001,-90.30001,204.4175,-16.3625
6933,809000,-0.634156,0.42724399999999996,-0.58682,-57.4525,197.1025,-34.3875
6934,809096,2.76452,-1.9297959999999998,-1.2136559999999998,-59.955,213.2025,-38.57
6935,809193,2.77672,1.35786,-2.250656,-175.665,141.6975,-72.66
6936,809289,1.458388,0.195688,-1.4313040000000001,-122.15,48.685,-73.4125
6937,809385,0.7849480999999999,-0.394304,-0.8357,-46.48,30.52,-41.72
6938,809481,0.916464,-0.101992,-0.818376,-36.9775,36.9425,-24.6575
6939,809578,0.744444,-0.019032,-0.899384,-14.525,29.435,-18.7425
6940,809674,0.8327720999999999,-0.118096,-0.7483479999999999,-8.5575,28.8575,-13.02
6941,809770,0.663924,-0.11736400000000001,-0.8052,0.595,21.945,-7.9975
6942,809866,0.674172,-0.043432,-0.8247200000000001,1.33,21.455,-6.3525
6943,809963,0.683932,-0.051972000000000004,-0.8166680000000001,6.02,21.1925,-2.7125
6944,810059,0.6558721,-0.0549,-0.8052,10.255,21.2275,0.6475
6945,810155,0.65758,-0.10004,-0.778116,14.0175,21.805,3.71
6946,810251,0.6707561,-0.09540401,-0.7664041,17.3075,21.8225,5.6175
6947,810347,0.637084,-0.131028,-0.7612800999999999,20.2475,21.8925,7.42
6948,810444,0.6329359999999999,-0.138836,-0.777628,21.5425,24.01,9.5025
6949,810540,0.633912,-0.166408,-0.76982,24.4475,25.97,10.9025
6950,810636,0.625128,-0.21301199999999998,-0.7417600000000001,24.675,28.1575,10.5175
6951,810732,0.6224441,-0.203984,-0.764696,21.7,30.6425,8.19
6952,810829,0.621224,-0.18324400000000002,-0.769088,21.8225,33.0925,6.2475
6953,810925,0.6314721,-0.185196,-0.7473721,27.58,36.0675,3.9025
6954,811021,0.601216,-0.35160399999999997,-0.7068681,28.0875,39.9175,1.4525
6955,811117,0.644404,-0.219844,-0.747128,18.025,46.7075,-2.1875
6956,811214,0.6451359999999999,-0.30256,-0.7078439999999999,20.93,48.9825,-5.4425
6957,811310,0.62952,-0.317444,-0.693204,21.2975,50.085,-11.9875
6958,811406,0.644892,-0.308172,-0.696864,24.85,50.1725,-20.6675
6959,811502,0.652944,-0.26961999999999997,-0.720776,31.3075,49.2275,-29.8375
6960,811598,0.613416,-0.2623,-0.7093081,41.72,46.8825,-39.7425
6961,811695,0.6019479999999999,-0.330864,-0.7200439999999999,58.135,44.8525,-52.605
6962,811791,0.613416,-0.321592,-0.7139439999999999,80.3075,43.6625,-68.985
6963,811887,0.61122,-0.376736,-0.682712,105.175,41.37,-89.565
6964,811983,0.666608,-0.357948,-0.665876,129.325,39.6725,-111.265
6965,812080,0.694912,-0.389912,-0.589016,151.9175,36.855,-132.44
6966,812176,0.735904,-0.364048,-0.55388,168.4725,34.5975,-149.8875
6967,812272,0.801296,-0.36234,-0.502884,181.37,30.1875,-162.715
6968,812368,0.8359440999999999,-0.29402,-0.47994799999999993,187.6875,25.7425,-169.8725
6969,812464,0.8637601,-0.267424,-0.44212799999999997,187.6875,20.3525,-171.7975
6970,812561,0.8791321,-0.20374,-0.44652,183.19,15.085,-167.86
6971,812657,0.8884040000000001,-0.138836,-0.45335200000000003,174.09,9.9225,-161.3675
6972,812753,0.8840120000000001,-0.121512,-0.47384799999999994,160.7725,5.425,-152.2675
6973,812849,0.8801081000000001,-0.08808401,-0.494588,143.465,2.0125,-140.7875
6974,812946,0.8657120999999999,-0.044896,-0.522892,125.93,0.49,-127.3475
6975,813042,0.8459479999999999,-0.019275999999999998,-0.552904,109.9175,0.245,-113.855
6976,813138,0.8437520000000001,-0.00366,-0.563884,96.63501,0.5075,-101.15
6977,813234,0.8432639999999999,0.016592,-0.5838920999999999,84.98,1.1725,-88.3575
6978,813330,0.815448,-0.025376,-0.614392,73.885,2.485,-75.6525
6979,813427,0.7998321,-0.037088,-0.6265921,60.48,5.8625,-64.575
6980,813523,0.787632,-0.052216,-0.6290319999999999,48.685,10.9025,-55.7025
6981,813619,0.90646,0.162504,-0.903532,45.465,18.7425,-47.25
6982,813715,0.7659161,-0.10223600000000001,-0.557296,48.6675,27.545,-38.64
6983,813812,0.712724,-0.114436,-0.6956439999999999,39.6725,40.67,-38.8675
6984,813908,0.7356600000000001,-0.08808401,-0.662948,41.3175,56.5775,-40.39
6985,814004,0.705892,-0.06539201,-0.670512,53.235,76.3875,-42.735
6986,814100,0.671488,-0.06466001,-0.6600201,71.5575,102.7425,-46.795
6987,814196,0.74298,-0.233264,-0.8574161,94.09751,137.83,-53.8475
6988,814293,0.647576,-0.375272,-0.8488761,112.2625,171.9725,-67.2175
6989,814389,0.828868,-0.37332,-0.9398880999999999,132.405,225.4525,-82.3725
6990,814485,0.895236,-0.333304,-1.068232,171.815,281.4,-95.375
6991,814581,1.613084,-0.28987199999999996,-1.384944,241.1325,332.8675,-95.585
6992,814678,1.707024,-0.467016,-1.544276,330.05,362.53,-87.90250999999999
6993,814774,1.9041759999999999,-0.708576,-1.6479759999999999,375.165,345.66,-97.28251
6994,814870,2.917264,-0.992348,-1.498404,416.2025,311.4475,-116.445
6995,814966,2.233088,-0.40504,-1.2785600000000001,418.635,278.1975,-131.4075
6996,815062,1.8458599999999998,-0.024888,-1.699948,425.6875,206.3425,-140.2275
6997,815159,0.83936,-0.31890799999999997,-1.975668,437.325,86.6775,-160.685
6998,815255,0.319152,-1.0504200000000001,-1.306132,412.9825,-0.3325,-190.8725
6999,815351,0.088328,-1.819752,-1.27124,355.04,-33.46,-197.715
7000,815447,-0.30622,-1.7690000000000001,-0.9860040999999999,276.9725,-44.4675,-160.65
7001,815543,0.130296,-1.497184,-1.371768,214.3575,-29.1375,-88.7775
7002,815640,0.28621199999999997,-1.140456,-1.5494,183.4875,-42.245,3.6225
7003,815736,0.20861999999999997,-0.770308,-1.5340280000000002,165.2,-72.45,87.97251
7004,815832,0.195444,-0.26913200000000004,-1.497916,144.6375,-99.9775,145.2675
7005,815928,0.244,0.386008,-1.51524,126.6475,-123.76,173.3375
7006,816025,0.35014,1.068476,-1.548668,129.6925,-147.875,181.475
7007,816121,0.46457600000000004,1.377624,-1.5347600000000001,162.645,-175.4375,176.225
7008,816217,0.654896,1.35176,-1.522316,202.335,-203.4025,159.3025
7009,816313,0.797148,1.232932,-1.4903520000000001,218.5925,-230.7725,131.5475
7010,816409,0.854244,1.262944,-1.397144,212.7825,-254.3625,99.61
7011,816506,0.9113399999999999,1.353224,-1.305644,201.1975,-270.0425,71.05
7012,816602,0.97234,1.309304,-1.308084,195.4575,-279.02,49.2275
7013,816698,1.0316319999999999,1.2756319999999999,-1.238544,196.1575,-285.985,34.3
7014,816794,1.110688,1.128012,-1.247572,186.025,-292.285,18.2525
7015,816891,1.21878,1.08336,-1.316624,167.8075,-298.585,3.0275
7016,816987,1.2402520000000001,1.057008,-1.29564,150.4475,-308.7175,-9.3975
7017,817083,1.1448479999999999,0.998448,-1.18462,138.67,-319.76,-19.0225
7018,817179,1.065304,0.9235399999999999,-1.1131280000000001,130.2175,-325.395,-28.5775
7019,817276,1.036512,0.779824,-1.068476,124.1275,-325.535,-39.13
7020,817372,1.025776,0.6512359999999999,-1.0169920000000001,116.27,-324.065,-51.3975
7021,817468,0.9845401,0.582428,-0.967216,107.45,-320.0925,-64.54
7022,817564,0.9825879999999999,0.517524,-0.9435479999999999,102.795,-312.9525,-76.86
7023,817660,0.9989360999999999,0.456524,-0.8976761000000001,103.6875,-304.01,-86.4675
7024,817757,0.964532,0.37551599999999996,-0.809836,105.98,-292.6525,-92.12001
7025,817853,1.032608,0.322324,-0.821792,106.7675,-275.4675,-93.31
7026,817949,1.253428,0.28377199999999997,-0.9357401,107.7125,-255.745,-89.8975
7027,818045,1.491572,0.20618000000000003,-1.033584,108.6225,-242.62,-82.5125
7028,818142,1.619184,0.14493599999999998,-0.9572120999999999,106.26,-236.88,-71.96
7029,818238,1.637972,0.064172,-0.7422481,97.615,-231.9275,-60.8475
7030,818334,1.6552959999999999,0.01098,-0.5009319999999999,83.4225,-221.305,-52.0975
7031,818430,1.701412,0.025863999999999998,-0.318664,67.9,-203.98,-44.4325
7032,818526,1.700436,0.10614000000000001,-0.07588400000000001,58.0825,-182.35,-33.915
7033,818623,1.708488,-0.21374400000000002,0.33013200000000004,55.6325,-151.2,-23.275
7034,818719,1.860744,0.5499761,0.452132,19.95,-103.775,-33.6525
7035,818815,2.13378,0.966728,0.25351599999999996,16.4325,-65.45,-44.3975
7036,818911,2.117188,0.9084121,0.397476,39.8125,-46.0075,-53.4275
7037,819008,1.967128,0.859856,0.579256,34.0375,-24.0625,-82.495
7038,819104,1.833416,0.8569280999999999,0.6463561,-3.15,2.45,-125.965
7039,819200,1.7563119999999999,0.719312,0.8945040000000001,-50.2775,34.5975,-168.945
7040,819296,1.753384,1.332484,1.257332,-97.545,76.30001,-199.7275
7041,819392,2.354844,0.565104,-1.5584280000000001,-68.6175,119.1575,-177.345
7042,819489,1.9205240000000001,-1.286368,-2.253828,17.605,103.1975,-94.95501
7043,819585,0.684664,-1.260504,-0.8906,-14.0175,65.0475,-53.4275
7044,819681,-0.072712,0.200324,-0.544852,-52.185,69.51,-38.1325
7045,819777,0.042456,0.7564001,-0.503616,-37.415,96.86251,-35.91
7046,819874,0.47067600000000004,0.057828,-0.8991401,-14.8225,108.8325,-59.815
7047,819970,2.502464,-1.741428,-1.522804,-40.25,106.0675,-68.79251
7048,820066,0.6824680000000001,0.565104,-0.666852,-82.6525,57.855,-35.2625
7049,820162,1.505236,0.604632,-1.7028759999999998,-75.425,51.1875,-27.86
7050,820258,0.447984,-0.349652,-0.693204,-40.985,20.79,-26.2325
7051,820355,0.485804,-0.11224,-1.006256,-20.58,21.35,-12.46
7052,820451,0.7476161,-0.196664,-0.862784,-12.3375,23.835,-14.07
7053,820547,0.709796,-0.057096,-0.8852321,-3.08,21.805,-11.165
7054,820643,0.7141881,-0.07173600000000001,-0.8364321,5.67,19.215,-5.95
7055,820740,0.6197600000000001,-0.144448,-0.81984,12.11,16.3975,-0.735
7056,820836,0.6219561,-0.09418401,-0.8571719999999999,13.8075,16.205,2.03
7057,820932,0.640012,-0.134444,-0.832528,17.7625,17.43,4.795
7058,821028,0.620736,-0.132248,-0.81618,20.3525,17.9025,7.21
7059,821124,0.59658,-0.122976,-0.826672,22.2425,18.585,10.0625
7060,821221,0.58682,-0.14786400000000002,-0.8117880000000001,24.3075,20.615,11.9175
7061,821317,0.61488,-0.173484,-0.79178,26.915,22.7325,12.32
7062,821413,0.6158561,-0.188368,-0.7666480999999999,28.98,24.0625,11.83
7063,821509,0.600484,-0.171532,-0.7732359999999999,29.61,25.0775,11.7425
7064,821606,0.59536,-0.22252800000000003,-0.762744,30.9925,26.9675,12.2675
7065,821702,0.566812,-0.177876,-0.7954399999999999,31.5525,30.065,11.48
7066,821798,0.56852,-0.21838000000000002,-0.780068,34.5275,33.6175,8.785
7067,821894,0.5743761,-0.245464,-0.7373681,35.315,36.9425,3.8325
7068,821991,0.5826720000000001,-0.220088,-0.7407841,29.89,39.2175,-2.485
7069,822087,0.58316,-0.18788,-0.753472,27.615,40.7575,-7.7175
7070,822183,0.6007279999999999,-0.277916,-0.746152,30.31,42.1225,-11.235
7071,822279,0.601704,-0.231312,-0.798856,31.71,41.58,-18.34
7072,822375,0.5655920999999999,-0.36722,-0.7500560000000001,38.3775,39.4975,-27.09
7073,822472,0.547292,-0.22496799999999997,-0.764696,37.4675,42.455,-39.97
7074,822568,0.619272,-0.126392,-0.7747001,46.305,45.9025,-53.445
7075,822664,0.5934081,-0.23448400000000003,-0.720288,70.63,44.065,-72.765
7076,822760,0.641232,-0.249612,-0.7134560999999999,91.665,44.17,-93.9225
7077,822857,0.702476,-0.312808,-0.638548,110.6875,42.5075,-113.8725
7078,822953,0.7439560000000001,-0.306952,-0.620736,122.4125,39.76,-131.32
7079,823049,0.7734800000000001,-0.2501,-0.550708,129.5525,36.33,-144.795
7080,823145,0.811056,-0.26766799999999996,-0.542656,137.3225,32.865,-153.0725
7081,823242,0.815936,-0.29377600000000004,-0.50264,141.3475,29.0325,-158.235
7082,823338,0.898164,-0.23521599999999998,-0.50508,137.795,26.2675,-159.565
7083,823434,0.8271601000000001,-0.28694400000000003,-0.49288000000000004,130.0425,23.45,-157.2025
7084,823530,0.778604,-0.267424,-0.528016,118.3525,21.7525,-152.46
7085,823626,0.7881199999999999,-0.270352,-0.565836,102.235,23.6075,-145.565
7086,823723,0.792024,-0.138836,-0.582428,84.6475,27.7025,-135.065
7087,823817,0.793976,-0.090768,-0.603168,72.73,31.1325,-121.555
7088,823914,0.743712,-0.079056,-0.642452,63.91,33.7575,-105.7875
7089,824010,0.752008,-0.014884,-0.7046720999999999,49.805,39.9,-89.25
7090,824106,0.68686,-0.08881599,-0.752496,35.035,48.1775,-71.3125
7091,824202,0.673196,-0.119072,-0.75884,21.1925,61.8625,-57.2775
7092,824299,0.677344,-0.121512,-0.7473721,9.765,79.9925,-49.3675
7093,824395,0.6736840000000001,-0.11760799999999999,-0.7673800000000001,2.275,100.065,-44.5025
7094,824491,0.640256,-0.079056,-0.791536,-3.6575,120.645,-39.6025
7095,824587,0.589992,-0.172264,-0.712724,-9.5025,139.5625,-36.925
7096,824683,0.6919841,-0.21667199999999998,-0.6912520000000001,-14.035,168.35,-35.35
7097,824780,0.556076,-0.249856,-0.679784,-16.5025,195.8775,-40.81
7098,824876,0.9384239999999999,-0.327692,-0.7183361,-26.8625,218.82,-55.79
7099,824972,0.8632719999999999,-0.377956,-0.44505600000000006,-36.05,251.7375,-71.85501
7100,825068,1.035048,-0.21667199999999998,-0.6466,-29.9775,320.8975,-86.18751
7101,825165,0.685884,-0.059536,-0.85034,-6.4925,393.785,-95.3575
7102,825261,1.2141440000000001,-0.287432,-0.924516,28.315,427.9625,-94.64
7103,825357,1.8402479999999999,0.06588,-0.731268,74.2175,456.6275,-109.305
7104,825453,1.591856,-0.33379200000000003,-0.835456,114.205,492.275,-120.365
7105,825550,2.375584,-1.0208959999999998,-1.719468,130.9525,510.0025,-134.5925
7106,825646,2.345572,-1.131916,-1.497916,114.8525,474.4775,-181.1425
7107,825742,3.977932,-0.785924,-1.474492,108.5525,452.2175,-218.2425
7108,825838,3.580456,-0.806908,-2.145492,161.8225,466.6025,-189.4725
7109,825935,3.172488,-1.137528,-2.3616759999999997,182.105,391.685,-160.79
7110,826031,1.756068,-2.446588,-3.063908,100.0125,214.515,-166.845
7111,826127,3.9149800000000003,-2.388516,-3.8835040000000003,11.515,22.7675,-106.9075
7112,826223,0.765184,-1.8602560000000001,-1.9358959999999998,-34.1775,-162.925,-16.065
7113,826320,-0.24424400000000002,-1.192184,-1.049688,-74.9,-224.945,24.0625
7114,826416,-0.162748,-0.671244,-0.9547720999999999,-79.94,-187.04,44.135
7115,826512,0.181292,-0.532408,-1.114592,-65.205,-163.975,61.32
7116,826608,0.536068,-0.5172800999999999,-1.342244,-45.6225,-167.51,80.2025
7117,826704,0.7612800999999999,-0.510692,-1.400072,-34.58,-197.33,96.98501
7118,826801,0.7993439999999999,-0.484584,-1.297836,-34.8775,-237.7375,109.9
7119,826897,0.7617681,-0.349896,-1.105564,-41.5975,-275.4325,118.755
7120,826993,0.676856,-0.23668000000000003,-0.9140241,-46.2875,-304.08,125.335
7121,827089,0.6558721,-0.11712,-0.778604,-45.8325,-321.93,131.6525
7122,827186,0.6939361,-0.046360000000000005,-0.6912520000000001,-39.6725,-331.415,138.985
7123,827282,0.767624,-0.06661201,-0.644892,-31.6925,-336.385,147.2275
7124,827378,0.800808,-0.133956,-0.610488,-29.3475,-339.2025,153.3525
7125,827474,0.82594,-0.15128,-0.5873079999999999,-36.4175,-339.1325,154.4025
7126,827570,0.8805960999999999,-0.10614000000000001,-0.582916,-47.355,-335.9475,150.465
7127,827667,0.9440360999999999,-0.040992,-0.592188,-55.1775,-331.52,142.835
7128,827763,0.992348,-0.01586,-0.607316,-55.825,-327.3025,133.0
7129,827859,1.081164,-0.047336,-0.6514800000000001,-51.205,-323.4875,122.08
7130,827955,1.144116,-0.12712400000000001,-0.691496,-45.465,-320.39,111.9475
7131,828052,1.19926,-0.212036,-0.7390760000000001,-42.9625,-317.8875,102.6725
7132,828148,1.231468,-0.262544,-0.781044,-44.1,-314.1775,95.9875
7133,828244,1.22244,-0.260104,-0.8235001000000001,-47.2675,-309.785,90.2475
7134,828340,1.219268,-0.25522399999999995,-0.8888921000000001,-45.6575,-303.555,84.875
7135,828437,1.321016,-0.25058800000000003,-1.024556,-37.975,-295.7325,78.3125
7136,828533,1.5706280000000001,-0.286456,-1.2336639999999999,-22.4875,-290.3775,71.645
7137,828629,1.915888,-0.44408000000000003,-1.413248,-0.14,-293.16,67.585
7138,828725,2.1838,-0.6456241,-1.45546,17.815,-306.1625,64.68
7139,828821,2.338252,-0.800076,-1.3590799999999998,25.6375,-322.4025,62.79
7140,828918,2.4978279999999997,-0.8657120999999999,-1.18462,29.1725,-333.795,64.8375
7141,829014,2.610068,-0.671976,-0.8847440999999999,32.55,-338.8,75.7575
7142,829110,2.71572,-0.48702399999999996,-0.5980439999999999,46.0775,-332.605,100.415
7143,829206,2.8491880000000003,-0.4941,-0.194468,68.6,-319.8475,127.0675
7144,829303,2.7894080000000003,-0.231068,0.359168,73.185,-298.515,142.555
7145,829399,2.5644400000000003,0.325252,1.057496,76.825,-260.6975,147.07
7146,829495,2.687904,0.6954,1.50426,100.485,-205.0475,139.0725
7147,829591,3.122224,0.7422481,1.6897,132.93,-153.055,113.9775
7148,829687,3.3759839999999994,0.748592,1.850496,147.7,-116.97,71.7325
7149,829784,3.144428,0.633668,1.9583439999999999,142.1,-88.62,23.7125
7150,829880,2.797216,0.476288,1.80072,117.9325,-52.955,-21.8575
7151,829976,2.6400799999999998,0.29402,1.289784,86.0825,-11.6375,-58.87
7152,830072,2.236992,-1.8112119999999998,1.511092,46.8825,45.675,-91.6825
7153,830169,-0.0488,-0.020008,2.295064,-151.0075,163.6425,-175.3325
7154,830265,1.446676,0.678808,-2.9209240000000003,-255.815,266.56,-247.135
7155,830361,1.197552,0.8669319999999999,-2.005436,-133.5775,264.425,-142.52
7156,830457,3.1280799999999997,1.222684,-1.96176,-46.06,302.155,-75.9325
7157,830553,3.874232,1.1270360000000001,-2.650572,-49.945,267.085,-98.0175
7158,830650,1.2021879999999998,0.390644,-1.0340719999999999,-16.6775,160.9475,-86.9575
7159,830746,-0.006832001,-0.440176,-0.533384,-0.9975,133.0525,-103.355
7160,830842,0.777872,-0.7820199999999999,-0.6007279999999999,15.1725,149.4325,-84.7525
7161,830938,2.997052,-2.139148,-1.469856,-17.4475,145.425,-68.775
7162,831035,0.823744,0.524356,-1.005768,-100.17,75.04,-56.665
7163,831131,0.6182960999999999,0.07027201,-1.0206520000000001,-84.21,61.46,-54.285
7164,831227,0.8605879999999999,-0.8554641,-0.758596,-65.15250999999999,56.6125,-48.86
7165,831323,0.505324,-0.14274,-0.9032879999999999,-75.8625,53.8125,-36.435
7166,831419,0.9408639999999999,-0.06466001,-1.109224,-75.635,52.1325,-35.8575
7167,831516,0.66368,-0.116632,-0.921832,-64.54,37.0125,-36.5225
7168,831612,0.555832,-0.211792,-0.9084121,-50.295,32.41,-29.7675
7169,831708,0.68808,-0.090036,-0.916464,-40.8625,32.935,-25.3925
7170,831804,0.779092,-0.023424,-0.9254921,-26.6525,28.945,-20.1775
7171,831901,0.64172,-0.15201199999999998,-0.8317960999999999,-10.8675,24.955,-13.8425
7172,831997,0.5875520000000001,-0.181536,-0.8298440999999999,-1.5225,25.27,-9.3625
7173,832093,0.5897479999999999,-0.135908,-0.8352120000000001,2.065,26.2325,-8.8725
7174,832189,0.6224441,-0.126392,-0.8147161,5.11,26.6175,-9.485
7175,832286,0.661972,-0.08808401,-0.785924,7.7,26.1625,-9.4675
7176,832382,0.637084,-0.081252,-0.792024,9.8525,26.39,-7.385
7177,832478,0.611952,-0.136884,-0.7861680999999999,13.0025,26.985,-4.7775
7178,832574,0.606584,-0.159576,-0.809348,14.4025,30.31,-3.0625
7179,832670,0.599264,-0.2196,-0.77836,15.4,34.615,-2.4675
7180,832767,0.6182960999999999,-0.143716,-0.779092,16.66,37.345,-4.375
7181,832863,0.586088,-0.193492,-0.769088,21.735,37.59,-6.72
7182,832959,0.568032,-0.340868,-0.74298,24.7975,39.2,-10.22
7183,833055,0.589504,-0.219112,-0.7795801,9.905,45.1325,-15.225
7184,833151,0.654408,-0.22643200000000002,-0.721996,4.5325,49.7175,-17.4825
7185,833248,0.6844201,-0.162992,-0.724924,4.6025,49.8225,-17.36
7186,833344,0.6695361,-0.181536,-0.719312,2.835,49.7,-17.0275
7187,833440,0.6756361,-0.183976,-0.7239479999999999,2.065,48.5275,-17.395
7188,833536,0.6707561,-0.199104,-0.714676,0.7,46.9875,-19.46
7189,833633,0.6844201,-0.17738800000000002,-0.691008,-0.2975,46.0425,-22.2075
7190,833729,0.69418,-0.15494000000000002,-0.6790520999999999,0.665,46.27,-23.9575
7191,833825,0.671488,-0.14713199999999999,-0.69662,3.15,47.0225,-23.9925
7192,833921,0.676124,-0.125904,-0.697108,6.335,50.0325,-23.9575
7193,834017,0.666608,-0.125172,-0.700036,10.255,54.3375,-23.765
7194,834114,0.684176,-0.089304,-0.68686,13.3,59.4825,-22.1025
7195,834210,0.6939361,-0.063928,-0.706136,16.765,65.5725,-18.375
7196,834306,0.6790520999999999,-0.118096,-0.6724640000000001,19.145,71.6975,-14.1925
7197,834402,0.680516,-0.173728,-0.679784,20.3525,79.345,-11.375
7198,834498,0.666608,-0.152256,-0.7176041,19.285,87.2375,-9.9925
7199,834595,0.713212,-0.11541199999999999,-0.714676,16.2225,96.6175,-7.0875
7200,834691,0.686616,-0.14786400000000002,-0.709064,14.8575,105.245,-5.1275
7201,834787,0.6763680000000001,-0.22252800000000003,-0.687104,15.365,115.8675,-6.4925
7202,834883,0.684908,-0.18178,-0.660752,11.76,130.13,-10.64
7203,834979,0.6344,-0.150304,-0.715164,5.9675,144.27,-16.5375
7204,835076,0.65758,-0.20374,-0.668316,1.8025,160.16,-19.0225
7205,835172,0.668072,-0.266204,-0.6832,-0.2625,189.0875,-14.2625
7206,835268,0.45603599999999994,-0.302316,-0.660752,-5.915,215.81,-16.5725
7207,835364,1.140212,-0.45725600000000005,-0.7795801,-26.39,243.845,-40.5475
7208,835461,0.6009720000000001,-0.36941599999999997,-0.649528,-32.235,289.065,-64.5925
7209,835557,1.563796,-0.386008,-0.699548,-50.4875,342.5975,-71.2075
7210,835653,0.583648,-0.102968,-0.9110959999999999,-35.63,425.285,-66.3425
7211,835749,0.794952,-0.132004,-1.023336,-10.71,488.145,-61.215
7212,835845,1.527196,-0.240096,-0.9264680000000001,29.1025,515.55,-53.7075
7213,835942,1.8361,-0.288408,-0.490928,73.675,541.6775,-50.8725
7214,836038,1.9781080000000002,-0.34257600000000005,-1.510848,39.165,572.8625,-64.89
7215,836134,1.926136,-0.462624,-1.4518,73.90250999999999,567.5425,-66.045
7216,836230,2.60836,-0.7771399999999999,-0.7537159999999999,170.17,512.1725,-104.86
7217,836327,5.51196,-0.8271601000000001,-2.0620439999999998,218.575,486.43,-123.795
7218,836423,4.6909,-1.170712,-2.691076,301.035,492.905,-46.3575
7219,836519,1.397144,-2.2423599999999997,-3.121004,211.2075,353.6925,-56.3675
7220,836615,4.402004,-2.8782240000000003,-3.5807,21.1575,103.9675,-87.6925
7221,836711,1.630652,-1.520364,-3.127348,-105.8225,-91.455,-50.5575
7222,836808,-0.1464,-0.6392800000000001,-1.505236,-147.595,-221.375,-41.44
7223,836904,-0.225944,0.0017079999999999999,-1.390556,-111.405,-201.635,-44.45
7224,837000,0.040016,-0.022692,-1.318088,-39.3225,-187.6,-38.0275
7225,837096,0.454084,-0.540948,-1.487668,30.0125,-191.625,-14.8925
7226,837193,0.8405800999999999,-1.001132,-1.506212,51.345,-224.945,7.56
7227,837289,0.9318360000000001,-1.173884,-1.339316,22.6975,-276.815,21.385
7228,837385,0.8735200000000001,-0.9974719999999999,-1.075308,-29.9075,-326.4275,26.9675
7229,837481,0.8281360999999999,-0.70028,-0.8554641,-69.7725,-361.585,31.6925
7230,837577,0.8486319999999999,-0.483364,-0.7088201,-83.615,-383.635,38.15
7231,837674,0.877424,-0.396744,-0.6283,-77.0175,-398.09,46.7425
7232,837770,0.967216,-0.34867600000000004,-0.5875520000000001,-62.755,-408.5725,55.125
7233,837866,1.021872,-0.316712,-0.5321640000000001,-47.74,-417.3575,62.7375
7234,837962,1.0121120000000001,-0.321592,-0.441884,-33.81,-422.415,67.795
7235,838058,0.990884,-0.3233,-0.377712,-23.17,-420.1225,69.66751
7236,838155,1.0077200000000002,-0.294752,-0.35233600000000004,-15.05,-409.6575,68.8625
7237,838251,1.06994,-0.298656,-0.378688,-5.67,-394.2925,67.2875
7238,838347,1.206824,-0.350628,-0.477508,4.83,-377.3875,65.7475
7239,838443,1.431548,-0.42285200000000006,-0.60878,12.985,-363.755,64.82
7240,838540,1.5347600000000001,-0.510204,-0.686616,17.7275,-356.405,66.675
7241,838636,1.533784,-0.6039,-0.725412,17.4125,-352.17,71.82
7242,838732,1.469368,-0.64294,-0.742004,10.43,-346.325,78.89
7243,838828,1.391532,-0.576084,-0.7812880999999999,-0.2275,-335.9825,84.5425
7244,838924,1.410808,-0.48068,-0.8874280999999999,-3.57,-321.37,89.8975
7245,839021,1.579656,-0.40992,-1.0645719999999999,5.74,-306.425,95.235
7246,839117,1.932724,-0.450424,-1.280512,27.1775,-296.905,101.465
7247,839213,2.328492,-0.604632,-1.462536,50.3825,-299.215,108.955
7248,839309,2.630564,-0.7415161,-1.5142639999999998,64.12,-314.755,116.935
7249,839406,2.672044,-0.797392,-1.37616,64.41751,-338.2225,124.985
7250,839502,2.571516,-0.595604,-1.106784,57.365,-356.2475,134.785
7251,839598,2.567368,-0.24326799999999998,-0.9086559999999999,57.435,-357.9275,151.69
7252,839694,2.622512,-0.087352,-0.5843801,75.04,-347.9,172.2
7253,839790,2.690344,0.162504,-0.14347200000000002,93.4325,-328.2125,185.3075
7254,839887,2.7730599999999996,0.524356,0.520208,112.455,-296.24,188.9825
7255,839983,3.073424,0.638792,1.18828,137.1825,-252.9625,177.1525
7256,840079,3.5211639999999997,0.786656,1.7794919999999999,146.09,-209.4225,139.125
7257,840175,3.5563,1.078968,2.253828,133.49,-167.895,86.5375
7258,840272,3.13662,0.8967,2.493436,119.6475,-117.5825,38.325
7259,840368,2.88164,0.354044,2.073268,83.4925,-48.8775,-10.6925
7260,840464,3.189324,0.217404,1.10532,22.05,18.375,-58.0125
7261,840560,3.050976,0.33305999999999997,0.505324,-22.6975,50.96,-80.6925
7262,840656,1.4835200000000002,-0.08369201,-0.018056,-26.425,62.9125,-81.69001
7263,840753,-1.403,-1.5725799999999999,-0.711016,-86.03,132.965,-94.43
7264,840849,-1.4215440000000001,0.14518,-0.9884440000000001,-239.05,221.41,-156.8875
7265,840945,-0.485072,1.9766439999999998,-0.11248399999999999,-208.3025,294.105,-145.4775
7266,841041,4.014044,1.263676,-2.578348,-45.0975,394.345,-87.3775
7267,841138,4.9590559999999995,1.383968,-2.9567919999999996,11.48,357.0175,-58.7825
7268,841234,2.5405279999999997,0.587796,-2.0037279999999997,-2.415,225.8025,-82.075
7269,841330,0.628544,-0.38966799999999996,-0.9472079999999999,10.5525,160.2475,-110.6875
7270,841426,0.166164,-0.715164,-0.318176,16.0125,158.41,-94.255
7271,841522,1.398364,-0.30744,-0.9442801,28.665,177.87,-65.275
7272,841619,3.3203519999999997,-2.086688,-1.777052,1.9425,152.6875,-55.265
7273,841715,0.547292,-0.012688,-0.8174001000000001,-81.515,72.7475,-39.41
7274,841811,0.5843801,-0.096868,-0.8552200000000001,-75.6,68.355,-33.075
7275,841907,0.9442801,-0.705404,-0.8420440999999999,-65.3275,64.645,-33.67
7276,842004,0.506788,-0.132004,-0.8969440000000001,-74.585,56.49,-27.6675
7277,842100,0.6107319999999999,-0.298412,-0.892064,-74.97,54.6525,-31.5
7278,842196,0.750788,-0.24107199999999998,-0.900848,-77.14,51.0825,-35.7175
7279,842292,0.687348,-0.039772,-0.998692,-72.625,43.5575,-33.8975
7280,842388,0.7468840999999999,-0.05636401,-0.9198799999999999,-58.87,33.6875,-33.7575
7281,842485,0.56608,-0.26352,-0.833992,-51.415,25.97,-34.2475
7282,842581,0.674172,-0.091988,-0.8998719999999999,-47.8625,24.22,-34.0725
7283,842677,0.5648601,-0.14688800000000002,-0.8425321,-40.39,18.34,-32.655
7284,842773,0.682956,-0.034404000000000004,-0.830576,-33.355,17.395,-28.595
7285,842870,0.563884,-0.155916,-0.8195960999999999,-25.41,14.4375,-24.885
7286,842966,0.5665680000000001,-0.160552,-0.8376520000000001,-20.9825,15.4875,-23.0125
7287,843062,0.58072,-0.096624,-0.8466800999999999,-17.7975,17.605,-22.1025
7288,843158,0.571692,-0.134688,-0.8166680000000001,-14.07,18.095,-21.175
7289,843254,0.5856,-0.12932000000000002,-0.795928,-12.005,18.795,-20.44
7290,843351,0.622688,-0.20252,-0.787144,-9.5025,19.18,-20.5625
7291,843447,0.5777920999999999,-0.24156,-0.7571321,-7.5775,20.335,-22.33
7292,843543,0.6141479999999999,-0.138104,-0.7883640000000001,-8.4875,21.42,-23.975
7293,843639,0.6917399999999999,-0.088328,-0.769088,-4.8125,21.8925,-23.1525
7294,843736,0.662216,-0.085888,-0.78446,0.385,20.8425,-23.1875
7295,843832,0.5873079999999999,-0.194712,-0.7659161,4.2,21.175,-25.4275
7296,843928,0.5948720000000001,0.062220000000000004,-0.8222799999999999,-2.5375,26.635,-25.9875
7297,844024,0.610244,-0.027083999999999997,-0.7812880999999999,3.71,32.305,-21.42
7298,844120,0.5934081,0.00976,-0.805688,7.6125,39.69,-17.675
7299,844217,0.5934081,-0.05929201,-0.8086161000000001,13.125,46.5675,-15.5225
7300,844313,0.612684,-0.025131999999999998,-0.784216,14.4025,53.7775,-14.1925
7301,844409,0.61854,-0.028548,-0.762012,16.59,60.76,-11.375
7302,844505,0.6317159999999999,-0.069784,-0.739564,20.3525,66.7625,-9.52
7303,844602,0.643184,-0.119072,-0.7285841,24.9725,71.9775,-9.0125
7304,844698,0.642452,-0.125416,-0.7278521,26.425,75.8275,-8.715
7305,844794,0.643184,-0.1464,-0.72346,26.67,80.0275,-8.3125
7306,844890,0.58194,-0.203252,-0.7388319999999999,27.44,84.7,-9.5025
7307,844986,0.624152,-0.1769,-0.750544,26.775,92.61001,-13.3
7308,845083,0.6709999999999999,-0.16835999999999998,-0.7390760000000001,27.2125,103.46,-17.605
7309,845179,0.6304960000000001,-0.165676,-0.711504,29.155,114.24,-21.7
7310,845275,0.6588,-0.11955999999999999,-0.7141881,28.2625,127.4875,-25.375
7311,845371,0.6280560000000001,-0.10540799999999999,-0.696864,25.6375,139.8425,-26.495
7312,845467,0.6663640000000001,-0.095648,-0.706136,20.755,153.93,-25.69
7313,845564,0.630984,-0.0793,-0.720288,14.5775,168.945,-23.7825
7314,845660,0.576328,-0.088328,-0.662704,5.67,180.4425,-22.82
7315,845756,0.6724640000000001,-0.214232,-0.62708,1.2075,199.885,-19.9325
7316,845852,0.5604680000000001,-0.26108000000000003,-0.66856,-2.38,226.555,-16.415
7317,845948,0.7820199999999999,-0.37088000000000004,-0.8727879999999999,-28.665,247.66,-31.885
7318,846045,1.0967799999999999,-0.43602799999999997,-0.678808,-52.0625,283.955,-59.43
7319,846141,1.222928,-0.35892399999999997,-0.644892,-54.5475,348.2675,-68.7575
7320,846237,0.7422481,-0.193004,-1.00406,-52.1675,430.5525,-64.2075
7321,846333,0.8813280000000001,-0.227408,-1.18828,-31.0975,475.685,-60.9175
7322,846430,1.398608,-0.24790399999999999,-0.935008,18.095,498.96,-65.765
7323,846526,1.778028,-0.12395199999999999,-0.6707561,43.785,536.0425,-82.1275
7324,846622,2.161352,-0.620736,-1.76168,31.255,571.8474,-91.21
7325,846718,1.826584,-0.6283,-1.5730680000000001,98.0175,565.46,-95.00751
7326,846814,3.5772839999999997,-0.843508,-1.077016,151.83,517.72,-143.99
7327,846911,5.312124,-0.79056,-2.194292,198.905,540.47,-109.7775
7328,847007,3.7393,-1.232444,-3.069032,294.21,513.7475,-32.375
7329,847103,2.498072,-3.234952,-3.766628,172.1825,305.935,-57.3475
7330,847199,4.231448,-2.8247880000000003,-4.456416,-21.8575,49.7875,-53.76
7331,847295,0.662948,-1.4215440000000001,-2.292868,-147.9975,-157.325,-14.28
7332,847392,-0.24034,-0.15396400000000002,-1.54208,-178.92,-220.1325,-11.1475
7333,847488,-0.112728,0.45383999999999997,-1.331508,-107.6775,-191.1,-9.135
7334,847584,0.3111,0.035868000000000004,-1.411784,11.2,-182.84,12.4075
7335,847680,0.716384,-0.61488,-1.541836,87.5875,-202.5975,35.63
7336,847777,0.9642879999999999,-1.048712,-1.493036,90.42251,-249.305,45.9725
7337,847873,1.057252,-1.015772,-1.3066200000000001,41.475,-303.415,46.515
7338,847969,0.9691681000000001,-0.6729520999999999,-1.03334,-12.3375,-352.6075,45.5525
7339,848065,0.8827921000000001,-0.31354,-0.813496,-37.0825,-386.6975,48.8775
7340,848161,0.781532,-0.08100801,-0.605608,-29.3125,-405.615,57.1025
7341,848258,0.6646561,-0.03904,-0.44847200000000004,-4.97,-413.875,66.255
7342,848354,0.656848,-0.050996,-0.381616,19.7575,-411.8975,72.0475
7343,848450,0.7195560000000001,-0.11345999999999999,-0.376248,36.8375,-404.005,73.4825
7344,848546,0.79422,-0.196664,-0.42602399999999996,46.025,-394.695,72.555
7345,848642,0.931348,-0.23253200000000002,-0.522892,47.775,-384.7725,71.0675
7346,848739,1.0243120000000001,-0.19983599999999999,-0.586576,45.9375,-377.37,71.1025
7347,848835,1.099708,-0.1647,-0.60878,48.1075,-371.7175,73.36
7348,848931,1.16632,-0.192028,-0.6222,56.21,-365.7325,76.055
7349,849027,1.2444,-0.24278000000000002,-0.648308,65.87,-356.8075,79.625
7350,849123,1.34566,-0.349652,-0.7005239999999999,72.7125,-345.1875,86.25751
7351,849220,1.3917760000000001,-0.484096,-0.768844,72.38,-332.9725,95.9
7352,849316,1.458388,-0.576328,-0.8893800999999999,62.6675,-321.0025,105.7875
7353,849412,1.60552,-0.6109760000000001,-1.0645719999999999,48.4225,-309.6275,117.075
7354,849508,1.891244,-0.6480640000000001,-1.291248,37.065,-302.68,130.725
7355,849604,2.252852,-0.6661201,-1.485228,31.6225,-304.535,147.6825
7356,849701,2.5527279999999997,-0.712236,-1.56282,28.8925,-318.0975,167.3
7357,849797,2.6471560000000003,-0.772016,-1.458144,23.94,-338.275,186.9175
7358,849893,2.588108,-0.76372,-1.198772,11.585,-354.4625,201.425
7359,849989,2.5693200000000003,-0.434564,-1.0018639999999999,-5.3025,-357.0875,213.0275
7360,850086,2.707424,-0.290848,-0.829356,-7.77,-346.01,228.655
7361,850182,2.914336,-0.287188,-0.493612,-0.0525,-331.7475,238.735
7362,850278,3.018036,-0.14713199999999999,0.040504000000000005,-3.2725,-312.34,234.78
7363,850374,3.05488,0.25986,0.757376,-9.1,-285.495,216.1075
7364,850470,3.1522360000000003,0.882548,1.538908,3.2375,-248.71,183.6275
7365,850567,3.3781800000000004,1.392752,2.135976,50.96,-201.04,142.1
7366,850663,3.583872,1.251476,2.478308,117.215,-145.5825,104.895
7367,850759,3.252764,0.35136,2.4748919999999996,136.08,-84.4725,69.7025
7368,850855,2.927512,-0.048312,1.9612720000000001,61.04,-16.5025,13.195
7369,850952,2.917264,0.44847200000000004,0.989176,-36.3125,42.595,-47.635
7370,851048,2.744512,0.499468,0.3172,-61.1275,71.19,-76.545
7371,851144,1.631872,-0.9972281,0.8076399999999999,-38.3075,86.11751,-83.7025
7372,851240,-1.957856,-1.50914,0.8076399999999999,-129.57,180.0575,-123.0075
7373,851336,-1.324188,1.41642,-1.585512,-197.1025,277.83,-170.0475
7374,851433,1.253184,1.1394799999999998,-1.470832,-72.485,372.295,-101.78
7375,851529,5.81818,0.6039,-3.02438,72.52,434.945,-41.965
7376,851625,3.837632,1.345416,-2.732312,1.7675,313.88,-45.3775
7377,851721,1.616012,0.72224,-1.622112,27.545,207.1125,-84.6475
7378,851818,0.515328,-0.332084,-0.670024,30.975,167.7375,-111.6675
7379,851914,0.5751081,-0.787632,-0.37258800000000003,49.455,174.7025,-83.58001
7380,852010,3.109536,-3.3842800000000004,-1.328336,16.1175,177.52,-65.065
7381,852106,0.94306,-0.14347200000000002,-0.8508280999999999,-106.0675,109.6725,-45.08
7382,852202,1.008208,0.376248,-1.2043840000000001,-114.94,96.9675,-47.6875
7383,852299,1.011868,-0.794708,-0.8235001000000001,-85.89,74.6375,-50.4525
7384,852395,0.555832,-0.320616,-0.871568,-93.8525,62.615,-43.8725
7385,852491,0.8591241,-0.18104800000000001,-1.053104,-97.09000999999999,59.6925,-46.34
7386,852587,0.9450120000000001,-0.012688,-1.037976,-88.04251,43.7325,-49.7875
7387,852684,0.527284,-0.266448,-0.8405800999999999,-67.5325,29.715,-44.3975
7388,852780,0.7732359999999999,-0.0183,-0.9530641,-58.1175,28.91,-39.0425
7389,852876,0.780068,-0.026108,-0.9384239999999999,-45.4125,21.6125,-35.315
7390,852972,0.6414761,-0.1525,-0.8220360000000001,-33.11,13.9475,-30.5375
7391,853068,0.660996,-0.045872,-0.853756,-26.6875,12.425,-25.9175
7392,853165,0.5987760999999999,-0.127856,-0.8081281,-22.5925,9.0125,-24.325
7393,853261,0.58194,-0.098088,-0.8317960999999999,-19.0225,9.0825,-22.47
7394,853357,0.5946279999999999,-0.0976,-0.8081281,-13.72,10.3775,-20.09
7395,853453,0.592432,-0.075396,-0.803492,-8.085,11.83,-16.6075
7396,853550,0.544608,-0.133956,-0.8103239999999999,-4.6025,12.3725,-13.93
7397,853646,0.570716,-0.233996,-0.7661600000000001,-4.9875,13.5275,-15.4525
7398,853742,0.602436,-0.215696,-0.7734800000000001,-6.16,15.2075,-18.9175
7399,853838,0.5948720000000001,-0.20691199999999998,-0.7707961,-5.985,16.135,-21.35
7400,853934,0.6283,-0.121024,-0.774212,-5.8625,17.115,-21.91
7401,854031,0.6414761,-0.07246799999999999,-0.7808001,-2.0125,16.905,-19.8275
7402,854127,0.618052,-0.086864,-0.784704,3.29,17.605,-18.515
7403,854223,0.598288,-0.1403,-0.7822640000000001,7.035,19.3375,-19.635
7404,854319,0.602436,-0.041724000000000004,-0.8081281,6.405,24.1675,-21.4725
7405,854415,0.6036560999999999,-0.030012,-0.819108,6.8775,30.66,-18.76
7406,854512,0.6082920999999999,-0.046604,-0.7883640000000001,10.99,36.33,-14.35
7407,854608,0.609024,-0.02928,-0.77836,13.5975,41.6675,-11.41
7408,854704,0.634156,-0.036112,-0.7468840999999999,17.115,46.305,-8.05
7409,854800,0.6558721,-0.03172,-0.7232161,19.32,49.9275,-3.5525
7410,854897,0.6707561,-0.042456,-0.7134560999999999,22.225,51.94,1.505
7411,854993,0.653432,-0.081984,-0.715164,25.5325,53.655,6.44
7412,855089,0.633912,-0.134932,-0.73078,26.985,55.7025,9.415
7413,855185,0.60512,-0.209352,-0.758108,26.775,59.29,8.5225
7414,855281,0.5914560000000001,-0.243756,-0.772016,25.4975,64.575,3.745
7415,855378,0.584136,-0.21862399999999999,-0.782508,24.78,72.205,-2.975
7416,855474,0.6307401,-0.163968,-0.7610359999999999,25.2,83.0375,-9.24
7417,855570,0.656116,-0.17836400000000002,-0.739808,27.685,95.235,-14.6475
7418,855666,0.6439159999999999,-0.192028,-0.7198,28.9975,108.6225,-17.885
7419,855763,0.674416,-0.13054000000000002,-0.712236,26.5475,120.8025,-19.145
7420,855859,0.64904,-0.091988,-0.7217521,24.22,130.9525,-18.165
7421,855955,0.654896,-0.06929600000000001,-0.729316,20.16,142.0825,-13.755
7422,856051,0.6675840000000001,-0.065148,-0.703696,16.9225,156.3275,-8.9075
7423,856147,0.576084,-0.13054000000000002,-0.7327321,13.8775,172.6375,-8.1375
7424,856244,0.543632,-0.274744,-0.6695361,8.225,190.5925,-11.6725
7425,856340,0.635864,-0.35843600000000003,-0.7005239999999999,9.205,223.93,-12.95
7426,856436,0.453108,-0.336476,-0.6231760999999999,3.4125,255.115,-22.89
7427,856532,0.87108,-0.3355,-0.927688,-21.8225,289.45,-51.66
7428,856629,1.184132,-0.429928,-0.757864,-39.8825,337.645,-74.18251
7429,856725,1.1385040000000002,-0.228384,-0.671488,-45.22,420.6125,-72.7125
7430,856821,1.036024,-0.14566800000000002,-1.0948280000000001,-39.1475,516.0225,-61.04
7431,856917,1.6028360000000001,-0.315736,-1.304668,-4.235,554.155,-50.12
7432,857013,1.880264,-0.276208,-0.9720960999999999,55.3875,568.085,-53.2875
7433,857110,2.203076,-0.4404201,-1.597468,63.42,573.405,-74.1475
7434,857206,2.119872,-0.43505200000000005,-1.830976,94.3425,567.945,-87.81501
7435,857302,3.6814720000000003,-0.8464360000000001,-1.334924,137.7075,537.4425,-97.1075
7436,857398,4.221444,-0.6973520000000001,-2.2728599999999997,238.42,560.735,-46.1125
7437,857494,3.4208800000000004,-1.011624,-2.691808,293.6325,521.7975,2.0475
7438,857591,2.429996,-2.069608,-3.077816,226.7825,320.95,-25.1825
7439,857687,4.661132,-2.601772,-4.505948,99.5575,67.6375,-48.44
7440,857783,1.217804,-1.542324,-2.401204,-36.1375,-154.245,-46.515
7441,857879,0.15738,-0.724924,-1.653344,-104.79,-251.5975,-61.145
7442,857976,-0.072712,-0.08954801,-1.3115,-94.6225,-239.33,-75.21500999999999
7443,858072,0.068076,-0.009272001,-1.181692,-32.1475,-230.8775,-68.285
7444,858168,0.410408,-0.370392,-1.26636,40.25,-231.5075,-41.5975
7445,858264,0.733952,-0.754448,-1.281488,78.0325,-255.2725,-13.72
7446,858360,0.850584,-0.940132,-1.19072,71.2775,-293.8775,6.965
7447,858457,0.819108,-0.8576601,-0.9911281,38.15,-333.3925,20.5975
7448,858553,0.743712,-0.6290319999999999,-0.7539600000000001,5.635,-362.915,31.64
7449,858649,0.6771,-0.41968,-0.632448,-9.7475,-379.015,44.1
7450,858745,0.744688,-0.276696,-0.588284,-6.2125,-383.39,59.675
7451,858842,0.8488761,-0.2135,-0.571204,6.7375,-386.0675,76.6675
7452,858938,0.9311040999999999,-0.211304,-0.559736,21.945,-389.9875,93.87
7453,859034,0.9530641,-0.251808,-0.537776,32.795,-393.1725,108.465
7454,859130,0.9725841000000001,-0.2501,-0.534604,35.875,-392.1225,118.1425
7455,859226,1.017968,-0.21032800000000001,-0.5504641,35.1575,-386.4,124.25
7456,859323,1.1224,-0.212036,-0.604876,36.2775,-378.21,127.995
7457,859419,1.295396,-0.26352,-0.665144,38.9725,-371.3325,129.4475
7458,859515,1.41032,-0.31598000000000004,-0.70516,39.585,-367.3425,130.0775
7459,859611,1.489132,-0.395036,-0.768112,37.345,-363.9125,132.0725
7460,859707,1.529636,-0.49141599999999996,-0.863516,31.5525,-359.31,135.94
7461,859804,1.6972639999999999,-0.5697399999999999,-1.03578,22.155,-353.5875,141.96
7462,859900,1.9366279999999998,-0.6170760000000001,-1.20536,11.235,-350.9975,151.865
7463,859996,2.160864,-0.6068279999999999,-1.340292,1.1375,-353.8675,164.57
7464,860092,2.32776,-0.6095119999999999,-1.359324,-4.2,-360.92,176.5575
7465,860188,2.4273119999999997,-0.588284,-1.318576,-5.8975,-368.3575,184.5725
7466,860285,2.545408,-0.562664,-1.27368,-5.215,-372.225,188.5975
7467,860381,2.712792,-0.523624,-1.176568,-3.885,-372.5925,189.63
7468,860477,2.8260080000000003,-0.5158159999999999,-0.9486720999999999,-4.13,-369.8275,187.1275
7469,860573,2.8548,-0.444812,-0.5248441,-9.0125,-360.1325,178.745
7470,860670,2.79624,-0.26718000000000003,0.140544,-15.68,-338.5725,165.0425
7471,860766,2.774524,0.135176,0.8930401,-14.5425,-300.3,146.7375
7472,860862,2.9919279999999997,0.7266321,1.50304,9.24,-249.4275,123.06
7473,860958,3.223728,1.086532,1.880508,64.785,-197.505,103.11
7474,861054,3.3201080000000003,0.826428,2.00202,126.2275,-147.7525,94.4825
7475,861151,3.112708,0.173728,2.0559439999999998,130.97,-95.5675,81.6375
7476,861247,2.45708,-0.049776,1.9354080000000002,54.0225,-39.7075,37.0125
7477,861343,2.318732,0.39113200000000004,1.3066200000000001,-40.8975,22.925,-30.7475
7478,861439,2.370948,0.44286000000000003,0.56242,-68.2675,68.79251,-75.74
7479,861536,2.0303240000000002,-1.00528,0.9916161,-48.195,105.455,-94.90250999999999
7480,861632,-1.3261399999999999,-0.765672,3.067812,-154.105,215.6,-146.755
7481,861728,0.5231359999999999,1.581364,-2.125484,-233.4675,357.98,-195.1425
7482,861824,2.569808,0.907192,-2.606652,-56.7875,421.7325,-91.4375
7483,861920,4.9776,0.020984,-2.1179200000000002,68.79251,404.6875,17.2725
7484,862017,3.8105480000000003,1.2961280000000002,-2.6349560000000003,-6.195,324.3975,1.12
7485,862113,1.958588,1.099464,-1.7153200000000002,13.79,226.7125,-42.98
7486,862209,0.333548,0.185196,-0.6390359999999999,11.8825,167.9475,-97.28251
7487,862305,0.28011199999999997,-0.71004,-0.166164,39.095,168.1925,-82.635
7488,862401,3.7207559999999997,-3.829336,-1.754848,17.57,177.905,-64.645
7489,862498,1.1892559999999999,0.109556,-0.946232,-119.385,101.1325,-58.03
7490,862594,0.6836880999999999,0.548512,-1.1472879999999999,-121.5375,79.66001,-73.3075
7491,862690,1.106296,-0.8954801,-0.796172,-80.465,58.59,-70.7175
7492,862786,0.654408,-0.107116,-1.164124,-88.2875,46.9175,-60.9875
7493,862883,0.6497721,-0.211548,-0.8247200000000001,-81.2175,37.9575,-59.045
7494,862979,0.9567241,-0.05929201,-1.029924,-66.2025,29.96,-54.4075
7495,863075,0.673196,-0.07856801,-0.8862081,-56.875,25.1475,-45.3775
7496,863171,0.7166279999999999,-0.16104000000000002,-0.8335040000000001,-39.2525,21.2625,-35.98
7497,863267,0.735904,-0.01708,-0.8791321,-33.8975,18.13,-32.1475
7498,863364,0.6456241,-0.14518,-0.8291120999999999,-23.8525,15.3475,-27.685
7499,863460,0.673196,-0.058803999999999995,-0.8398479999999999,-20.51,14.5775,-26.53
7500,863556,0.652212,-0.0183,-0.7788480999999999,-17.6925,13.2125,-25.2
7501,863652,0.662948,-0.052216,-0.813496,-15.2425,11.235,-22.5925
7502,863748,0.618052,-0.058072000000000006,-0.814472,-11.3925,10.815,-20.09
7503,863845,0.6168319999999999,-0.038308,-0.8052,-6.5975,12.0575,-16.135
7504,863941,0.5978,-0.067588,-0.8115439999999999,-1.295,14.385,-12.18
7505,864037,0.5875520000000001,-0.125416,-0.8076399999999999,2.0475,17.955,-9.135
7506,864133,0.59048,-0.171532,-0.788852,3.7975,21.4375,-9.1525
7507,864230,0.6307401,-0.149328,-0.7795801,4.725,23.625,-11.6375
7508,864326,0.5946279999999999,-0.16909200000000002,-0.7829961,5.0925,26.005,-14.5775
7509,864422,0.620736,0.010736,-0.824232,1.1725,31.36,-16.31
7510,864518,0.6131721,-0.055144000000000006,-0.8142281,6.265,36.645,-12.0225
7511,864614,0.617564,-0.02684,-0.801296,9.065,43.015,-6.86
7512,864711,0.619028,-0.014884,-0.778116,11.48,48.9825,-2.8875
7513,864807,0.643184,-0.011224,-0.7515201,13.5275,54.7225,1.3825
7514,864903,0.6439159999999999,-0.079544,-0.7378560000000001,15.7675,59.2375,5.04
7515,864999,0.64904,-0.11126400000000002,-0.720776,16.345,62.8775,6.0375
7516,865096,0.665876,-0.14762,-0.69662,17.15,65.66,5.2325
7517,865192,0.679296,-0.162992,-0.680028,16.9925,66.92,2.7825
7518,865288,0.6939361,-0.16104000000000002,-0.674416,17.4125,67.0425,-0.0175
7519,865384,0.6917399999999999,-0.173484,-0.6763680000000001,17.7275,65.835,-2.9925
7520,865480,0.701256,-0.162504,-0.6844201,17.4475,65.0125,-6.615
7521,865577,0.7129681,-0.140544,-0.655384,17.5,64.3125,-10.08
7522,865673,0.706624,-0.133468,-0.6573359999999999,18.2525,64.1375,-12.6525
7523,865769,0.7139439999999999,-0.130052,-0.667096,19.0225,64.4525,-14.28
7524,865865,0.70516,-0.130052,-0.661484,18.9525,66.885,-15.68
7525,865962,0.7241920000000001,-0.137128,-0.6588,19.4425,70.245,-16.4675
7526,866058,0.696376,-0.153232,-0.660752,19.705,74.5675,-16.905
7527,866154,0.731024,-0.133956,-0.665632,18.1475,80.5,-17.6925
7528,866250,0.711504,-0.113704,-0.6646561,16.8,86.18751,-17.815
7529,866346,0.7256560000000001,-0.105652,-0.648552,14.35,94.02750999999999,-15.96
7530,866443,0.7141881,-0.134932,-0.661728,12.145,102.8475,-14.805
7531,866539,0.7224841,-0.132492,-0.6588,9.0125,113.47,-14.9625
7532,866635,0.702476,-0.10906800000000001,-0.6512359999999999,5.5825,125.6675,-16.625
7533,866731,0.671976,-0.08417999999999999,-0.6463561,0.1925,136.64,-17.2375
7534,866828,0.676856,-0.130296,-0.5968241,-0.735,151.095,-14.595
7535,866924,0.7315119999999999,-0.190076,-0.72468,-4.0775,174.9475,-11.7775
7536,867020,0.6158561,-0.279624,-0.5856,-11.41,189.21,-16.835
7537,867116,0.7078439999999999,-0.264252,-0.759328,-30.8875,215.215,-33.0925
7538,867212,1.162172,-0.42724399999999996,-0.791536,-40.9325,248.85,-51.94
7539,867309,0.7712840999999999,-0.176656,-0.791292,-42.35,314.615,-61.005
7540,867405,0.726388,-0.1464,-0.985516,-43.435,383.1975,-53.7075
7541,867501,0.9437921,-0.106628,-1.18218,-36.785,438.1125,-47.88
7542,867597,1.581852,-0.149328,-0.783728,5.985,461.335,-43.925
7543,867693,1.74216,-0.142252,-0.678808,50.365,507.36,-48.51
7544,867790,1.9351639999999999,-0.5160600000000001,-1.341512,63.35,563.885,-60.1125
7545,867886,1.890268,-0.500688,-1.253916,94.395,549.5175,-74.62
7546,867982,3.2117720000000003,-0.729072,-0.719312,120.9425,492.5025,-109.83
7547,868078,4.702368,-0.54168,-1.7970599999999999,189.49,516.3025,-79.0475
7548,868175,3.3049800000000005,-0.73932,-2.36802,268.485,490.5775,-17.01
7549,868271,1.8953919999999997,-1.6674959999999999,-3.0258439999999998,195.86,335.055,-35.0175
7550,868367,4.06992,-2.143784,-3.626328,60.5675,110.8625,-59.08
7551,868463,1.362984,-1.136796,-2.481236,-48.6325,-68.88,-49.7525
7552,868559,0.030744,-0.487512,-1.42984,-89.1975,-166.355,-52.4125
7553,868656,-0.047092,-0.017812,-1.265384,-60.585,-149.695,-54.67
7554,868752,0.09052401,-0.11541199999999999,-1.204628,2.1175,-138.635,-43.6625
7555,868848,0.443592,-0.515572,-1.340292,57.785,-143.9375,-22.5575
7556,868944,0.74054,-0.861808,-1.399096,72.835,-173.9675,-4.655
7557,869041,0.85034,-0.9933241,-1.334924,49.7175,-221.2875,7.0525
7558,869137,0.8317960999999999,-0.85888,-1.14802,8.96,-270.1475,14.7875
7559,869233,0.73932,-0.599996,-0.919636,-22.3825,-310.415,23.52
7560,869329,0.6785640000000001,-0.375272,-0.740052,-31.7975,-337.1025,35.1925
7561,869425,0.6885680999999999,-0.252784,-0.644892,-20.51,-352.485,49.35
7562,869522,0.756644,-0.20496,-0.582184,0.4375,-362.355,64.05
7563,869618,0.8252079999999999,-0.258884,-0.531676,20.3175,-370.7025,77.3675
7564,869714,0.927932,-0.327692,-0.511668,32.655,-377.3175,86.4325
7565,869810,1.011624,-0.406504,-0.4941,35.1575,-382.4975,91.21
7566,869906,1.068964,-0.44286000000000003,-0.487756,28.7,-385.77,93.1875
7567,870003,1.1033680000000001,-0.39723200000000003,-0.48922,18.1475,-386.085,93.0125
7568,870099,1.124596,-0.301584,-0.4941,11.8825,-382.865,92.3125
7569,870195,1.160464,-0.244488,-0.503128,16.2575,-376.425,92.48751
7570,870291,1.243668,-0.268644,-0.520452,30.2225,-367.395,94.4825
7571,870388,1.33712,-0.364536,-0.5380199999999999,46.4625,-356.6325,98.8575
7572,870484,1.4112959999999999,-0.552416,-0.5858439999999999,55.8425,-344.61,106.295
7573,870580,1.446676,-0.712724,-0.657824,51.485,-331.1175,116.27
7574,870676,1.4898639999999999,-0.758596,-0.772016,32.5325,-316.4875,126.3675
7575,870772,1.6021040000000002,-0.7190681,-0.9818561,11.445,-301.7,136.8675
7576,870869,1.909544,-0.6021920000000001,-1.227808,2.1,-290.78,147.98
7577,870965,2.279448,-0.542412,-1.406172,11.83,-290.7975,162.365
7578,871061,2.51808,-0.6736840000000001,-1.408368,30.1175,-304.2025,176.96
7579,871157,2.605188,-0.8491200000000001,-1.305644,37.24,-322.35,184.835
7580,871254,2.576152,-0.8720559999999999,-1.127768,27.51,-336.8225,184.415
7581,871350,2.467084,-0.471408,-0.900848,12.075,-342.1425,182.385
7582,871446,2.463668,0.07222401,-0.769332,17.045,-332.955,193.9525
7583,871542,2.509052,0.08417999999999999,-0.44115200000000004,51.2225,-317.2575,214.2175
7584,871639,2.613728,0.09711201,-0.032208,67.7775,-295.0325,220.22
7585,871735,2.712304,0.336964,0.55632,55.4925,-264.5125,206.8325
7586,871831,2.8557759999999996,0.8532681000000001,1.247328,31.78,-228.7425,170.8875
7587,871927,3.1461360000000003,1.524024,1.833172,25.095,-190.1375,111.3
7588,872023,3.125152,1.839272,2.287744,51.3275,-148.0325,40.6525
7589,872120,2.5817639999999997,1.268068,2.2957959999999997,80.36,-94.44751,-28.945
7590,872216,2.47538,0.593164,1.613816,53.5675,-28.6475,-101.6225
7591,872312,2.650328,0.5502199999999999,0.6290319999999999,-15.05,22.7325,-165.725
7592,872408,2.485872,0.595116,0.024644,-55.8775,38.6225,-196.7875
7593,872504,2.0159279999999997,-2.05448,0.9952761,-65.625,65.625,-217.98
7594,872601,-1.259772,0.1159,1.118008,-252.6475,177.835,-306.5475
7595,872697,0.312076,1.371768,-2.4978279999999997,-221.13,302.0675,-297.255
7596,872793,1.5616,-1.169492,-0.5917,5.5825,344.505,-108.5525
7597,872889,4.832908,0.7890961,-2.487336,-13.44,398.7725,-59.08
7598,872986,3.7124599999999996,0.9242720999999999,-2.162328,-34.8075,314.65,-37.1525
7599,873082,1.372744,0.99918,-1.484008,-24.675,215.565,-37.485
7600,873178,0.037576,0.54168,-0.613416,9.4675,189.035,-43.12
7601,873274,2.001288,-2.1459799999999998,-1.845616,56.875,199.1325,-27.44
7602,873371,2.31068,-1.7619240000000003,-0.399916,-42.5425,147.805,-29.4875
7603,873467,0.73444,0.931348,-1.348832,-106.645,100.625,-32.1125
7604,873563,1.291492,-0.239608,-1.159,-65.6775,65.66,-35.1925
7605,873659,0.712724,-0.341844,-0.9618481,-48.4925,39.8475,-28.2625
7606,873756,0.7747001,-0.32818,-0.8010520000000001,-44.1875,39.83,-22.4
7607,873852,1.0438319999999999,-0.084912,-0.9911281,-34.2825,34.2475,-21.8225
7608,873948,0.701012,-0.10858,-0.8508280999999999,-20.86,28.63,-15.1725
7609,874044,0.592432,-0.266204,-0.783728,-5.355,25.6025,-8.085
7610,874140,0.609024,-0.174216,-0.8166680000000001,-9.2225,28.0525,-11.9175
7611,874237,0.607316,-0.243756,-0.784704,-11.48,29.4525,-15.96
7612,874333,0.649284,-0.18544000000000002,-0.781532,-14.035,29.3475,-19.3375
7613,874429,0.677832,-0.18666,-0.7747001,-13.79,27.825,-19.74
7614,874525,0.6634359999999999,-0.18446400000000002,-0.775676,-10.9375,25.8825,-17.71
7615,874622,0.7483479999999999,-0.09906401,-0.7707961,-7.595,24.1325,-15.645
7616,874718,0.661484,-0.13054000000000002,-0.780556,-3.0625,22.47,-11.9175
7617,874814,0.638304,-0.18544000000000002,-0.772504,-0.35,22.0675,-9.03
7618,874910,0.640256,-0.223748,-0.75762,0.2975,21.6825,-9.625
7619,875006,0.6600201,-0.203252,-0.737124,2.4325,20.58,-11.445
7620,875103,0.678808,-0.11760799999999999,-0.748836,5.0575,19.81,-11.795
7621,875199,0.66978,-0.146644,-0.74664,9.3275,19.18,-9.52
7622,875295,0.661728,-0.185928,-0.731268,11.7425,19.0925,-7.8575
7623,875391,0.62708,-0.275476,-0.7088201,10.8325,19.635,-7.98
7624,875488,0.6663640000000001,-0.18666,-0.7232161,3.6925,21.595,-9.5725
7625,875584,0.66246,-0.188856,-0.721508,3.2725,20.8775,-10.0275
7626,875680,0.662704,-0.202276,-0.720288,1.4175,20.9825,-10.955
7627,875776,0.662704,-0.202032,-0.7139439999999999,0.63,21.0875,-11.9
7628,875873,0.66856,-0.169824,-0.7166279999999999,-1.3125,21.56,-12.81
7629,875969,0.665876,-0.189832,-0.7129681,-2.5725,22.3125,-12.81
7630,876065,0.671244,-0.193248,-0.71004,-4.3225,22.89,-13.37
7631,876161,0.6822239999999999,-0.181292,-0.707112,-5.18,23.59,-14.4725
7632,876257,0.687104,-0.17446,-0.702232,-5.005,23.8525,-15.0325
7633,876354,0.6980841,-0.174948,-0.686616,-5.075,23.9225,-15.575
7634,876450,0.7034521,-0.167384,-0.679784,-5.355,23.31,-16.3975
7635,876546,0.7068681,-0.1525,-0.6795401,-4.9875,22.47,-16.9575
7636,876642,0.70028,-0.120048,-0.689056,-3.8675,22.2075,-16.2575
7637,876739,0.6844201,-0.124928,-0.697596,-1.4525,23.52,-14.7175
7638,876835,0.6771,-0.11467999999999999,-0.704916,0.7525,26.3375,-13.685
7639,876931,0.6736840000000001,-0.121024,-0.705892,3.3775,30.4325,-13.0025
7640,877027,0.669048,-0.14078800000000002,-0.7044279999999999,6.4225,35.42,-13.09
7641,877124,0.6661201,-0.150304,-0.7041841,9.4325,41.3,-14.07
7642,877220,0.66856,-0.15128,-0.701012,12.005,47.705,-16.0125
7643,877316,0.673928,-0.146156,-0.6939361,14.9275,54.74,-18.4975
7644,877412,0.6771,-0.17641199999999999,-0.683932,18.935,61.6,-21.6125
7645,877509,0.681736,-0.16958,-0.682712,23.3975,69.0025,-25.2525
7646,877605,0.69662,-0.134932,-0.678808,27.685,76.895,-29.715
7647,877701,0.695156,-0.110044,-0.674172,32.4275,85.12,-34.9475
7648,877797,0.7095520000000001,-0.13176,-0.675148,38.8325,93.7825,-40.25
7649,877893,0.706136,-0.1525,-0.6512359999999999,47.0575,103.0925,-46.8125
7650,877990,0.73932,-0.195932,-0.641964,56.63,115.22,-57.9425
7651,878086,0.6844201,-0.194468,-0.6007279999999999,69.52750999999999,127.785,-73.745
7652,878182,0.7515201,-0.29158,-0.618052,97.5275,152.53,-91.245
7653,878278,0.7329760000000001,-0.4148,-0.91012,127.5925,190.7675,-109.655
7654,878375,0.90646,-0.5724239999999999,-1.036756,145.32,224.63,-136.5175
7655,878471,0.602436,-0.5063,-1.11264,171.0275,278.74,-157.78
7656,878567,1.430084,-0.352092,-1.44204,210.5075,321.2475,-172.9875
7657,878663,1.481568,-0.550952,-1.538664,258.335,354.0775,-180.67
7658,878760,1.9190599999999998,-0.9340321,-1.752896,272.93,356.3525,-205.8875
7659,878856,2.631296,-1.2075559999999999,-1.9254040000000001,294.8225,349.6675,-219.275
7660,878952,2.2296720000000003,-0.781776,-1.891488,282.7475,323.785,-232.3825
7661,879048,1.8946599999999998,0.032208,-2.550776,258.58,257.8625,-246.89
7662,879144,0.8322841000000001,-0.22643200000000002,-2.630808,278.7225,146.23,-263.725
7663,879241,0.571448,-1.452288,-1.303692,286.895,20.7025,-284.83
7664,879337,0.023180000000000003,-2.388516,-1.470344,254.0475,3.3425,-258.0375
7665,879433,-0.361608,-2.30824,-0.9655081,188.895,-11.0775,-186.2
7666,879529,0.10760399999999999,-1.826828,-1.340536,143.7275,8.0675,-80.43
7667,879626,0.044164,-1.495476,-1.336388,142.1875,-7.735,42.91
7668,879722,-0.054412,-1.014308,-1.26148,144.725,-31.2375,145.6875
7669,879818,0.001952,-0.38918,-1.314184,135.3625,-49.35,208.425
7670,879914,0.17616800000000002,0.44115200000000004,-1.494256,126.175,-68.915,229.53
7671,880011,0.32452,1.087752,-1.6291879999999999,138.6175,-99.41751,217.98
7672,880107,0.438712,1.362252,-1.643096,172.585,-139.1075,185.2375
7673,880203,0.527528,1.367132,-1.573556,206.885,-179.55,141.295
7674,880299,0.6036560999999999,1.242204,-1.458876,229.53,-214.5325,97.965
7675,880396,0.652212,1.131428,-1.298568,240.205,-240.52,65.2575
7676,880492,0.713212,0.9869800999999999,-1.2056040000000001,245.665,-256.0775,47.705
7677,880588,0.812276,0.8256960999999999,-1.2056040000000001,247.1175,-263.4625,44.2575
7678,880684,0.9486720999999999,0.74298,-1.292956,239.995,-268.38,48.37
7679,880780,1.029924,0.8413120000000001,-1.363228,225.2775,-275.7475,52.71
7680,880877,1.063108,1.003328,-1.378356,212.835,-285.46,54.1625
7681,880973,1.053348,1.106052,-1.350296,207.655,-295.0325,50.47
7682,881069,1.048224,1.140944,-1.319308,206.22,-302.61,39.515
7683,881165,1.059692,1.1148360000000002,-1.299544,204.26,-308.6825,21.1225
7684,881262,1.046028,1.024068,-1.286368,200.7075,-313.74,-1.33
7685,881358,1.0077200000000002,0.8906,-1.252208,195.335,-317.5025,-23.94
7686,881454,0.998692,0.780556,-1.248304,187.88,-318.115,-43.3825
7687,881550,1.006988,0.676612,-1.22854,181.58,-316.365,-57.47
7688,881647,1.027484,0.59658,-1.2099959999999998,176.8375,-313.1625,-66.4475
7689,881743,1.01748,0.558516,-1.1794959999999999,173.495,-308.6825,-70.8925
7690,881839,1.042612,0.541924,-1.2012120000000002,173.6525,-301.385,-70.91001
7691,881935,1.118008,0.536068,-1.233176,178.2375,-293.055,-67.9
7692,882031,1.212192,0.5941401,-1.270752,181.51,-285.74,-64.995
7693,882128,1.336632,0.73444,-1.304912,181.545,-279.0375,-66.6575
7694,882224,1.4844959999999998,0.903532,-1.2566,179.6375,-274.33,-76.37001
7695,882320,1.5664799999999999,0.97356,-1.136796,173.1975,-270.4975,-95.26999
7696,882416,1.6506599999999998,0.98088,-0.940132,161.8225,-263.445,-119.07
7697,882513,1.6806720000000002,0.931348,-0.6109760000000001,148.96,-250.985,-139.1075
7698,882609,1.676768,0.8464360000000001,-0.208864,137.515,-230.7025,-150.4825
7699,882705,1.7580200000000001,0.820572,0.10760399999999999,128.275,-199.85,-152.6175
7700,882801,1.796816,0.8164239999999999,0.3355,118.7025,-164.01,-145.8625
7701,882898,1.729716,0.869128,0.445788,103.3025,-127.82,-137.13
7702,882994,1.7033639999999999,1.0060120000000001,0.391376,80.8325,-92.015,-133.0175
7703,883090,1.723616,1.106052,0.23887600000000003,58.3975,-60.69,-135.38
7704,883186,1.577948,-0.150304,0.56852,31.64,-31.535,-151.6725
7705,883282,1.502796,1.040904,0.4209,-113.8025,25.83,-222.25
7706,883379,1.8092599999999999,0.9703879999999999,-1.8275599999999999,-184.5725,55.965,-284.7775
7707,883475,0.062952,-1.6452919999999998,-0.918416,-127.12,13.93,-278.25
7708,883571,-0.51362,-1.366644,-0.160308,-163.2575,23.59,-271.8625
7709,883667,1.200236,-1.45668,-0.966484,-134.26,91.28,-200.9
7710,883764,2.5451639999999998,0.063928,-2.060824,-120.9075,123.305,-87.185
7711,883860,0.57706,1.268556,-1.158756,-109.7425,92.40001,-14.385
7712,883956,-0.5612,0.8425321,-0.48433999999999994,-67.06,96.4075,-2.975
7713,884052,1.491572,-1.2104840000000001,-1.225856,-52.99,127.4,-23.2575
7714,884148,0.8752280000000001,0.08881599,-0.772504,-99.6975,108.325,-21.1575
7715,884245,0.8552200000000001,0.390156,-1.1155680000000001,-104.6675,98.68251,-27.3
7716,884341,1.7909599999999999,0.182268,-1.463268,-85.55751,70.315,-37.5725
7717,884437,0.7007680000000001,0.07686,-1.072624,-53.2175,37.135,-32.7075
7718,884533,0.734684,-0.271816,-0.85888,-24.885,28.735,-23.625
7719,884629,0.814472,-0.0061,-0.9018241,-14.2975,27.3875,-17.7275
7720,884726,0.596336,-0.23253200000000002,-0.8283799999999999,-0.7525,22.6625,-9.7825
7721,884822,0.643672,-0.11248399999999999,-0.8549761,2.0125,24.1325,-6.09
7722,884918,0.642452,-0.09930800000000001,-0.8300879999999999,4.48,25.3925,-4.62
7723,885014,0.7134560999999999,-0.135908,-0.807396,9.03,26.4775,-2.3625
7724,885111,0.633668,-0.119316,-0.8100801,13.405,27.09,-1.54
7725,885207,0.625128,-0.13176,-0.799588,16.205,27.825,-0.56
7726,885303,0.61122,-0.133956,-0.794952,18.9175,28.3675,0.595
7727,885399,0.6378159999999999,-0.15006,-0.797392,21.56,30.135,1.925
7728,885495,0.621712,-0.183488,-0.7856801,23.45,31.9025,2.2225
7729,885592,0.6141479999999999,-0.15176800000000001,-0.79178,24.4825,34.125,1.575
7730,885688,0.633912,-0.170068,-0.7849480999999999,29.26,36.715,0.1925
7731,885784,0.6319600000000001,-0.17324,-0.770308,33.1275,38.57,-1.4175
7732,885880,0.6029241,-0.140544,-0.794708,38.535,40.285,-2.3975
7733,885977,0.551928,-0.1525,-0.822524,51.1525,42.7,-5.46
7734,886073,0.5587601,-0.073688,-0.798856,67.34000999999999,46.7425,-11.34
7735,886169,0.556808,-0.12395199999999999,-0.8327720999999999,89.04,49.91,-19.7925
7736,886265,0.526552,-0.297192,-0.8425321,118.79,52.605,-34.195
7737,886362,0.5060560000000001,-0.21838000000000002,-0.802272,139.965,56.385,-54.8975
7738,886458,0.625372,-0.308904,-0.742004,163.4675,58.5375,-77.1925
7739,886554,0.607804,-0.398452,-0.6124400999999999,186.795,51.59,-100.2575
7740,886650,0.5546121,-0.411384,-0.5553441,190.68,50.155,-124.53
7741,886746,0.70028,-0.39967199999999997,-0.5499761,190.5225,46.0075,-145.8625
7742,886843,0.729804,-0.46774799999999994,-0.4697,196.6825,39.865,-163.1875
7743,886939,0.764208,-0.407968,-0.4392,197.3825,34.965,-177.065
7744,887035,0.7954399999999999,-0.345992,-0.46164799999999995,191.835,30.24,-186.6025
7745,887131,0.8281360999999999,-0.30475599999999997,-0.41016400000000003,190.26,27.0375,-193.41
7746,887228,0.8410681000000001,-0.30036399999999996,-0.42212,192.255,24.22,-197.4175
7747,887324,0.9118280000000001,-0.292068,-0.425048,192.0975,22.4875,-199.3775
7748,887420,0.898652,-0.2989,-0.3965,184.94,20.7025,-197.645
7749,887517,0.9752681000000001,-0.259128,-0.443592,174.055,20.44,-192.5175
7750,887613,0.9379360000000001,-0.225212,-0.416264,162.225,21.385,-183.085
7751,887709,0.922076,-0.167872,-0.356484,150.3425,22.19,-171.15
7752,887805,0.9032879999999999,-0.197884,-0.38552,139.5975,22.645,-158.1475
7753,887901,0.87474,-0.155672,-0.44676400000000005,125.335,24.71,-147.8225
7754,887998,0.8430200999999999,-0.124196,-0.501908,111.7025,28.6125,-136.535
7755,888094,0.813496,-0.10833599999999999,-0.5675439999999999,99.5225,34.1425,-124.9325
7756,888190,0.7944641,-0.098088,-0.5887720000000001,86.3975,41.1425,-114.3625
7757,888286,0.806908,-0.07344400000000001,-0.5987760999999999,71.54,48.3525,-106.225
7758,888383,0.7944641,-0.089304,-0.588284,59.3075,55.58,-97.51
7759,888479,0.7954399999999999,-0.11248399999999999,-0.5726680000000001,45.6575,65.36251,-88.795
7760,888575,0.847412,-0.065148,-0.5934081,30.87,80.185,-79.765
7761,888671,0.8052,-0.10492,-0.6307401,21.07,95.305,-70.1225
7762,888767,0.8679081,-0.132492,-0.579012,11.8125,110.5125,-64.41751
7763,888864,1.31882,-0.190076,-0.5785241,4.62,143.6925,-61.8275
7764,888960,0.780556,-0.10858,-0.57828,7.1225,192.0975,-58.975
7765,889056,0.6958880000000001,-0.085888,-0.599264,-3.0625,226.6075,-53.2875
7766,889152,0.8957241,-0.0854,-0.5594920999999999,-2.5025,262.255,-47.1975
7767,889249,0.647576,-0.0976,-0.6832,15.0675,298.9875,-43.12
7768,889345,1.0723799999999999,-0.156648,-0.6156119999999999,57.505,307.8775,-41.9825
7769,889441,1.3856760000000001,-0.17934,-0.504836,74.11251,324.03,-49.805
7770,889537,1.4574120000000002,-0.17202,-0.486048,89.5125,374.1675,-62.125
7771,889634,1.50426,-0.170312,-0.170312,89.0575,420.77,-75.7225
7772,889730,2.389248,-0.602436,-1.7748560000000002,56.2975,450.52,-84.175
7773,889826,2.483676,-0.60024,-1.308816,104.37,414.9425,-110.775
7774,889922,4.036004,-0.638548,-1.386164,92.12001,392.28,-142.1875
7775,890018,3.9227879999999997,-0.583648,-1.7502119999999999,152.4775,439.46,-98.84000999999999
7776,890115,2.9853400000000003,-0.771772,-2.749148,226.52,436.0475,-61.7225
7777,890211,1.215852,-1.498404,-2.718404,147.4025,289.4675,-92.78501
7778,890307,3.619496,-2.003484,-3.553372,52.3775,109.375,-98.455
7779,890403,1.9712759999999998,-1.6326040000000002,-2.848456,7.28,-55.335,-30.7825
7780,890500,0.503616,-1.253428,-1.636508,-44.73,-182.56,3.36
7781,890596,0.366244,-0.6466,-1.373964,-63.175,-191.6775,23.1175
7782,890692,0.332328,-0.331108,-1.215852,-53.585,-194.1625,37.905
7783,890788,0.478484,-0.21862399999999999,-1.226344,-23.66,-202.7025,51.9575
7784,890884,0.743468,-0.185196,-1.2785600000000001,7.8225,-224.4725,64.5925
7785,890981,0.869616,-0.233752,-1.2341520000000001,29.05,-259.9275,73.6925
7786,891077,0.8613200000000001,-0.2013,-1.1033680000000001,34.2825,-300.5275,76.4925
7787,891173,0.743224,-0.050263999999999996,-0.9032879999999999,30.555,-335.58,74.04251
7788,891269,0.61488,0.105896,-0.718092,30.3275,-357.5425,70.735
7789,891366,0.6197600000000001,0.241804,-0.614392,37.8525,-366.66,68.32
7790,891462,0.654652,0.306708,-0.556076,53.2175,-369.1975,68.72251
7791,891558,0.668316,0.248148,-0.50508,72.0825,-367.85,72.59
7792,891654,0.728096,0.126148,-0.5314321,85.55751,-362.6875,78.1375
7793,891751,0.80276,0.009272001,-0.555588,87.67501,-355.9325,84.49
7794,891847,0.8669319999999999,-0.040992,-0.57706,78.365,-348.74,90.8075
7795,891943,0.9235399999999999,-0.024156,-0.6029241,64.715,-341.3375,96.67
7796,892039,1.007476,0.014152000000000001,-0.661972,53.7425,-333.34,101.885
7797,892135,1.099952,0.020008,-0.7407841,47.2325,-327.1975,106.085
7798,892232,1.1690040000000002,0.049532,-0.8195960999999999,42.245,-322.7525,108.1325
7799,892328,1.202676,0.10638399999999999,-0.8818159999999999,38.2725,-319.1475,106.75
7800,892424,1.20048,0.180316,-0.919392,36.6625,-314.9825,101.045
7801,892520,1.212192,0.19764,-0.987712,39.6375,-308.6125,91.14
7802,892617,1.399828,0.130296,-1.1636360000000001,47.5825,-300.055,78.82
7803,892713,1.72996,0.018544,-1.432768,57.19,-297.465,67.445
7804,892809,2.045452,-0.115168,-1.623332,64.365,-308.315,59.9025
7805,892905,2.161352,-0.226188,-1.6169879999999999,65.38,-331.205,56.49
7806,893002,2.1057200000000003,-0.256688,-1.44448,60.8475,-354.0425,56.6475
7807,893098,2.0642400000000003,0.00122,-1.286368,57.3825,-366.3275,61.46
7808,893194,2.1594,0.093696,-1.2219520000000001,67.1475,-366.3275,73.29
7809,893290,2.370948,-0.190808,-1.085068,81.2875,-363.895,84.91
7810,893387,2.540772,-0.44554399999999994,-0.828624,66.2375,-359.905,87.92
7811,893483,2.523692,-0.256444,-0.200812,26.5475,-348.4075,84.84
7812,893579,2.25334,0.10126,0.8437520000000001,4.655,-313.845,81.0775
7813,893675,2.458056,0.36282800000000004,1.6021040000000002,16.3975,-242.165,73.64
7814,893771,3.04146,0.544608,1.8031599999999999,39.655,-161.735,60.9525
7815,893868,3.46236,0.66368,1.760216,63.8575,-97.8775,60.235
7816,893964,3.464556,0.47336000000000006,1.6926279999999998,71.1025,-52.78,74.095
7817,894060,3.072692,0.33916,1.606496,31.99,-14.8225,79.0475
7818,894156,2.6937599999999997,0.737124,1.37372,-35.4025,26.6875,56.105
7819,894253,2.395104,0.9686799999999999,0.9474520000000001,-69.2475,64.995,16.0475
7820,894349,2.203076,-0.160308,1.35542,-64.505,115.2725,-29.785
7821,894445,-0.376004,-0.887916,0.5380199999999999,-137.6725,207.935,-129.36
7822,894541,0.49434399999999995,0.265716,-2.428532,-200.0425,270.5675,-207.83
7823,894637,0.6168319999999999,0.8420440999999999,-1.33956,-117.4425,271.425,-137.8125
7824,894734,3.6390160000000003,0.762012,-2.120116,-2.4325,332.7275,-79.2925
7825,894830,4.45666,0.91622,-2.5329639999999998,-32.2,279.125,-84.525
7826,894926,1.460828,0.560956,-1.267092,-26.845,163.52,-80.29
7827,895022,-0.07344400000000001,-0.144204,-0.624152,-12.6175,139.755,-82.6
7828,895118,0.509472,-0.06661201,-0.574132,12.495,161.0525,-55.895
7829,895215,3.078304,-1.836588,-2.32288,22.05,171.8325,-45.7275
7830,895311,1.5859999999999999,-0.659288,-0.6736840000000001,-62.7375,104.86,-40.7575
7831,895407,0.420412,0.284748,-0.995764,-78.855,69.3175,-31.99
7832,895503,1.318576,-0.5131319999999999,-1.039684,-62.7725,66.22,-37.135
7833,895600,0.633424,0.04392,-0.9623360999999999,-67.8475,44.7475,-35.9275
7834,895696,0.607804,-0.323544,-0.8308200000000001,-59.5175,34.5975,-33.18
7835,895792,0.63562,-0.254736,-0.8967,-52.3775,31.99,-30.24
7836,895888,0.6944241,0.033672,-0.9679481,-45.1675,30.1875,-24.85
7837,895984,0.6895439999999999,-0.148108,-0.8437520000000001,-26.9675,26.1975,-18.41
7838,896081,0.669292,-0.057584,-0.8632719999999999,-13.3525,24.2025,-13.2825
7839,896177,0.641232,-0.086864,-0.834968,-3.955,24.395,-8.5925
7840,896273,0.607804,-0.104432,-0.8464360000000001,3.8325,24.29,-5.4775
7841,896369,0.6409881,-0.096868,-0.8142281,7.63,25.8125,-4.375
7842,896466,0.701256,-0.057828,-0.787144,11.235,25.1825,-3.15
7843,896562,0.66368,-0.021228,-0.79666,15.225,23.5725,-0.1225
7844,896658,0.635376,-0.0732,-0.791292,20.5275,22.7325,3.6925
7845,896754,0.611464,-0.107848,-0.7922680000000001,24.78,24.29,7.28
7846,896850,0.6131721,-0.116632,-0.784704,28.07,27.02,9.6075
7847,896947,0.605364,-0.09125599999999999,-0.798124,30.0825,31.29,12.32
7848,897043,0.5726680000000001,-0.24278000000000002,-0.7473721,33.11,36.0675,13.5625
7849,897139,0.5846241,-0.20788800000000002,-0.7834840000000001,31.1325,40.18,9.695
7850,897235,0.5797441,-0.24790399999999999,-0.7449321,33.4425,41.51,4.515
7851,897331,0.6158561,-0.284992,-0.708088,33.0575,43.1375,-0.175
7852,897428,0.5987760999999999,-0.382592,-0.69296,27.3175,44.625,-3.815
7853,897524,0.648308,-0.21106,-0.751276,13.09,48.9125,-7.3325
7854,897620,0.646844,-0.2745,-0.6902761,10.9025,50.05,-9.695
7855,897716,0.659776,-0.186904,-0.7105279999999999,10.1675,49.5075,-12.7225
7856,897813,0.6470880999999999,-0.196664,-0.702232,8.2425,49.5075,-16.9575
7857,897909,0.6673399999999999,-0.2379,-0.697108,4.6025,50.2075,-22.54
7858,898005,0.681248,-0.2196,-0.702232,-1.47,51.275,-27.0025
7859,898101,0.695156,-0.189588,-0.698816,-2.135,52.0975,-28.91
7860,898197,0.7239479999999999,-0.122732,-0.6822239999999999,0.6125,52.885,-29.4175
7861,898294,0.7171161,-0.09711201,-0.6514800000000001,5.67,53.97,-28.2975
7862,898390,0.702476,-0.12053599999999999,-0.664412,10.9375,55.79,-24.3775
7863,898486,0.685396,-0.121024,-0.665876,12.0575,59.535,-19.3025
7864,898582,0.6944241,-0.15054800000000002,-0.691496,12.425,64.3125,-15.6625
7865,898679,0.6497721,-0.17543599999999998,-0.6878361,13.51,70.42,-14.0
7866,898775,0.696864,-0.18446400000000002,-0.698328,14.525,80.0625,-14.28
7867,898871,0.687104,-0.236192,-0.698816,14.4725,89.6,-16.065
7868,898967,0.7166279999999999,-0.17641199999999999,-0.689056,13.72,99.5575,-20.09
7869,899064,0.73688,-0.12053599999999999,-0.636596,12.39,108.395,-22.4525
7870,899160,0.724436,-0.134444,-0.66856,12.2325,116.48,-21.6475
7871,899256,0.707356,-0.183,-0.6605081,9.1175,127.47,-20.475
7872,899352,0.648552,-0.193492,-0.669048,4.9875,138.5125,-21.945
7873,899448,0.6649,-0.159576,-0.636352,3.675,153.5275,-22.7325
7874,899545,0.753472,-0.148596,-0.646112,1.4525,179.5675,-18.5675
7875,899641,0.522404,-0.172996,-0.644648,-5.7925,199.535,-16.73
7876,899737,1.069452,-0.339892,-0.765672,-20.58,224.07,-25.41
7877,899833,0.7007680000000001,-0.3111,-0.6304960000000001,-22.1375,267.8025,-39.9875
7878,899930,1.407392,-0.302804,-0.7041841,-30.45,325.22,-46.445
7879,900026,0.58804,-0.12029200000000001,-0.9476959999999999,-20.895,404.9675,-36.1725
7880,900122,1.155096,-0.159576,-1.2056040000000001,-12.4075,470.54,-26.2675
7881,900218,1.3973879999999999,-0.21276799999999998,-0.931348,19.2675,499.9575,-11.935
7882,900315,1.955904,-0.321836,-1.102636,90.23001,532.875,0.245
7883,900411,1.8531799999999998,-0.5011760000000001,-1.575752,109.83,570.6575,-14.8575
7884,900507,2.375096,-0.638792,-1.3886040000000002,129.255,544.32,-41.8075
7885,900603,3.630964,-0.8052,-1.357616,176.12,503.8775,-74.2175
7886,900700,5.283576,-0.7705521,-2.333128,285.635,501.5675,-39.025
7887,900796,3.351096,-0.8913321,-2.7267,342.475,476.1575,12.95
7888,900892,1.537932,-2.8243,-2.876516,250.2325,268.38,-34.5275
7889,900988,4.415668,-2.5888400000000003,-4.117744,76.8075,59.4475,-47.4075
7890,901084,0.827892,-1.392996,-2.3550880000000003,-77.4375,-128.8,-37.3975
7891,901181,-0.297192,-0.46116,-1.434964,-119.5425,-205.345,-36.33
7892,901277,-0.22667600000000002,0.037576,-1.311988,-79.3275,-173.635,-29.3125
7893,901373,0.043188,-0.20642399999999997,-1.3200399999999999,-8.645,-156.3975,-10.43
7894,901469,0.41846000000000005,-0.69784,-1.492792,38.395,-161.1575,11.76
7895,901565,0.80276,-1.008208,-1.55916,37.065,-196.7,26.985
7896,901662,0.8664440000000001,-0.9825879999999999,-1.408368,-2.905,-251.02,34.9825
7897,901758,0.75762,-0.706136,-1.1228879999999999,-48.965,-302.785,38.43
7898,901854,0.647576,-0.453596,-0.876692,-75.21500999999999,-340.1475,40.53
7899,901950,0.604876,-0.25132,-0.692228,-79.065,-362.3375,42.28
7900,902047,0.632448,-0.149328,-0.595116,-67.3575,-373.3625,43.4175
7901,902143,0.7056479999999999,-0.1342,-0.5441199999999999,-48.1075,-379.995,44.45
7902,902239,0.774212,-0.190564,-0.527284,-28.8925,-385.7175,45.255
7903,902335,0.813496,-0.278404,-0.503128,-16.1,-389.0075,45.08
7904,902431,0.8805960999999999,-0.327692,-0.484584,-10.0275,-388.71,44.6075
7905,902528,0.9372040999999999,-0.353312,-0.5077640999999999,-7.4725,-385.595,45.255
7906,902624,1.035536,-0.371368,-0.55632,-3.1325,-379.1725,48.4925
7907,902720,1.1394799999999998,-0.39113200000000004,-0.6009720000000001,3.3775,-373.2925,53.375
7908,902816,1.275876,-0.426756,-0.657824,11.4625,-368.1125,59.22
7909,902912,1.38714,-0.46335600000000005,-0.708332,18.9525,-362.8625,66.4825
7910,903009,1.416176,-0.519964,-0.7700640999999999,24.08,-356.72,75.845
7911,903105,1.405196,-0.509472,-0.795928,24.15,-348.46,84.6125
7912,903201,1.41032,-0.479216,-0.8827921000000001,21.7875,-337.295,91.385
7913,903297,1.5767280000000001,-0.478972,-1.055788,23.73,-323.3825,96.25
7914,903394,1.9093,-0.543876,-1.3024719999999999,31.29,-314.0725,100.7125
7915,903490,2.325564,-0.6822239999999999,-1.524756,41.0375,-315.49,108.08
7916,903586,2.59006,-0.81374,-1.576484,45.6925,-330.5575,119.3325
7917,903682,2.611288,-0.75762,-1.438136,40.2325,-351.2075,132.7725
7918,903778,2.549068,-0.48116800000000004,-1.2519639999999999,32.6025,-364.07,148.0675
7919,903875,2.52662,-0.60634,-0.7903161,27.195,-355.915,158.305
7920,903971,2.7471959999999997,-0.003904,-0.636108,-7.35,-333.0075,145.075
7921,904067,3.293268,0.119316,-0.856196,11.97,-329.7875,159.5475
7922,904163,2.876516,-0.076616,0.15128,45.7625,-332.99,180.6
7923,904259,2.636664,0.178852,1.16998,48.5625,-308.1925,169.6275
7924,904356,2.88408,0.8235001000000001,1.7409400000000002,44.94,-254.59,128.7825
7925,904452,3.517992,1.353224,2.06546,75.8975,-195.8075,84.1225
7926,904548,3.6234,0.9823440999999999,2.325564,130.2875,-143.9375,57.6625
7927,904644,2.9646,0.23887600000000003,2.3990080000000003,126.14,-89.355,27.8425
7928,904740,2.681316,0.170068,1.838296,39.62,-20.265,-31.57
7929,904837,1.9712759999999998,0.031232,1.49938,-42.8925,45.535,-93.17
7930,904933,0.8847440999999999,-1.286612,2.634468,-117.9325,155.1375,-159.9675
7931,905029,0.7237041,0.8254520000000001,-0.8552200000000001,-256.2175,261.485,-254.52
7932,905125,1.444724,0.5414359999999999,-2.907504,-193.62,321.4925,-217.245
7933,905222,2.205028,0.46603999999999995,-1.253916,-37.73,317.52,-67.9175
7934,905318,3.6917199999999997,0.8813280000000001,-2.3480119999999998,2.835,340.8125,-32.655
7935,905414,2.5866439999999997,1.26758,-2.1474439999999997,-18.9525,269.64,-43.4525
7936,905510,1.211948,0.41358,-1.160708,12.46,194.2675,-73.395
7937,905606,0.624152,-0.34867600000000004,-0.6919841,19.9675,165.8125,-95.62
7938,905703,0.889136,-0.690764,-0.55632,36.7675,167.9125,-70.175
7939,905799,2.947764,-2.323856,-2.267736,23.17,169.5925,-60.515
7940,905895,1.366156,-0.472628,-0.6231760999999999,-76.2825,105.2975,-56.8575
7941,905991,0.371612,0.282308,-0.9699,-96.005,74.9175,-51.3975
7942,906088,0.9928360999999999,-0.8608319999999999,-0.7883640000000001,-71.96,75.1275,-49.8925
7943,906184,0.513376,-0.364048,-0.8222799999999999,-85.12,65.485,-46.9525
7944,906280,0.964532,-0.0244,-1.13704,-92.69751,63.1225,-46.305
7945,906376,0.8703481,-0.061,-0.9767321,-84.1925,46.5325,-47.46
7946,906472,0.55632,-0.19959200000000002,-0.9264680000000001,-68.145,34.3175,-38.5175
7947,906569,0.773724,-0.032695999999999996,-0.949892,-56.8225,34.5975,-30.625
7948,906665,0.744444,0.014152000000000001,-0.8954801,-36.225,27.2475,-24.2025
7949,906761,0.6802720999999999,-0.040260000000000004,-0.8413120000000001,-18.76,22.96,-16.695
7950,906857,0.6290319999999999,-0.09906401,-0.8310639999999999,-9.4325,21.3325,-12.075
7951,906954,0.612684,-0.101016,-0.83204,-3.22,20.7725,-10.4125
7952,907050,0.643428,-0.053924,-0.818376,0.8925,21.4025,-9.345
7953,907146,0.6539201,-0.066856,-0.7944641,6.02,21.735,-6.0375
7954,907242,0.6392800000000001,-0.10492,-0.779824,10.885,21.735,-1.82
7955,907338,0.603168,-0.11467999999999999,-0.8020281,14.9625,23.2925,2.17
7956,907435,0.5736441,-0.23546,-0.768356,18.0425,25.34,3.29
7957,907531,0.57828,-0.19276,-0.787144,16.975,28.7,1.19
7958,907627,0.6029241,-0.211548,-0.767868,16.0475,32.13,-0.315
7959,907723,0.633912,-0.170068,-0.7517640999999999,16.73,33.355,-2.8525
7960,907820,0.6280560000000001,-0.040016,-0.794708,19.6525,33.705,-3.6925
7961,907916,0.6124400999999999,-0.182268,-0.743224,28.875,34.1075,-2.555
7962,908012,0.570716,-0.258152,-0.7378560000000001,26.1975,36.9425,-4.2525
7963,908108,0.6319600000000001,-0.158112,-0.760792,15.7675,43.715,-6.405
7964,908204,0.609268,-0.2501,-0.7139439999999999,12.635,47.04,-8.7675
7965,908301,0.644648,-0.23082399999999997,-0.733708,7.98,48.2475,-14.6825
7966,908397,0.6649,-0.27328,-0.7095520000000001,4.515,48.5975,-20.9825
7967,908493,0.684176,-0.233752,-0.693448,1.5575,46.6375,-27.125
7968,908589,0.734196,-0.17128800000000002,-0.672708,-0.245,43.5925,-31.3075
7969,908685,0.736392,-0.14884,-0.652456,0.7875,39.6725,-32.41
7970,908782,0.7044279999999999,-0.163724,-0.6734399999999999,3.2375,36.8025,-31.99
7971,908878,0.6649,-0.15054800000000002,-0.708088,6.09,36.2775,-31.92
7972,908974,0.676612,-0.11053199999999999,-0.70394,9.2925,39.6025,-31.8675
7973,909070,0.653432,-0.13664,-0.72468,12.9325,45.5175,-30.1
7974,909167,0.630984,-0.171532,-0.742492,14.315,53.76,-28.7525
7975,909263,0.6348881,-0.142252,-0.7468840999999999,13.7025,65.345,-28.735
7976,909359,0.660752,-0.12444000000000001,-0.731024,14.9625,79.66001,-29.05
7977,909455,0.701256,-0.098332,-0.7259001,18.06,94.30751,-28.8575
7978,909552,0.664412,-0.12566,-0.7327321,19.46,106.8025,-28.1925
7979,909648,0.6600201,-0.085156,-0.729804,16.415,118.7025,-24.5175
7980,909744,0.676124,-0.07076001,-0.7168720000000001,12.25,130.5675,-19.425
7981,909840,0.682712,-0.067588,-0.7076001000000001,9.0825,144.0075,-15.225
7982,909936,0.6695361,-0.05124001,-0.7381001,6.8075,159.67,-12.8275
7983,910033,0.605364,-0.159576,-0.6451359999999999,2.3975,171.36,-12.3725
7984,910129,0.619516,-0.32086,-0.6080479999999999,4.025,195.1075,-10.395
7985,910225,0.5060560000000001,-0.32256799999999997,-0.6709999999999999,-0.77,224.3325,-14.805
7986,910321,0.955992,-0.39918400000000004,-0.8244761,-24.29,245.5775,-37.5725
7987,910418,0.924516,-0.480436,-0.5914560000000001,-27.37,288.26,-61.2325
7988,910514,1.16754,-0.20837600000000003,-0.769088,-37.66,354.2,-69.80751
7989,910610,0.7476161,-0.098088,-0.8810841,-24.605,428.365,-64.7675
7990,910706,1.15168,-0.1403,-1.276852,3.5525,482.335,-54.67
7991,910802,1.719956,-0.25498000000000004,-0.941108,50.085,505.995,-48.44
7992,910899,1.777296,-0.389424,-1.043344,86.6425,545.5275,-56.0525
7993,910995,2.3419119999999998,-0.645868,-1.68848,92.2075,572.845,-75.4075
7994,911091,2.12646,-0.6229319999999999,-1.21146,111.7725,548.94,-101.0975
7995,911187,4.31514,-0.8291120999999999,-1.522316,149.5375,514.5175,-128.5725
7996,911284,5.102772,-0.8937719999999999,-2.30946,244.3525,520.1875,-66.2375
7997,911380,2.68034,-1.397144,-2.684488,262.4475,462.875,-28.2625
7998,911476,2.9502040000000003,-3.2898519999999998,-3.05976,131.0925,232.785,-74.48
7999,911572,3.327672,-2.206248,-4.108716,-31.885,12.985,-60.655
8000,911668,0.14347200000000002,-1.025288,-1.902956,-122.3075,-168.21,-42.8575
8001,911765,-0.281088,-0.20008,-1.438136,-120.6975,-196.7175,-44.73
8002,911861,-0.006587999999999999,0.104432,-1.283684,-54.7575,-169.645,-45.01
8003,911957,0.354044,-0.24888000000000002,-1.352004,29.785,-166.5825,-27.1075
8004,912053,0.7141881,-0.758352,-1.432768,79.8875,-188.5625,-2.8
8005,912150,0.952332,-1.0858,-1.378356,77.805,-233.0475,15.7325
8006,912246,0.9506241,-1.067256,-1.167296,35.9625,-283.9725,27.0025
8007,912342,0.874252,-0.8188641,-0.942572,-11.27,-326.095,35.35
8008,912438,0.781776,-0.562908,-0.750544,-39.4625,-355.39,45.255
8009,912534,0.758596,-0.373076,-0.6326921,-45.325,-371.42,57.1725
8010,912631,0.759084,-0.267912,-0.5516840000000001,-37.45,-379.015,69.2475
8011,912727,0.758108,-0.225212,-0.49312399999999995,-23.5725,-382.9875,80.92
8012,912823,0.7822640000000001,-0.236436,-0.4404201,-11.1825,-382.725,89.81
8013,912919,0.8203280000000001,-0.279136,-0.42578,-4.305,-379.505,95.1125
8014,913016,0.9018241,-0.28157600000000005,-0.459208,-2.8875,-372.995,97.825
8015,913112,0.972828,-0.260348,-0.515572,-2.73,-365.6625,100.6425
8016,913208,1.094584,-0.22789600000000002,-0.585112,0.0,-357.8225,103.845
8017,913304,1.204872,-0.268156,-0.6409881,6.09,-353.1325,106.75
8018,913400,1.329556,-0.415288,-0.660996,12.1275,-351.3475,108.0975
8019,913497,1.3351680000000001,-0.42456000000000005,-0.7117479999999999,8.89,-348.88,108.6925
8020,913593,1.379332,-0.49141599999999996,-0.800076,5.18,-343.9275,111.055
8021,913689,1.455216,-0.5099600000000001,-0.903532,-0.595,-337.89,115.185
8022,913785,1.543544,-0.503128,-1.045052,-5.67,-332.2725,121.45
8023,913881,1.7453319999999999,-0.493612,-1.206336,-6.9825,-327.7575,127.155
8024,913978,2.031788,-0.518744,-1.324188,-1.1375,-327.635,132.335
8025,914074,2.318,-0.625128,-1.384456,8.085,-333.935,136.6575
8026,914170,2.518568,-0.756156,-1.374696,14.385,-344.435,139.8775
8027,914266,2.6705799999999997,-0.8522921,-1.299056,15.085,-355.5125,142.3975
8028,914362,2.787456,-0.680028,-1.135332,10.9375,-364.07,147.805
8029,914459,2.83528,-0.5753520000000001,-0.9001161,10.08,-363.4575,161.1225
8030,914555,2.9040880000000002,-0.296216,-0.43432,10.6575,-352.87,171.0275
8031,914651,3.0134,-0.042944,-0.029524,21.175,-337.1375,178.3425
8032,914747,2.813564,0.266204,0.921344,32.515,-305.0775,179.62
8033,914844,2.791116,0.7671359999999999,1.79462,46.3925,-252.9275,167.37
8034,914940,3.098312,1.129476,2.314584,76.4925,-183.6625,138.6525
8035,915036,3.665856,1.1385040000000002,2.3119,114.52,-118.0725,99.7675
8036,915132,3.518236,0.683932,2.2357720000000003,120.3825,-68.775,57.1025
8037,915228,2.785504,0.290116,2.039352,61.1625,-23.38,-4.83
8038,915325,2.212104,0.669292,1.05408,-29.6625,29.8025,-83.4925
8039,915421,2.152568,-0.6883239999999999,1.630164,-84.665,113.295,-159.1275
8040,915517,0.259128,0.7903161,2.200392,-210.6125,220.1325,-264.7575
8041,915613,0.915976,1.407148,-2.794532,-231.1925,338.1175,-304.395
8042,915709,2.686928,0.074664,-2.101572,-6.615,370.93,-147.4375
8043,915806,4.256336,0.592188,-1.871968,50.5575,361.655,-59.5175
8044,915902,3.87716,0.567788,-2.37046,-1.715,296.835,-74.865
8045,915998,1.568432,0.45286400000000004,-1.404464,8.4175,193.165,-63.035
8046,916094,0.087352,0.23448400000000003,-0.6141479999999999,21.105,163.52,-74.375
8047,916191,2.755004,-3.19884,-1.8585479999999999,47.1975,178.0975,-57.5925
8048,916287,1.7931560000000002,-1.0948280000000001,-0.43334399999999995,-61.5825,127.4175,-44.1
8049,916383,0.83814,0.96014,-1.42252,-105.21,92.47001,-44.625
8050,916479,1.21268,-0.6290319999999999,-0.937448,-62.86,72.2575,-44.0125
8051,916575,0.6390359999999999,-0.305,-0.832528,-65.8,53.0425,-37.9575
8052,916672,1.006744,-0.191296,-1.037244,-68.355,47.425,-35.0
8053,916768,0.545096,-0.264008,-0.8020281,-58.1525,30.4325,-36.575
8054,916864,0.760304,-0.050508,-0.9489161,-48.685,29.5225,-29.0325
8055,916960,0.805932,-0.069784,-0.9691681000000001,-33.11,27.2125,-21.2625
8056,917057,0.622688,-0.169336,-0.8396040000000001,-18.9525,20.615,-17.5875
8057,917153,0.67588,-0.042944,-0.8727879999999999,-12.32,20.72,-13.9825
8058,917249,0.612928,-0.122244,-0.8274040000000001,-2.38,19.5475,-9.8
8059,917345,0.63562,-0.105896,-0.8432639999999999,4.27,21.0175,-6.125
8060,917441,0.636596,-0.090768,-0.792756,9.8175,20.72,-3.535
8061,917538,0.643672,-0.05612,-0.7883640000000001,13.4575,21.595,0.105
8062,917634,0.604388,-0.095648,-0.783728,17.2375,23.065,5.6
8063,917730,0.584136,-0.11394800000000001,-0.803248,20.09,25.865,9.38
8064,917826,0.540216,-0.242536,-0.79666,22.4525,30.9225,10.745
8065,917922,0.584136,-0.28181999999999996,-0.76372,21.84,36.435,7.07
8066,918019,0.632204,-0.160308,-0.7929999999999999,19.565,40.88,2.8525
8067,918115,0.6075600999999999,-0.150792,-0.797636,25.9525,41.825,2.275
8068,918211,0.5980439999999999,-0.296704,-0.7198,36.9425,41.825,-0.385
8069,918307,0.6202479999999999,-0.202276,-0.748104,32.7775,44.9575,-3.92
8070,918404,0.548024,-0.310856,-0.6512359999999999,26.7925,49.035,-5.075
8071,918500,0.6709999999999999,-0.150304,-0.746396,10.4125,56.7175,-7.14
8072,918596,0.6573359999999999,-0.274256,-0.668072,11.62,56.91,-7.07
8073,918692,0.7095520000000001,-0.193492,-0.668072,8.19,56.875,-7.07
8074,918789,0.6917399999999999,-0.235704,-0.661484,8.5225,53.9525,-6.8775
8075,918885,0.661728,-0.270596,-0.6612401,7.9975,50.855,-9.1875
8076,918981,0.6790520999999999,-0.274256,-0.6724640000000001,3.7275,49.315,-15.505
8077,919077,0.6980841,-0.264252,-0.6505041,0.175,47.18,-22.7675
8078,919173,0.73078,-0.2257,-0.64172,-2.135,44.765,-28.5425
8079,919270,0.74542,-0.191052,-0.628544,-2.905,41.5275,-32.55
8080,919366,0.7356600000000001,-0.16811600000000002,-0.6290319999999999,-1.2775,39.4275,-33.7225
8081,919462,0.7332201,-0.15128,-0.6456241,1.4175,37.975,-34.195
8082,919558,0.719312,-0.143716,-0.647332,3.15,37.6075,-33.635
8083,919655,0.7027201,-0.23668000000000003,-0.64782,3.8675,37.5725,-32.9175
8084,919751,0.6785640000000001,-0.2013,-0.7019880000000001,1.54,39.7775,-34.1425
8085,919847,0.687348,-0.130296,-0.7171161,1.4,46.025,-34.475
8086,919943,0.690032,-0.1281,-0.738344,3.43,56.7175,-30.9575
8087,920039,0.659044,-0.162748,-0.7356600000000001,5.6,69.80751,-27.545
8088,920136,0.690032,-0.12566,-0.75274,5.285,85.7325,-27.475
8089,920232,0.666852,-0.144448,-0.7468840999999999,5.6175,102.69,-28.2275
8090,920328,0.669292,-0.08417999999999999,-0.731024,5.4775,120.9425,-27.3
8091,920424,0.688812,-0.060512,-0.7522521,3.99,139.8775,-24.2025
8092,920520,0.6009720000000001,-0.16104000000000002,-0.699548,2.2925,155.0675,-21.945
8093,920617,0.514108,-0.20252,-0.6790520999999999,3.2725,180.11,-21.21
8094,920713,0.621712,-0.172264,-0.8493641,1.3125,214.7075,-20.65
8095,920809,0.752984,-0.42724399999999996,-0.709796,-10.2375,233.905,-33.74
8096,920905,0.609268,-0.4148,-0.7407841,-17.1325,281.05,-57.1025
8097,921002,1.273192,-0.360632,-0.8818159999999999,-29.5225,343.875,-74.5325
8098,921098,0.61366,-0.21838000000000002,-0.8996280999999999,-21.805,430.8325,-73.99
8099,921194,1.179252,-0.191296,-1.297348,-14.9625,499.4675,-69.73751
8100,921290,1.820972,-0.193492,-1.207068,28.8575,528.08,-67.515
8101,921386,1.8695279999999999,-0.49166000000000004,-1.158024,92.19001,552.9825,-66.0275
8102,921483,2.364604,-0.7422481,-1.7345959999999998,101.5,571.8125,-86.20501
8103,921579,1.984696,-0.5553441,-0.8620521000000001,119.9975,545.0725,-120.1025
8104,921675,4.016483999999999,-0.749324,-1.555744,167.2125,518.1925,-143.6225
8105,921771,4.9004959999999995,-0.7517640999999999,-2.221376,273.7875,521.5525,-67.34000999999999
8106,921867,2.72304,-1.351272,-2.929708,314.0725,473.3225,-11.7075
8107,921964,2.523448,-3.641456,-2.5498,185.29,238.42,-59.5525
8108,922060,3.749304,-2.706692,-4.255604,-22.54,35.4025,-43.9075
8109,922156,0.6178081,-1.4457,-2.0647279999999997,-155.575,-163.2575,-14.525
8110,922252,-0.126392,-0.44164,-1.569652,-192.185,-217.1575,-2.835
8111,922349,-0.264984,0.150792,-1.263676,-150.885,-202.3,1.6975
8112,922445,-0.015616,0.11126400000000002,-1.2219520000000001,-66.9375,-191.975,15.3475
8113,922541,0.404308,-0.25424800000000003,-1.362252,7.28,-197.3125,33.74
8114,922637,0.7388319999999999,-0.6600201,-1.379576,38.3775,-229.95,44.03
8115,922733,0.90036,-0.847412,-1.281488,24.64,-277.34,43.75
8116,922830,0.8725440999999999,-0.7320001,-1.0584719999999999,-13.615,-325.99,37.87
8117,922926,0.778604,-0.48922,-0.821792,-44.31,-362.67,32.305
8118,923022,0.7229720000000001,-0.29768,-0.625128,-51.4325,-384.6675,29.82
8119,923118,0.7034521,-0.23741199999999998,-0.499712,-39.5325,-394.4325,31.15
8120,923214,0.72956,-0.259372,-0.43236800000000003,-21.0875,-396.305,33.8275
8121,923311,0.8178880999999999,-0.35136,-0.440176,-6.0375,-393.365,36.1025
8122,923407,0.925736,-0.46506400000000003,-0.5023960999999999,1.7675,-389.655,38.92
8123,923503,1.099952,-0.504836,-0.604144,0.1575,-387.7475,41.02
8124,923599,1.19804,-0.46628400000000003,-0.638304,-2.5725,-390.1625,44.345
8125,923695,1.194136,-0.401868,-0.613416,0.665,-392.2975,49.7175
8126,923792,1.230004,-0.349896,-0.587796,12.67,-389.41,56.28
8127,923888,1.262456,-0.398696,-0.56242,31.9375,-380.9575,65.555
8128,923984,1.360544,-0.549732,-0.6231760999999999,50.1025,-367.1675,77.595
8129,924080,1.490108,-0.77104,-0.7422481,58.0125,-351.995,92.2075
8130,924177,1.594052,-0.9250040999999999,-0.8757159999999999,49.49,-339.29,108.0275
8131,924273,1.700192,-0.9767321,-1.029192,28.4025,-328.5975,124.74
8132,924369,1.896856,-0.8842561,-1.1660760000000001,9.625,-318.85,141.4175
8133,924465,2.173796,-0.8166680000000001,-1.2756319999999999,3.78,-311.5525,159.2675
8134,924561,2.4878240000000003,-0.801784,-1.338584,10.22,-309.715,177.87
8135,924658,2.748904,-0.8693719999999999,-1.3205280000000001,19.8625,-313.9325,196.2975
8136,924754,2.833084,-0.8852321,-1.1148360000000002,22.5575,-321.965,211.2075
8137,924850,2.7816,-0.398452,-0.8845,15.6975,-323.8375,225.2775
8138,924946,2.7908720000000002,-0.175924,-0.5553441,25.935,-313.355,247.065
8139,925042,2.887252,-0.11394800000000001,-0.09906401,43.2775,-294.8575,260.1725
8140,925139,2.988268,0.0366,0.473116,41.405,-268.3975,253.3125
8141,925235,3.114904,0.413092,1.173152,24.5175,-238.6825,224.7175
8142,925331,3.22934,1.02236,1.8317080000000001,17.7625,-205.7125,173.81
8143,925427,3.243492,1.597712,2.328736,53.83,-164.5875,111.8425
8144,925523,2.9453240000000003,1.286612,2.638372,124.6525,-111.1425,57.26
8145,925620,2.484652,0.22252800000000003,2.412916,159.6175,-44.9925,6.5275
8146,925716,2.581276,-0.4594521,1.569408,115.115,23.6425,-50.365
8147,925812,2.77184,-0.46848,0.67832,39.585,69.3875,-86.32751
8148,925908,2.3262959999999997,-2.312144,1.040904,-6.4925,107.205,-88.4975
8149,926005,-0.5441199999999999,-0.813008,2.4856279999999997,-192.605,212.73,-125.79
8150,926101,1.025288,1.2312239999999999,-2.437072,-274.2075,322.9625,-147.595
8151,926197,0.9830760000000001,2.178676,-2.202588,-143.29,351.0325,-41.65
8152,926293,3.55996,2.00202,-1.8358560000000002,-18.76,387.73,8.75
8153,926389,4.322216,1.6989720000000001,-2.5114919999999996,-10.815,341.5825,-48.615
8154,926486,2.107428,0.564128,-1.390556,10.605,231.805,-92.89001
8155,926582,1.005768,-1.957368,-1.5018200000000002,10.36,174.0725,-123.9525
8156,926678,1.1094680000000001,-3.0744,0.10223600000000001,-68.705,137.4625,-96.72251
8157,926774,1.226588,0.783972,-1.3886040000000002,-184.4325,129.7625,-78.7325
8158,926871,1.833904,0.5221600000000001,-1.491572,-161.0,102.5325,-98.2625
8159,926967,0.787388,-0.728096,-0.9752681000000001,-119.9275,48.58,-99.38251
8160,927063,0.643672,-0.026351999999999997,-1.031144,-103.2675,36.47,-80.36
8161,927159,0.730536,-0.349652,-0.8976761000000001,-78.68,25.2875,-72.835
8162,927255,0.756888,-0.064416,-0.7954399999999999,-64.225,20.3875,-60.5325
8163,927352,0.7361481,0.055388,-0.8959681,-54.6875,15.4525,-47.565
8164,927448,0.7134560999999999,-0.156404,-0.8527800999999999,-41.02,13.195,-38.1325
8165,927544,0.69418,0.110776,-0.888648,-35.455,12.9325,-33.915
8166,927640,0.7200439999999999,0.062220000000000004,-0.8518040000000001,-24.22,11.5675,-25.935
8167,927736,0.614392,-0.012931999999999999,-0.850096,-12.6,10.535,-17.6925
8168,927833,0.612684,-0.025863999999999998,-0.822524,-8.12,12.2675,-14.1225
8169,927929,0.622688,-0.019032,-0.8049561,-4.2875,13.5975,-11.76
8170,928025,0.627568,-0.035136,-0.7983680000000001,-0.2975,13.895,-8.925
8171,928121,0.60634,-0.049532,-0.8020281,2.7125,13.72,-5.8275
8172,928218,0.5858439999999999,-0.056608000000000006,-0.8103239999999999,4.97,14.315,-3.8675
8173,928314,0.565836,-0.07978801,-0.8235001000000001,6.79,16.975,-2.94
8174,928410,0.58194,-0.18104800000000001,-0.8066641,8.8025,21.455,-3.36
8175,928506,0.584136,-0.111508,-0.800076,8.54,25.025,-6.1075
8176,928602,0.6131721,-0.156892,-0.7622561,9.065,26.7575,-7.6125
8177,928699,0.6039,-0.17738800000000002,-0.772748,6.8775,28.8225,-9.17
8178,928795,0.589504,-0.06929600000000001,-0.805688,4.165,32.27,-12.005
8179,928891,0.605364,-0.09589201,-0.782508,7.1575,36.295,-12.145
8180,928987,0.6290319999999999,-0.047824,-0.766892,6.5275,40.53,-11.13
8181,929083,0.624152,-0.05636401,-0.76494,8.435,43.61,-9.0475
8182,929180,0.630252,-0.034648000000000005,-0.7564001,9.415,46.865,-6.7725
8183,929276,0.641964,-0.043676,-0.743468,10.9375,49.9975,-4.06
8184,929372,0.652944,-0.063928,-0.7300479999999999,12.6875,52.325,-1.9075
8185,929468,0.662948,-0.09150001,-0.7105279999999999,14.0875,54.11,-0.7875
8186,929564,0.629764,-0.10858,-0.55266,16.9925,55.4575,-0.35
8187,929661,0.78446,-0.046604,-1.006256,37.0475,57.785,5.1975
8188,929757,0.756644,-0.172752,-0.663924,19.9675,55.2475,2.24
8189,929853,0.6351319999999999,-0.138104,-0.712236,19.4775,57.575,1.2775
8190,929949,0.677832,-0.16128399999999998,-0.684176,20.7025,59.325,-1.365
8191,930045,0.663192,-0.116876,-0.7200439999999999,21.5075,61.6875,-4.445
8192,930142,0.685396,-0.188612,-0.687592,22.925,65.9925,-6.965
8193,930238,0.6734399999999999,-0.148596,-0.7117479999999999,23.03,71.12,-11.095
8194,930334,0.681248,-0.155916,-0.68076,24.7625,77.49,-14.91
8195,930430,0.712724,-0.168604,-0.6763680000000001,26.53,85.47,-18.3225
8196,930527,0.6954,-0.141276,-0.66246,27.51,91.9625,-19.8625
8197,930623,0.7137001000000001,-0.09735601,-0.638792,25.2,97.58,-19.95
8198,930719,0.7324881,-0.062464,-0.654652,21.6825,102.1125,-16.625
8199,930815,0.705404,-0.033916,-0.6836880999999999,16.8875,108.08,-11.4625
8200,930911,0.69906,-0.05563200000000001,-0.688812,14.28,117.915,-5.88
8201,931008,0.6344,-0.10736,-0.70638,10.9375,129.395,-5.1975
8202,931104,0.6649,-0.233508,-0.647332,8.5225,144.235,-7.2625
8203,931200,0.62464,-0.260104,-0.5663239999999999,7.3325,166.32,-8.225
8204,931296,0.663924,-0.1891,-0.7722600000000001,1.645,195.2825,-10.29
8205,931393,0.81374,-0.337208,-0.6810039999999999,-16.695,209.51,-26.5475
8206,931489,0.68076,-0.280844,-0.683932,-27.265,247.03,-43.5225
8207,931585,1.2336639999999999,-0.332328,-0.87108,-41.7375,292.67,-52.36
8208,931681,1.21268,-0.246196,-0.648308,-35.0175,359.1875,-48.405
8209,931777,0.9125601000000001,-0.203984,-1.00894,-31.815,431.8825,-38.0975
8210,931874,1.386896,-0.14469200000000002,-1.080676,-9.94,471.66,-33.9675
8211,931970,1.6206479999999999,-0.227408,-0.735904,43.995,497.0,-32.5675
8212,932066,1.609668,-0.239852,-1.229272,64.6625,546.91,-45.885
8213,932162,2.246264,-0.45896400000000004,-1.809504,88.44501,549.6925,-55.23
8214,932259,2.595672,-0.519964,-0.9540401,119.7875,502.285,-73.3775
8215,932355,4.428844000000001,-0.5546121,-1.563308,199.2025,503.8075,-52.6225
8216,932451,3.2593520000000002,-0.36282800000000004,-1.9822560000000002,292.7575,515.1125,18.375
8217,932547,1.957124,-0.803736,-2.210396,289.03,417.9875,19.0925
8218,932643,3.3532919999999997,-2.2906720000000003,-2.745488,214.1475,204.0325,-24.745
8219,932740,2.803804,-1.843664,-3.637064,68.005,17.6225,-41.8425
8220,932836,0.457988,-1.084092,-1.762168,-44.45,-157.7975,-61.845
8221,932932,0.145912,-0.45457200000000003,-1.4964520000000001,-80.815,-180.495,-77.0525
8222,933028,0.047092,-0.113704,-1.250256,-59.3775,-176.96,-77.2275
8223,933124,0.188124,-0.248392,-1.203652,-2.17,-178.2025,-54.4775
8224,933221,0.477508,-0.539484,-1.249768,45.6925,-190.925,-25.1475
8225,933317,0.7137001000000001,-0.834724,-1.240984,59.3775,-220.9375,-1.715
8226,933413,0.798856,-0.936472,-1.160464,36.4525,-261.4675,11.34
8227,933509,0.7944641,-0.791536,-0.987712,-3.7975,-301.245,16.9575
8228,933605,0.738588,-0.519476,-0.8164239999999999,-35.315,-332.15,21.735
8229,933702,0.68076,-0.275964,-0.6663640000000001,-44.415,-352.9225,28.98
8230,933798,0.708088,-0.137128,-0.5846241,-31.2025,-363.265,39.4975
8231,933894,0.792756,-0.1159,-0.584136,-6.545,-369.2675,51.94
8232,933990,0.897432,-0.167872,-0.55388,18.585,-375.3925,64.7325
8233,934086,0.9740479999999999,-0.242536,-0.5614439999999999,34.3875,-381.5175,75.425
8234,934183,0.9903959999999999,-0.298656,-0.542656,40.285,-386.225,83.195
8235,934279,0.9952761,-0.290848,-0.5414359999999999,37.3275,-386.54,87.90250999999999
8236,934375,1.026996,-0.219844,-0.549732,32.8825,-381.6225,90.59751
8237,934471,1.087264,-0.14152,-0.5673,34.9475,-373.52,92.2425
8238,934568,1.17608,-0.11321600000000001,-0.599996,45.01,-363.685,93.38
8239,934664,1.313452,-0.172264,-0.6661201,59.815,-353.395,94.5525
8240,934760,1.424716,-0.31354,-0.735904,71.015,-343.665,96.18
8241,934856,1.478884,-0.456768,-0.8042239999999999,69.825,-334.8625,98.035
8242,934952,1.533784,-0.5785241,-0.9484280999999999,55.6325,-324.7475,99.8375
8243,935049,1.7694880000000002,-0.623664,-1.167296,35.945,-314.02,103.145
8244,935145,2.090836,-0.5975560000000001,-1.386408,21.1925,-310.415,111.7375
8245,935241,2.3719240000000004,-0.611952,-1.468148,18.2,-316.6625,127.995
8246,935337,2.529304,-0.66856,-1.417152,21.5075,-328.4925,147.7
8247,935434,2.57298,-0.692716,-1.22244,23.2575,-337.995,167.4575
8248,935530,2.611532,-0.5694961,-1.009428,19.4075,-339.85,185.8325
8249,935626,2.723528,-0.49312399999999995,-0.7564001,17.29,-333.0425,203.14
8250,935722,2.8091720000000002,-0.43724799999999997,-0.352092,14.7175,-322.4725,212.485
8251,935819,2.7835520000000002,-0.2074,0.236192,5.915,-304.605,209.79
8252,935915,2.689612,0.270108,0.9494040000000001,1.3475,-273.8575,198.6425
8253,936011,2.845284,0.9189040999999999,1.588684,17.745,-229.215,181.265
8254,936107,2.9736279999999997,1.266116,2.040572,67.4975,-179.235,160.1775
8255,936203,2.8713919999999997,1.0767719999999998,2.277252,124.7925,-124.8275,136.43
8256,936300,2.595672,0.49898000000000003,2.1774560000000003,139.265,-62.6325,98.245
8257,936396,2.400228,0.09613601,1.655052,87.64,-0.7875,32.76
8258,936492,2.547116,0.17763199999999998,0.733952,11.1475,45.0975,-37.52
8259,936588,2.3860759999999996,-0.8491200000000001,0.772504,-30.31,81.83001,-86.905
8260,936684,0.40357600000000005,-0.69906,2.6510599999999998,-149.695,160.615,-164.0975
8261,936781,0.5946279999999999,2.4451240000000003,-0.328912,-265.2825,259.1225,-240.5375
8262,936877,1.168028,1.544764,-3.3837919999999997,-142.87,325.045,-192.185
8263,936973,3.1973759999999998,0.34794400000000003,-1.586976,42.9625,339.0625,-67.2175
8264,937069,3.5309239999999997,0.955016,-2.38022,11.3575,298.165,-82.5475
8265,937165,2.3550880000000003,0.20008,-1.520608,26.7925,226.765,-92.47001
8266,937262,0.8757159999999999,-0.262788,-0.7822640000000001,11.34,162.4875,-92.34751
8267,937358,1.3834799999999998,-2.135488,-1.6506599999999998,7.4725,155.05,-86.04751
8268,937454,1.624796,-1.561112,-0.281088,-76.02,134.505,-67.725
8269,937550,1.227808,0.6663640000000001,-1.252208,-136.36,104.65,-63.8925
8270,937646,1.458632,0.144448,-1.17486,-106.4875,79.4325,-64.05
8271,937743,0.6824680000000001,-0.41553199999999996,-0.856196,-87.90250999999999,50.6625,-55.1425
8272,937839,0.798124,0.058316,-1.037,-81.81251,45.185,-41.545
8273,937935,0.7449321,-0.423096,-0.8744960999999999,-60.2525,33.11,-37.8875
8274,938031,0.863516,0.16592,-1.017968,-47.2675,28.385,-29.995
8275,938127,0.667096,-0.084912,-0.8735200000000001,-23.0125,19.1275,-20.3525
8276,938224,0.638548,-0.12761199999999998,-0.837408,-7.56,18.7425,-11.515
8277,938320,0.675148,-0.0366,-0.8652241,-2.1525,18.4275,-8.9075
8278,938416,0.6161,-0.13859200000000002,-0.8317960999999999,3.01,17.64,-6.65
8279,938512,0.6409881,-0.105652,-0.819108,4.8125,18.97,-5.985
8280,938609,0.634644,-0.132248,-0.7993439999999999,7.315,19.46,-4.865
8281,938705,0.641232,-0.125172,-0.782508,9.52,18.935,-3.7625
8282,938801,0.633912,-0.118584,-0.76494,11.3225,18.2875,-2.415
8283,938897,0.6075600999999999,-0.12444000000000001,-0.771772,11.095,18.4625,-1.085
8284,938993,0.596092,-0.16201600000000002,-0.769332,8.3475,19.2675,-1.8375
8285,939090,0.585356,-0.16689600000000002,-0.771528,5.985,20.7375,-3.5875
8286,939186,0.592432,-0.215452,-0.792756,6.3525,23.8,-3.9725
8287,939282,0.612684,-0.22691999999999998,-0.772992,6.755,26.95,-5.1275
8288,939378,0.6453800000000001,-0.168848,-0.756888,6.895,27.51,-7.5775
8289,939474,0.64172,-0.08442401,-0.788852,10.325,26.5125,-8.2775
8290,939571,0.6229319999999999,-0.202764,-0.746396,19.18,25.795,-7.6475
8291,939667,0.556076,-0.29402,-0.7373681,17.395,27.93,-9.1
8292,939763,0.658312,-0.112728,-0.7771399999999999,6.4925,33.775,-11.6025
8293,939859,0.662216,-0.178852,-0.7156520000000001,7.4375,35.245,-12.2675
8294,939955,0.676124,-0.14078800000000002,-0.7176041,5.6,36.8725,-11.935
8295,940052,0.68686,-0.153232,-0.7027201,5.8275,37.3975,-11.0425
8296,940148,0.682712,-0.16592,-0.6939361,5.6175,37.3975,-10.0625
8297,940244,0.6785640000000001,-0.185196,-0.692228,5.705,36.5925,-10.6225
8298,940340,0.678076,-0.187392,-0.6956439999999999,5.6,36.0675,-12.495
8299,940436,0.678808,-0.17836400000000002,-0.7007680000000001,5.6175,35.6825,-14.5775
8300,940533,0.678076,-0.15982000000000002,-0.7032079999999999,5.635,35.84,-16.2225
8301,940629,0.68808,-0.13298,-0.7041841,6.3,37.065,-17.15
8302,940725,0.685884,-0.127856,-0.7007680000000001,7.9275,38.885,-16.8175
8303,940821,0.6878361,-0.10223600000000001,-0.698816,9.1175,41.5975,-15.4
8304,940917,0.6836880999999999,-0.12712400000000001,-0.686616,10.5175,44.695,-13.65
8305,941014,0.684176,-0.14493599999999998,-0.69296,11.2525,48.7375,-11.97
8306,941110,0.6893,-0.18178,-0.6844201,11.7775,52.815,-11.6025
8307,941206,0.6958880000000001,-0.11760799999999999,-0.693692,11.3225,57.19,-11.4625
8308,941302,0.693448,-0.116876,-0.69296,11.795,62.3175,-9.3275
8309,941398,0.702232,-0.129076,-0.7015,12.32,68.5475,-6.02
8310,941495,0.6917399999999999,-0.146156,-0.701256,12.7925,76.0725,-4.165
8311,941591,0.71126,-0.12468399999999999,-0.711504,14.3675,86.03,-3.395
8312,941687,0.69662,-0.131272,-0.7034521,16.87,96.18,-2.45
8313,941783,0.7088201,-0.157136,-0.684908,15.82,106.2775,-2.625
8314,941880,0.6749041,-0.189832,-0.6600201,12.075,118.02,-4.7775
8315,941976,0.66246,-0.20984,-0.686616,7.21,132.0725,-9.6775
8316,942072,0.5946279999999999,-0.279624,-0.702476,1.925,147.525,-16.275
8317,942168,0.57096,-0.364292,-0.720288,2.905,171.15,-22.0325
8318,942264,0.632204,-0.37502800000000003,-0.739564,3.99,202.3,-30.31
8319,942361,0.43066000000000004,-0.306952,-0.83936,-1.2775,232.12,-46.6025
8320,942457,0.985516,-0.37332,-0.906948,-15.3475,264.9675,-69.51
8321,942553,0.7522521,-0.356484,-0.532896,-17.15,317.31,-89.0925
8322,942649,1.1529,-0.354532,-0.7156520000000001,-21.84,391.7025,-100.625
8323,942745,1.316624,-0.08417999999999999,-1.05774,-0.5075,469.6475,-106.1375
8324,942842,1.8051119999999998,-0.047824,-1.0262639999999998,58.3975,505.3475,-95.2525
8325,942938,1.8056,-0.367464,-1.404952,110.04,531.2825,-94.8325
8326,943034,2.230892,-0.7417600000000001,-1.7714400000000001,130.7775,516.005,-107.8
8327,943130,3.504572,-0.8991401,-1.054812,132.79,476.4725,-132.7725
8328,943226,2.989488,-0.508252,-1.8812400000000002,170.5725,497.84,-110.1275
8329,943323,2.86456,-0.6451359999999999,-1.990552,203.56,471.8875,-90.65001
8330,943419,1.5408600000000001,-1.098732,-2.81698,179.97,340.305,-100.03
8331,943515,3.255936,-1.572824,-3.299124,141.3125,156.31,-97.1075
8332,943611,1.843908,-1.563308,-3.049756,74.7075,-9.0475,-66.5525
8333,943708,0.2135,-1.093364,-1.538176,34.9125,-146.3,-35.1925
8334,943804,-0.077836,-0.850096,-1.14192,18.6025,-160.0025,-5.0925
8335,943900,-0.037332,-0.6895439999999999,-0.904752,13.8775,-150.7275,22.12
8336,943996,0.21886799999999998,-0.634156,-0.9652639999999999,9.1175,-145.7925,47.215
8337,944092,0.43212399999999995,-0.55266,-1.029192,-0.3325,-157.185,71.12
8338,944189,0.529724,-0.44944799999999996,-1.031388,-14.805,-182.49,91.5775
8339,944285,0.570472,-0.29402,-0.9833200000000001,-30.625,-212.0475,105.6475
8340,944381,0.5897479999999999,-0.131272,-0.90646,-42.9275,-239.89,113.015
8341,944477,0.5743761,0.029524,-0.8044680999999999,-49.035,-263.7775,115.1325
8342,944573,0.5612,0.165676,-0.724924,-47.04,-281.54,113.505
8343,944670,0.59292,0.255468,-0.686616,-37.8525,-294.4725,108.64
8344,944766,0.6993041,0.299632,-0.7019880000000001,-22.9075,-304.4825,101.605
8345,944862,0.8569280999999999,0.27889200000000003,-0.753472,-5.74,-315.0875,92.5925
8346,944958,0.9852719999999999,0.211304,-0.79422,9.73,-329.63,81.76001
8347,945054,1.0345600000000001,0.167628,-0.775676,19.95,-346.1325,69.545
8348,945151,1.0443200000000001,0.179828,-0.729072,28.14,-359.5375,57.435
8349,945247,1.030412,0.183,-0.670512,38.2375,-366.5025,45.4475
8350,945343,1.0675,0.16909200000000002,-0.650748,50.435,-367.78,32.13
8351,945439,1.1895,0.11345999999999999,-0.680516,63.455,-365.2075,18.48
8352,945536,1.301984,0.01464,-0.7178479999999999,76.30001,-361.3575,7.98
8353,945632,1.367864,-0.06124401,-0.7388319999999999,86.625,-357.455,3.57
8354,945728,1.3790879999999999,-0.156892,-0.7993439999999999,92.89001,-350.3675,6.405
8355,945824,1.4454559999999999,-0.228872,-0.9152440000000001,94.90250999999999,-340.1125,13.7025
8356,945920,1.6352879999999999,-0.265716,-1.086776,96.0925,-329.14,23.695
8357,946017,1.934188,-0.288164,-1.25904,101.745,-322.56,37.66
8358,946113,2.196732,-0.305732,-1.3510280000000001,111.4925,-323.925,56.3325
8359,946209,2.448296,-0.222284,-1.38714,121.6075,-330.2425,78.61
8360,946305,2.608848,0.119316,-1.330044,132.895,-337.715,103.7925
8361,946401,2.694248,0.42602399999999996,-1.128012,151.5325,-343.4025,129.465
8362,946498,2.657648,0.5077640999999999,-0.8105680000000001,169.6625,-344.26,145.8975
8363,946594,2.571516,0.496296,-0.46457600000000004,164.7275,-332.85,143.4825
8364,946690,2.512468,0.6409881,-0.08784,127.33,-308.4025,119.0
8365,946786,2.55346,0.9057280999999999,0.34648,80.90250999999999,-273.7175,81.515
8366,946882,2.6837560000000003,1.15778,0.900848,49.5075,-236.74,36.0325
8367,946979,2.927512,1.602592,1.47986,42.63,-200.9875,-21.5775
8368,947075,3.071228,2.2972599999999996,1.93492,74.375,-163.24,-82.88
8369,947171,2.853336,2.038376,2.080832,145.4425,-122.78,-121.345
8370,947268,2.6410560000000003,0.9198799999999999,1.723616,174.9475,-73.465,-149.6425
8371,947364,2.44244,0.407724,0.9691681000000001,100.9225,-24.4825,-195.8425
8372,947460,1.7938880000000001,-1.473516,1.18828,-25.0075,32.4625,-259.035
8373,947556,0.332572,-0.45261999999999997,-0.274744,-241.255,119.14,-370.8075
8374,947652,-0.703696,-1.553792,-1.6738400000000002,-240.345,156.73,-388.7275
8375,947748,-0.8725440999999999,-1.089704,-0.205936,-203.455,195.125,-273.7175
8376,947845,2.69254,-0.159088,-1.1346,-111.4225,324.45,-136.0975
8377,947941,3.26472,1.666764,-1.616012,-143.3775,333.13,-67.4275
8378,948037,1.275388,0.359412,-1.5640399999999999,-140.63,268.625,-41.265
8379,948133,2.873344,-0.22204000000000002,-2.235284,-202.1075,218.8025,-76.545
8380,948229,3.191032,1.9361400000000002,-2.5803,-191.695,141.05,-81.27
8381,948326,1.1653440000000002,0.012444,-1.146556,-82.14499,47.1275,-57.575
8382,948422,0.9286639999999999,-0.41577600000000003,-0.60634,-20.2125,46.83,-23.695
8383,948518,0.860344,-0.040504000000000005,-0.73932,-17.85,39.9525,-16.17
8384,948614,0.7861680999999999,-0.07832401,-0.8581479999999999,-4.2175,29.05,-14.14
8385,948710,0.788852,-0.08174001,-0.755424,-1.7675,28.35,-12.0925
8386,948807,0.7327321,-0.034892,-0.779092,0.8925,24.3075,-8.925
8387,948903,0.7046720999999999,-0.016836,-0.791048,3.675,20.2125,-4.2175
8388,948999,0.6834439999999999,-0.041236,-0.796172,7.4025,18.1825,0.7175
8389,949095,0.6563601,-0.067344,-0.788852,11.4625,17.465,3.3075
8390,949192,0.6439159999999999,-0.062464,-0.7861680999999999,13.8425,18.2175,5.1625
8391,949288,0.646112,-0.07393200000000001,-0.777872,17.605,19.1275,8.47
8392,949384,0.633668,-0.10906800000000001,-0.771772,20.965,20.51,11.935
8393,949480,0.670512,-0.15128,-0.798856,22.2425,23.52,13.09
8394,949576,0.640256,-0.16128399999999998,-0.776408,24.64,26.8975,13.9825
8395,949673,0.6646561,-0.209108,-0.754692,24.955,29.9425,15.1375
8396,949769,0.650016,-0.171776,-0.761524,23.9225,31.3075,15.68
8397,949865,0.62464,-0.111508,-0.7808001,25.0775,32.5325,15.995
8398,949961,0.662948,-0.211548,-0.7451760000000001,35.105,33.215,16.03
8399,950057,0.619272,-0.23253200000000002,-0.742492,41.475,33.8625,13.8775
8400,950154,0.631228,-0.26303200000000004,-0.715164,45.4475,35.2275,9.765
8401,950250,0.6019479999999999,-0.319884,-0.70638,45.9725,37.03,4.97
8402,950346,0.6351319999999999,-0.236436,-0.7373681,41.4575,40.5825,-1.2425
8403,950442,0.558516,-0.276696,-0.726388,43.8375,44.24,-8.8025
8404,950538,0.5694961,-0.232776,-0.769332,50.925,44.38,-19.075
8405,950635,0.5368,-0.263276,-0.762012,63.1925,46.6725,-32.1475
8406,950731,0.490684,-0.280844,-0.8071520000000001,81.91751,46.9175,-49.4375
8407,950827,0.514108,-0.30134,-0.82594,107.4675,48.545,-71.7675
8408,950923,0.518012,-0.367464,-0.7761640999999999,139.58,45.4125,-98.2975
8409,951019,0.58072,-0.426756,-0.709796,168.6475,40.4075,-127.5575
8410,951116,0.6351319999999999,-0.443104,-0.590968,193.1825,33.915,-154.4375
8411,951212,0.720776,-0.4404201,-0.519964,210.3675,28.07,-175.9625
8412,951308,0.772016,-0.426512,-0.485804,221.515,25.34,-193.7775
8413,951404,0.7986121,-0.318176,-0.47384799999999994,230.72,21.9275,-206.885
8414,951501,0.909632,-0.32574000000000003,-0.41846000000000005,236.985,15.9075,-215.1625
8415,951597,0.9203680000000001,-0.265228,-0.36892800000000003,240.0825,11.83,-216.09
8416,951693,0.9403761,-0.27328,-0.35258,239.645,7.8225,-210.28
8417,951789,0.9391560999999999,-0.22935999999999998,-0.374052,226.0125,6.0025,-201.4775
8418,951885,0.9699,-0.139812,-0.379176,207.06,4.27,-189.21
8419,951982,0.941108,-0.116876,-0.39528,191.4325,0.56,-174.16
8420,952078,0.907192,-0.10931199999999999,-0.434564,175.6475,-2.555,-159.81
8421,952174,0.8930401,-0.079544,-0.4697,154.14,-4.095,-146.9825
8422,952270,0.874984,-0.06075601,-0.49751599999999996,130.2875,-3.4125,-132.72
8423,952366,0.85888,-0.015128,-0.52582,110.0575,-1.225,-118.825
8424,952463,0.8457040000000001,-0.0061,-0.567788,95.865,2.1875,-105.42
8425,952559,0.8439959999999999,-0.00244,-0.5697399999999999,83.94751,6.685,-92.76751
8426,952655,0.8335040000000001,-0.01342,-0.5858439999999999,73.2025,12.145,-81.2175
8427,952751,0.828868,-0.016347999999999998,-0.582184,63.84,18.585,-70.665
8428,952847,0.8298440999999999,-0.026595999999999998,-0.6131721,55.1775,25.9175,-61.74
8429,952944,0.8042239999999999,-0.049776,-0.6182960999999999,47.705,35.5775,-54.6875
8430,953040,0.796904,-0.07881200000000001,-0.6036560999999999,44.45,48.93,-50.47
8431,953136,0.734196,-0.14566800000000002,-0.616344,49.3325,63.0875,-50.015
8432,953232,0.713212,-0.15176800000000001,-0.594384,63.7175,79.205,-55.0725
8433,953329,0.797392,-0.190564,-0.6058520000000001,79.3625,106.3125,-64.8025
8434,953425,0.788852,-0.205936,-0.72224,99.295,147.3675,-75.425
8435,953521,0.8976761000000001,-0.3294,-0.720776,128.975,195.3875,-87.8325
8436,953617,1.051884,-0.42333999999999994,-0.8413120000000001,165.1125,274.75,-98.6475
8437,953713,0.73078,-0.251076,-1.351516,206.22,361.7425,-103.4775
8438,953810,1.199016,-0.24522,-1.142896,256.375,397.88,-107.3975
8439,953906,1.621868,-0.37112399999999995,-1.044808,304.7625,410.1125,-113.96
8440,954002,1.4422840000000001,-0.44237200000000004,-1.107516,323.4525,409.115,-125.5975
8441,954098,1.9190599999999998,-0.509472,-1.170712,343.2625,378.5075,-136.2025
8442,954194,3.1717560000000002,-0.7639640999999999,-0.928176,343.175,333.9875,-164.4125
8443,954291,3.214944,-0.45261999999999997,-1.1751040000000001,385.9275,334.7575,-146.405
8444,954387,2.409256,-0.157136,-1.6555400000000002,429.0475,301.6475,-118.5975
8445,954483,1.493768,-0.652944,-1.851472,422.975,174.93,-128.065
8446,954579,1.159244,-1.5469600000000001,-1.831952,378.8925,22.2425,-139.5275
8447,954675,0.928176,-2.261636,-2.071804,298.8125,-78.925,-114.345
8448,954772,-0.398696,-2.021784,-0.9167081,207.9175,-134.4175,-61.3375
8449,954868,-0.182756,-1.3139399999999999,-1.127524,126.4725,-115.01,10.4125
8450,954964,0.21032800000000001,-0.538996,-1.436428,97.09000999999999,-104.0375,95.00751
8451,955060,0.47458,-0.039284,-1.6643240000000001,109.8825,-124.9325,169.8725
8452,955157,0.564128,0.33794,-1.678232,131.18,-163.94,215.39
8453,955253,0.517524,0.7266321,-1.547692,142.135,-205.5375,226.03
8454,955349,0.406016,1.22854,-1.38226,150.185,-237.16,213.29
8455,955445,0.44334799999999996,1.6389479999999998,-1.280512,173.18,-255.3075,192.78
8456,955541,0.6304960000000001,1.6635919999999997,-1.297592,217.525,-267.2425,173.11
8457,955638,0.876692,1.404464,-1.3290680000000001,258.335,-282.0125,155.61
8458,955734,1.01626,1.18462,-1.2724600000000001,271.6175,-300.51,138.495
8459,955830,1.0138200000000002,1.120692,-1.164368,258.6325,-315.9975,122.255
8460,955926,1.024068,1.191452,-1.103856,235.27,-320.915,107.2225
8461,956022,1.128744,1.280268,-1.139968,215.3375,-317.835,94.86751
8462,956119,1.269776,1.253184,-1.212436,202.09,-315.56,85.7325
8463,956215,1.333948,1.1890120000000002,-1.255624,187.95,-318.71,77.315
8464,956311,1.317844,1.152412,-1.236836,167.125,-323.645,66.92
8465,956407,1.2456200000000002,1.217804,-1.2021879999999998,142.5025,-326.1825,52.465
8466,956503,1.2219520000000001,1.2526959999999998,-1.1770559999999999,123.48,-324.7125,34.1775
8467,956600,1.2465959999999998,1.191208,-1.188768,111.5625,-320.8625,11.55
8468,956696,1.248548,0.9967401,-1.175836,102.0775,-318.465,-13.4925
8469,956792,1.274412,0.7993439999999999,-1.15412,90.1075,-316.7325,-37.0475
8470,956888,1.309792,0.6231760999999999,-1.112152,77.6125,-315.1225,-54.95
8471,956984,1.330532,0.44066400000000006,-1.067012,68.3725,-313.565,-64.785
8472,957081,1.296616,0.2745,-0.9950319999999999,62.16,-311.9725,-67.9875
8473,957177,1.2402520000000001,0.1647,-0.9254921,58.0125,-307.125,-67.2525
8474,957273,1.2160959999999998,0.089792,-0.8457040000000001,57.0325,-298.655,-64.89
8475,957369,1.1956,0.148352,-0.708576,56.3325,-287.455,-65.555
8476,957466,1.202432,0.32866799999999996,-0.550952,59.465,-269.395,-68.0225
8477,957562,1.373476,0.221796,-0.45383999999999997,73.02750999999999,-242.515,-66.3425
8478,957658,1.6867720000000002,0.027083999999999997,-0.424072,79.0125,-213.01,-62.9475
8479,957754,1.9534639999999999,0.0051240009999999996,-0.34892,67.6025,-188.265,-55.895
8480,957850,2.06668,0.062220000000000004,-0.171532,52.115,-168.945,-38.2025
8481,957947,1.9942119999999999,0.104432,0.11248399999999999,38.08,-150.22,-14.14
8482,958043,1.9068599999999998,0.319396,0.353068,18.2525,-125.7375,2.8
8483,958139,1.890756,0.630252,0.4933681,-1.1025,-95.8825,6.2125
8484,958235,1.880508,0.8342360000000001,0.542656,-11.97,-66.1675,-2.065
8485,958332,1.897832,0.916464,0.5058121,-18.025,-39.445,-18.7075
8486,958428,1.855376,0.8927959999999999,0.479216,-24.2025,-18.27,-40.74
8487,958524,1.2883200000000001,0.6802720999999999,0.625616,-31.99,-0.77,-65.22251
8488,958620,1.0169920000000001,0.8378960999999999,1.317112,-59.15,54.1275,-122.7275
8489,958716,1.0584719999999999,-0.620736,-0.42163199999999995,-37.905,101.3425,-212.2575
8490,958813,0.741272,-1.4513120000000002,-1.3542,-59.15,100.9575,-251.615
8491,958909,0.340868,-1.729228,-1.0584719999999999,-54.3025,94.60501,-209.335
8492,959005,0.606096,-1.567944,-0.9235399999999999,-22.61,139.0025,-100.345
8493,959101,2.044476,0.410652,-1.6479759999999999,-51.24,172.2175,-36.5575
8494,959198,1.441308,1.8858759999999999,-1.28588,-49.805,129.605,-33.95
8495,959294,0.5002,0.7937320999999999,-0.753228,-7.56,98.2275,-58.1175
8496,959390,0.331596,-0.6832,-0.644404,30.4325,95.725,-63.91
8497,959486,2.093276,-2.194048,-1.249036,1.2075,102.41,-48.79
8498,959582,0.5443640000000001,0.6068279999999999,-0.748104,-68.32,66.4475,-20.6675
8499,959679,0.964776,0.29987600000000003,-1.280268,-57.6975,65.15250999999999,-22.68
8500,959775,1.19804,-0.183488,-0.925736,-36.61,44.0125,-27.4575
8501,959871,0.604144,-0.06563601,-0.9635560999999999,-17.78,29.6625,-11.795
8502,959967,0.733952,-0.227408,-0.8532681000000001,-5.9675,28.1575,-6.3525
8503,960063,0.620492,-0.10321199999999998,-0.9037761000000001,2.415,22.82,-3.9375
8504,960160,0.69662,-0.164456,-0.8357,7.7525,22.3125,-1.645
8505,960256,0.643184,-0.21594000000000002,-0.81984,12.95,20.055,0.4025
8506,960352,0.6502600000000001,-0.10736,-0.8432639999999999,14.1225,19.18,1.5925
8507,960448,0.633668,-0.10760399999999999,-0.8471681000000001,18.62,18.4975,3.7975
8508,960544,0.614392,-0.122,-0.8371639999999999,23.94,18.935,6.9475
8509,960641,0.61732,-0.146156,-0.815204,27.8425,19.5825,9.625
8510,960737,0.6229319999999999,-0.182756,-0.7893399999999999,31.3775,19.5125,11.235
8511,960833,0.623664,-0.20837600000000003,-0.776408,33.53,18.935,12.145
8512,960929,0.615124,-0.187636,-0.774944,34.3175,18.83,13.5975
8513,961026,0.607316,-0.248148,-0.7356600000000001,35.6475,19.5125,15.5925
8514,961122,0.600484,-0.20788800000000002,-0.756888,33.6175,20.7725,16.52
8515,961218,0.590724,-0.233996,-0.758108,33.775,22.47,16.9225
8516,961314,0.571692,-0.24131599999999997,-0.759572,34.6325,24.7625,16.1175
8517,961410,0.590724,-0.25254,-0.7442,33.9675,27.3,14.21
8518,961507,0.589016,-0.260348,-0.732244,32.165,28.4725,12.3725
8519,961603,0.5948720000000001,-0.265716,-0.71126,30.0825,29.4,11.1475
8520,961699,0.5743761,-0.32696,-0.704916,26.67,31.115,9.1525
8521,961795,0.571448,-0.332572,-0.7078439999999999,20.8075,32.83,3.78
8522,961891,0.57096,-0.27938,-0.715896,16.59,34.44,-3.01
8523,961988,0.669048,-0.29426399999999997,-0.7266321,16.6075,35.56,-8.5225
8524,962084,0.601216,-0.278404,-0.70394,17.29,33.81,-11.865
8525,962180,0.583404,-0.33794,-0.674172,13.895,34.02,-15.435
8526,962276,0.5914560000000001,-0.416264,-0.69296,5.355,37.9225,-20.1075
8527,962372,0.628788,-0.24497600000000003,-0.7598161,-4.7775,42.805,-26.0225
8528,962469,0.624152,-0.27694,-0.7324881,-0.63,44.6425,-31.045
8529,962565,0.656116,-0.217892,-0.725412,4.1125,46.1125,-35.9275
8530,962661,0.691496,-0.16201600000000002,-0.707356,10.6575,48.1775,-36.9425
8531,962757,0.7027201,-0.148108,-0.6600201,17.885,50.785,-33.1975
8532,962853,0.701012,-0.166408,-0.638792,21.175,53.83,-27.475
8533,962950,0.68076,-0.18251199999999998,-0.639768,18.4275,59.7625,-20.3
8534,963046,0.657092,-0.23424,-0.636596,10.605,65.9925,-16.73
8535,963142,0.6039,-0.335012,-0.703696,1.9775,73.7975,-17.885
8536,963238,0.689056,-0.250344,-0.751276,-3.3075,82.0225,-22.54
8537,963335,0.70638,-0.30548800000000004,-0.659532,3.5875,86.625,-27.16
8538,963431,0.733952,-0.271572,-0.6131721,9.6775,90.8075,-33.88
8539,963527,0.7664041,-0.197884,-0.638792,14.525,93.2575,-37.8525
8540,963623,0.73078,-0.1952,-0.6954,16.8,99.45251,-35.1225
8541,963719,0.702232,-0.181536,-0.744688,16.415,109.3225,-31.8325
8542,963816,0.7032079999999999,-0.18422,-0.687592,15.225,122.955,-29.8025
8543,963912,0.674416,-0.16909200000000002,-0.71126,19.04,143.5,-23.275
8544,964008,0.661484,-0.149816,-0.6985720999999999,18.3225,168.035,-16.1
8545,964104,0.799588,-0.116632,-0.805688,7.0175,196.7175,-10.9025
8546,964201,1.062132,-0.27523200000000003,-0.6348881,2.555,226.135,-12.9675
8547,964297,0.477508,-0.052948,-0.75274,21.14,286.755,-12.5125
8548,964393,1.003572,-0.125904,-0.5631520000000001,8.9425,332.15,-11.34
8549,964489,0.69052,-0.200324,-0.443592,8.75,400.785,3.3775
8550,964585,1.2526959999999998,-0.190564,-0.787632,22.05,483.77,29.6975
8551,964682,1.375672,-0.29987600000000003,-0.8281360999999999,64.5225,554.61,60.795
8552,964778,2.1957560000000003,-0.31476,-1.6570040000000001,94.4125,570.7625,74.1475
8553,964874,2.163548,-0.109556,-2.1508599999999998,124.7925,565.1275,68.705
8554,964970,2.073268,-0.265716,-1.5555,159.3025,502.0225,58.3975
8555,965067,2.663016,-1.0023520000000001,-1.4008040000000002,222.4075,437.815,58.205
8556,965163,4.901228,-1.160952,-2.275788,349.4925,448.56,58.5725
8557,965259,2.846748,-1.0614,-2.56566,395.8675,451.2025,71.4
8558,965355,0.57096,-1.7514319999999999,-2.90482,323.5575,258.1075,8.085
8559,965451,4.713348000000001,-2.25944,-4.414936,195.9125,61.565,-59.85
8560,965548,1.417152,-1.301252,-2.844064,32.025,-132.9825,-97.02
8561,965644,0.09540401,-0.6231760999999999,-1.7821759999999998,-26.355,-265.58,-118.895
8562,965740,0.009028000999999999,-0.268156,-1.349564,-4.76,-264.95,-124.88
8563,965836,0.121512,-0.389912,-1.073844,37.3975,-261.2575,-120.855
8564,965933,0.335256,-0.780556,-1.096536,63.3325,-256.025,-102.725
8565,966029,0.594384,-1.016748,-1.073356,51.17,-269.6575,-83.65001
8566,966125,0.6885680999999999,-1.031144,-1.013576,11.34,-293.895,-67.83
8567,966221,0.665632,-0.925736,-0.8718120999999999,-33.0225,-319.0775,-53.7425
8568,966317,0.612196,-0.772016,-0.740296,-66.92,-337.155,-38.7625
8569,966414,0.607316,-0.627812,-0.621712,-85.6625,-348.1625,-22.5925
8570,966510,0.6541640000000001,-0.544608,-0.5736441,-90.335,-352.555,-4.375
8571,966606,0.694912,-0.533628,-0.5172800999999999,-86.8175,-354.9175,16.2925
8572,966702,0.7256560000000001,-0.56242,-0.465796,-82.1625,-355.8625,37.2575
8573,966798,0.755912,-0.58072,-0.45554799999999995,-80.4475,-354.4625,55.2825
8574,966895,0.8239880999999999,-0.5631520000000001,-0.46848,-79.695,-349.965,69.685
8575,966991,0.8601,-0.5131319999999999,-0.5002,-77.9625,-344.3825,81.69001
8576,967087,0.9982040000000001,-0.486048,-0.5614439999999999,-70.63,-337.8375,91.8225
8577,967183,1.1004399999999999,-0.527772,-0.5980439999999999,-59.7975,-334.215,99.31251
8578,967279,1.20536,-0.547048,-0.6600201,-49.91,-332.22,103.915
8579,967376,1.353956,-0.5543680000000001,-0.733708,-41.44,-331.4675,107.9575
8580,967472,1.404708,-0.590968,-0.774456,-29.9775,-332.255,113.155
8581,967568,1.42984,-0.633912,-0.814472,-18.585,-330.505,119.525
8582,967664,1.497428,-0.693692,-0.8962120000000001,-10.045,-325.4125,125.65
8583,967760,1.6357760000000001,-0.8483879999999999,-1.0077200000000002,-7.9625,-319.69,128.38
8584,967857,1.9549279999999998,-0.9864921,-1.2099959999999998,-13.93,-316.505,125.615
8585,967953,2.32898,-1.0248,-1.376892,-23.5725,-321.3,122.71
8586,968049,2.564196,-0.9964959999999999,-1.386408,-30.2225,-336.6125,125.09
8587,968145,2.6266599999999998,-0.9418401,-1.238788,-27.93,-354.095,132.58
8588,968242,2.676192,-0.7893399999999999,-0.9616040000000001,-19.4775,-364.385,143.4125
8589,968338,2.755736,-0.484828,-0.734196,-9.66,-361.8475,158.4975
8590,968434,2.750612,-0.31476,-0.24424400000000002,11.0775,-349.65,173.39
8591,968530,2.662284,0.071004,0.35843600000000003,30.2225,-321.335,175.245
8592,968626,2.809904,0.43944399999999995,0.9528200000000001,56.1575,-275.45,160.5275
8593,968723,3.187616,0.590968,1.493036,87.3075,-227.9025,128.6775
8594,968819,3.33426,0.836676,1.996896,107.905,-190.085,75.11
8595,968915,3.4772440000000002,1.1009280000000001,2.318488,124.3725,-150.7975,12.355
8596,969011,3.1646799999999997,0.7551800000000001,2.44854,136.85,-107.7125,-40.1625
8597,969107,2.8408919999999998,0.172752,2.124264,114.1875,-56.385,-90.9125
8598,969204,2.7301159999999998,-0.04514,1.381528,57.96,-5.1275,-141.19
8599,969300,2.0230040000000002,-0.315004,0.40504,17.57,28.0525,-168.35
8600,969396,-0.166652,-1.9998240000000003,0.921344,-35.455,91.735,-177.275
8601,969492,-0.33184,-0.25302800000000003,-0.79178,-208.67,193.9875,-230.86
8602,969588,-0.35477600000000004,0.5397281,-0.8188641,-166.46,271.7225,-180.25
8603,969685,2.7069360000000002,0.24424400000000002,-1.613328,-39.8125,348.1625,-62.86
8604,969781,4.877072,1.573556,-3.3308440000000004,-3.045,368.935,-45.3425
8605,969877,2.772328,1.259772,-1.7219080000000002,0.35,239.33,-61.2675
8606,969973,0.649284,0.10345599999999999,-1.025776,6.44,158.62,-99.4875
8607,970069,-0.003172,-1.179252,-0.24570799999999998,23.135,151.5675,-97.12501
8608,970166,2.976312,-3.549956,-0.8954801,-7.8575,171.99,-69.72
8609,970262,1.081164,0.471408,-0.9250040999999999,-132.58,116.375,-52.4825
8610,970358,1.083116,0.5875520000000001,-1.35542,-129.4825,97.51,-63.455
8611,970454,0.921588,-0.8901120000000001,-0.79422,-93.065,71.89,-60.4625
8612,970550,0.702476,0.042456,-1.110688,-101.5525,63.8925,-48.195
8613,970647,0.9850280999999999,0.17397200000000002,-1.075308,-88.5675,52.9725,-45.535
8614,970743,0.641964,-0.4209,-0.90646,-54.11,35.14,-37.6775
8615,970839,0.823256,0.074664,-1.010892,-40.8975,34.6675,-28.2625
8616,970935,0.671732,-0.216428,-0.7998321,-18.515,25.76,-21.035
8617,971031,0.624884,-0.11126400000000002,-0.8508280999999999,-6.8775,21.63,-16.1
8618,971128,0.6844201,-0.11834000000000001,-0.8276481,-1.0325,22.1725,-13.3525
8619,971224,0.625372,-0.168848,-0.8169121,4.0425,20.3525,-10.7975
8620,971320,0.670512,-0.098088,-0.797636,4.585,20.65,-9.765
8621,971416,0.6390359999999999,-0.134688,-0.781776,8.1375,18.935,-7.63
8622,971513,0.62708,-0.07417601,-0.7991,10.3075,18.3925,-4.7775
8623,971609,0.609024,-0.12712400000000001,-0.805688,13.86,19.18,-0.8925
8624,971705,0.5846241,-0.19251600000000002,-0.792024,17.29,21.1575,0.805
8625,971801,0.570716,-0.165432,-0.786656,17.5875,24.4475,-0.77
8626,971897,0.569984,-0.202032,-0.7686,15.89,28.735,-2.3975
8627,971994,0.625616,-0.196908,-0.756156,12.53,31.4825,-6.405
8628,972090,0.5968241,-0.121268,-0.8039801,13.5275,31.675,-10.255
8629,972186,0.609024,-0.279136,-0.739564,20.9475,31.4475,-13.1425
8630,972282,0.601216,-0.323056,-0.721996,17.2725,32.935,-15.68
8631,972378,0.6466,-0.155916,-0.750544,3.9025,37.3625,-17.01
8632,972475,0.652212,-0.236436,-0.7137001000000001,2.485,38.465,-16.135
8633,972571,0.680028,-0.15128,-0.7237041,1.1725,38.0275,-16.0475
8634,972667,0.6763680000000001,-0.16835999999999998,-0.7044279999999999,0.595,37.73,-16.625
8635,972763,0.671732,-0.171044,-0.7239479999999999,1.47,37.17,-17.9375
8636,972859,0.665876,-0.17641199999999999,-0.7166279999999999,1.855,37.52,-20.5625
8637,972956,0.683932,-0.14078800000000002,-0.704916,2.8875,38.395,-22.8025
8638,973052,0.67832,-0.11467999999999999,-0.706136,4.515,39.9875,-23.45
8639,973148,0.687104,-0.09613601,-0.7034521,6.37,42.4025,-22.61
8640,973244,0.698816,-0.0854,-0.687104,9.0475,44.905,-19.985
8641,973340,0.684908,-0.09589201,-0.6844201,10.745,47.6,-16.6425
8642,973437,0.687592,-0.131272,-0.68808,12.5825,51.345,-14.0
8643,973533,0.645868,-0.17519200000000001,-0.696864,13.1425,54.32,-12.95
8644,973629,0.652212,-0.20861999999999997,-0.7156520000000001,13.2125,59.78,-13.5975
8645,973725,0.6390359999999999,-0.237168,-0.7044279999999999,12.6175,66.0975,-15.085
8646,973822,0.667828,-0.201544,-0.7078439999999999,13.4575,73.395,-17.5
8647,973918,0.698328,-0.14005599999999999,-0.715408,13.0375,82.075,-19.285
8648,974014,0.70516,-0.11760799999999999,-0.720288,12.145,93.17,-18.4975
8649,974110,0.69784,-0.171776,-0.708576,12.285,103.8275,-17.745
8650,974206,0.6824680000000001,-0.185196,-0.70394,11.8825,116.6375,-18.865
8651,974303,0.658068,-0.14274,-0.697108,9.9925,130.165,-20.405
8652,974399,0.6563601,-0.157136,-0.698328,5.81,145.285,-22.645
8653,974495,0.665632,-0.202032,-0.7232161,1.2775,164.255,-25.0425
8654,974591,0.56242,-0.280356,-0.675148,-4.55,181.615,-29.3125
8655,974687,0.5892601,-0.30134,-0.6897880999999999,-3.71,210.21,-33.7225
8656,974784,0.491904,-0.333304,-0.6756361,-5.2675,237.23,-45.7275
8657,974880,0.779824,-0.376736,-0.7890961,-21.245,265.405,-73.2025
8658,974976,1.52378,-0.386008,-0.658312,-35.0,319.9175,-102.4975
8659,975072,1.084092,-0.062220000000000004,-0.562908,-21.805,411.0925,-114.7825
8660,975169,1.239276,-0.163968,-1.048468,-6.9475,482.3875,-110.215
8661,975265,1.7687560000000002,-0.134444,-1.0187,45.745,518.5775,-108.7625
8662,975361,1.7489919999999999,-0.254492,-0.9489161,90.07251,545.8075,-118.5975
8663,975457,2.42536,-0.924516,-1.6799400000000002,113.225,570.3425,-130.34
8664,975553,2.626172,-0.998448,-1.886852,118.5275,541.2225,-160.1775
8665,975650,4.387608,-0.8954801,-1.679452,135.45,498.54,-176.785
8666,975746,3.4713879999999997,-0.746396,-2.2850599999999996,190.1725,510.3525,-126.4375
8667,975842,2.755492,-1.50548,-2.572248,183.505,436.24,-109.2
8668,975938,3.225436,-3.0619560000000003,-3.0087639999999998,75.88,220.78,-117.145
8669,976035,3.117588,-2.2967720000000003,-3.868132,-61.5125,19.81,-61.2325
8670,976131,0.370148,-1.2700200000000001,-1.783152,-125.7375,-152.355,-7.8925
8671,976227,-0.25424800000000003,-0.520208,-1.327116,-135.555,-181.93,12.5125
8672,976323,-0.09516001,-0.127368,-1.2317120000000001,-97.3175,-154.735,18.7075
8673,976419,0.339648,-0.2684,-1.41764,-38.045,-147.28,30.0125
8674,976516,0.671976,-0.541924,-1.555988,4.7775,-171.5875,44.695
8675,976612,0.8108121,-0.74054,-1.488888,14.3325,-219.0475,55.0025
8676,976708,0.82594,-0.7285841,-1.294908,-2.5725,-269.0275,59.0975
8677,976804,0.763476,-0.55388,-1.0645719999999999,-25.1125,-310.485,61.5125
8678,976901,0.724924,-0.36892800000000003,-0.877668,-36.715,-339.5,65.1
8679,976997,0.760304,-0.221796,-0.760304,-30.695,-356.755,71.82
8680,977093,0.8344801,-0.18470799999999998,-0.6917399999999999,-12.6875,-368.935,81.7075
8681,977189,0.9118280000000001,-0.206668,-0.628788,6.4225,-380.0475,92.75001
8682,977285,0.9328120000000001,-0.290604,-0.562908,18.5325,-388.85,102.6025
8683,977382,0.9084121,-0.35136,-0.5072760000000001,19.8975,-392.805,109.5675
8684,977478,0.904508,-0.349652,-0.49166000000000004,11.8475,-390.11,113.155
8685,977574,0.960384,-0.249612,-0.536556,2.3275,-382.025,114.485
8686,977670,1.063108,-0.15420799999999998,-0.593164,2.38,-372.47,115.92
8687,977767,1.18706,-0.13785999999999998,-0.612196,12.67,-365.1025,117.2325
8688,977863,1.2343959999999998,-0.200812,-0.608536,26.215,-357.945,117.3025
8689,977959,1.342244,-0.21106,-0.6897880999999999,33.53,-347.06,118.0725
8690,978055,1.376892,-0.299632,-0.745908,42.77,-335.37,122.5
8691,978151,1.36762,-0.41455600000000004,-0.803736,45.605,-322.2275,128.38
8692,978248,1.506212,-0.581696,-0.9823440999999999,39.165,-305.69,133.7875
8693,978344,1.8707479999999999,-0.75274,-1.252208,25.585,-291.7425,138.425
8694,978440,2.38388,-0.90036,-1.5342719999999999,8.47,-290.6225,145.5475
8695,978536,2.703764,-0.9625799999999999,-1.5889280000000001,-11.4275,-307.79,158.2
8696,978632,2.739388,-0.8730319999999999,-1.4213,-32.4975,-332.325,175.805
8697,978729,2.642032,-0.582428,-1.160464,-46.9175,-348.1975,197.47
8698,978825,2.573712,-0.46018400000000004,-0.9120720999999999,-48.0375,-348.3725,220.115
8699,978921,2.643496,-0.594384,-0.6348881,-46.7775,-337.7325,232.645
8700,979017,2.7650080000000004,-0.652212,-0.305,-67.8125,-319.62,228.375
8701,979113,2.8128319999999998,-0.347456,0.16226,-101.815,-298.1125,209.6675
8702,979210,2.793312,0.303292,0.748592,-114.6425,-272.0375,181.545
8703,979306,2.9153119999999997,1.102148,1.343708,-74.655,-237.93,148.6275
8704,979402,3.078304,1.547692,1.89832,23.345,-197.7325,115.64
8705,979498,3.20372,1.194136,2.317024,135.94,-148.2775,87.4825
8706,979595,2.99876,0.181536,2.3799759999999996,177.94,-89.5475,54.9675
8707,979691,2.650572,-0.181536,1.9881119999999999,107.8525,-29.2425,-11.34
8708,979787,2.5000240000000002,0.177876,1.180228,5.6875,22.5925,-92.82001
8709,979883,2.4748919999999996,0.221308,0.462624,-23.52,53.165,-144.9175
8710,979979,2.043012,-1.5584280000000001,0.8759601,0.91,87.22,-168.91
8711,980076,-0.9801479999999999,-1.1773,2.0032400000000004,-107.205,184.695,-219.065
8712,980172,1.310768,0.21008400000000002,-2.4500040000000003,-168.0875,297.3425,-232.05
8713,980268,1.118496,0.043676,-1.324432,-45.85,312.97,-91.385
8714,980364,3.231536,0.14078800000000002,-1.913448,44.7475,361.13,18.55
8715,980460,3.7358839999999995,1.575264,-2.64374,3.6575,324.7825,-1.68
8716,980557,2.183068,1.15778,-1.5647719999999998,33.04,220.2375,-42.2275
8717,980653,0.678076,-0.0366,-0.992592,47.0225,157.675,-91.35
8718,980749,0.49434399999999995,-1.495232,-0.6319600000000001,66.5175,149.625,-84.5425
8719,980845,2.582008,-3.0829400000000002,-0.5885281,11.2,148.365,-56.98
8720,980941,0.720776,0.7820199999999999,-1.211216,-110.425,91.21,-40.005
8721,981038,0.99308,0.12980799999999998,-1.0321200000000001,-92.505,81.4275,-53.795
8722,981134,0.7315119999999999,-1.021384,-0.7093081,-72.0125,65.695,-53.7425
8723,981230,0.6265921,-0.046116000000000004,-0.984784,-87.8325,68.3025,-42.56
8724,981326,0.9901521000000001,-0.212036,-1.009428,-84.00001,61.005,-47.0575
8725,981422,0.7171161,-0.12712400000000001,-0.9142680000000001,-69.545,42.035,-46.165
8726,981519,0.623664,-0.249856,-0.869616,-57.4875,34.44,-41.3
8727,981615,0.8881600000000001,-0.040992,-0.9933241,-53.0775,32.025,-39.83
8728,981711,0.61732,-0.205692,-0.843508,-39.6375,23.065,-36.6275
8729,981807,0.685884,-0.115168,-0.828868,-31.22,21.4725,-31.395
8730,981903,0.6902761,-0.165676,-0.80642,-25.48,19.0575,-29.47
8731,982000,0.6280560000000001,-0.142984,-0.813496,-21.7875,17.29,-27.86
8732,982096,0.654896,-0.100772,-0.7893399999999999,-19.495,15.8725,-26.6175
8733,982192,0.6512359999999999,-0.06954,-0.786412,-15.5225,13.9475,-23.765
8734,982288,0.646112,-0.043432,-0.7832399999999999,-10.7275,12.1975,-19.2325
8735,982384,0.5987760999999999,-0.09345201,-0.7998321,-5.215,11.6025,-14.84
8736,982481,0.611464,-0.13859200000000002,-0.7998321,-1.05,13.125,-12.285
8737,982577,0.6009720000000001,-0.181536,-0.7854361,1.855,15.4525,-13.0725
8738,982673,0.639768,-0.091988,-0.781776,2.38,18.27,-13.895
8739,982769,0.659044,-0.07027201,-0.7639640999999999,5.8975,19.32,-11.7775
8740,982865,0.6502600000000001,-0.080276,-0.765184,10.7275,19.46,-9.6425
8741,982962,0.594384,-0.1525,-0.7793359999999999,15.5575,20.5625,-8.6625
8742,983058,0.60878,-0.08759601,-0.8010520000000001,12.6175,26.0575,-7.63
8743,983154,0.63562,-0.115168,-0.755424,12.1275,32.515,-5.81
8744,983250,0.6292760000000001,-0.08296,-0.7639640999999999,14.6475,36.225,-4.9175
8745,983346,0.637084,-0.104676,-0.7483479999999999,17.045,39.7775,-4.0075
8746,983443,0.646844,-0.12029200000000001,-0.731024,17.3775,42.875,-3.1675
8747,983539,0.653188,-0.148108,-0.714432,16.7825,44.1175,-3.4475
8748,983635,0.671244,-0.124928,-0.6980841,16.345,44.6075,-4.0775
8749,983731,0.6822239999999999,-0.148352,-0.690032,16.8175,44.5725,-3.78
8750,983828,0.670268,-0.16714,-0.6897880999999999,17.9375,44.0125,-3.64
8751,983924,0.655628,-0.164944,-0.692472,18.305,43.75,-4.2875
8752,984020,0.659044,-0.175924,-0.718824,18.515,44.17,-5.46
8753,984116,0.635864,-0.196908,-0.7390760000000001,18.69,46.655,-6.93
8754,984212,0.6231760999999999,-0.18251199999999998,-0.743224,18.62,51.52,-9.94
8755,984309,0.624152,-0.16201600000000002,-0.746152,19.6525,59.92,-13.1425
8756,984405,0.6319600000000001,-0.190808,-0.746152,23.24,70.8225,-16.87
8757,984501,0.658312,-0.160796,-0.7300479999999999,24.9375,84.01751,-19.915
8758,984597,0.6917399999999999,-0.177876,-0.6939361,26.7225,95.9875,-22.505
8759,984693,0.696132,-0.155184,-0.685396,26.845,106.295,-24.3775
8760,984790,0.684664,-0.14274,-0.7044279999999999,24.955,114.24,-23.9225
8761,984886,0.6753920999999999,-0.08954801,-0.73078,17.8675,124.1275,-18.48
8762,984982,0.6573359999999999,-0.08759601,-0.7315119999999999,13.335,137.2525,-12.565
8763,985078,0.6380600000000001,-0.13176,-0.733952,11.48,154.21,-11.585
8764,985175,0.604144,-0.185928,-0.670024,7.3675,171.885,-14.1225
8765,985271,0.508252,-0.273524,-0.6836880999999999,9.73,198.3275,-11.1475
8766,985367,0.7564001,-0.21838000000000002,-0.815692,7.84,234.0625,-10.465
8767,985463,0.94306,-0.5131319999999999,-0.502152,-12.6525,256.1125,-29.1725
8768,985559,0.6317159999999999,-0.243024,-0.7224841,-25.1825,317.52,-50.9425
8769,985656,1.3764040000000002,-0.393572,-0.52704,-50.3825,369.075,-63.4025
8770,985752,0.862784,-0.153476,-0.5565640000000001,-57.9075,459.55,-64.19
8771,985848,1.6291879999999999,-0.08296,-1.130696,-30.17,538.72,-55.9125
8772,985944,1.978352,-0.27571999999999997,-1.030656,44.8875,557.9525,-43.54
8773,986040,1.78486,-0.29597199999999996,-1.5401280000000002,76.3175,572.6,-57.2425
8774,986137,2.156228,-0.6178081,-2.00568,110.7575,560.42,-68.635
8775,986233,3.155896,-0.9450120000000001,-1.523536,150.0975,501.4275,-82.1625
8776,986329,3.39404,-0.51362,-1.7626560000000002,231.14,517.8775,-53.515
8777,986425,3.056832,-0.713212,-2.369728,287.805,530.0575,-12.6525
8778,986521,1.641388,-1.294664,-2.847236,266.7,397.4075,-16.555
8779,986618,4.135312,-2.620072,-3.151992,198.905,171.605,-44.6425
8780,986714,2.738656,-2.130364,-3.709532,41.79,-17.045,-41.44
8781,986810,0.509716,-1.209508,-1.79584,-66.0275,-211.19,-47.81
8782,986906,0.062464,-0.5392399999999999,-1.522316,-105.9625,-228.095,-59.7975
8783,987003,-0.061732,-0.03904,-1.160952,-88.06,-225.9425,-67.3925
8784,987099,0.188368,-0.09882,-1.140456,-27.16,-219.1175,-52.64
8785,987195,0.493612,-0.35233600000000004,-1.167296,32.0075,-227.9375,-26.39
8786,987291,0.7195560000000001,-0.686616,-1.139724,61.7225,-254.9575,-1.9075
8787,987387,0.8239880999999999,-0.865468,-1.040416,51.975,-290.5,13.6675
8788,987484,0.873276,-0.798856,-0.9118280000000001,19.355,-324.59,21.8925
8789,987580,0.8364321,-0.6161,-0.738344,-11.305,-353.325,28.77
8790,987676,0.7856801,-0.472384,-0.6141479999999999,-26.915,-373.4675,37.6425
8791,987772,0.787632,-0.382348,-0.540948,-27.475,-382.62,49.595
8792,987868,0.818376,-0.351116,-0.47823999999999994,-20.195,-387.1175,62.475
8793,987965,0.8464360000000001,-0.370636,-0.462136,-12.215,-388.3075,75.32
8794,988061,0.898164,-0.388936,-0.47213999999999995,-7.8225,-386.2775,86.25751
8795,988157,0.9433041,-0.363316,-0.4933681,-7.8575,-382.76,94.01
8796,988253,0.987956,-0.302804,-0.51118,-6.8075,-377.1775,98.9975
8797,988350,1.031876,-0.255956,-0.5221600000000001,-0.805,-369.8975,101.5875
8798,988446,1.147044,-0.222284,-0.5604680000000001,10.605,-360.85,102.095
8799,988542,1.307352,-0.24351199999999998,-0.6348881,25.7075,-350.945,102.935
8800,988638,1.4149559999999999,-0.366,-0.7227279999999999,38.99,-342.475,105.07
8801,988734,1.4576559999999998,-0.46116,-0.8113001,43.3475,-335.825,106.7675
8802,988831,1.508408,-0.5443640000000001,-0.9352520000000001,38.255,-328.6675,106.7675
8803,988927,1.7101959999999998,-0.6131721,-1.092632,30.66,-321.9825,106.6625
8804,989023,1.987624,-0.654896,-1.243424,23.6775,-320.0925,108.535
8805,989119,2.294088,-0.679296,-1.351516,21.525,-325.465,114.38
8806,989215,2.4851400000000003,-0.7283400999999999,-1.306376,24.535,-337.82,124.3025
8807,989312,2.510272,-0.7417600000000001,-1.135576,26.95,-350.455,135.4325
8808,989408,2.469036,-0.490684,-0.9296399999999999,28.4725,-354.7425,147.5425
8809,989504,2.457812,-0.28181999999999996,-0.769576,36.89,-345.975,165.375
8810,989600,2.551508,-0.274744,-0.517768,53.865,-329.42,181.5975
8811,989697,2.686196,-0.17812,-0.17616800000000002,57.3825,-306.46,186.305
8812,989793,2.715964,0.152988,0.341844,51.0825,-278.915,182.07
8813,989889,2.7337759999999998,0.5292359999999999,1.015284,52.9025,-245.21,168.035
8814,989985,2.801364,0.8762040000000001,1.6206479999999999,71.61,-203.525,136.92
8815,990081,3.082696,1.106784,1.916132,105.315,-153.825,91.595
8816,990178,3.19884,0.877424,1.9276,138.4075,-105.4725,50.4175
8817,990274,2.836256,0.28304,1.766804,132.9125,-62.0375,12.775
8818,990370,2.5071,0.05368,1.316868,73.605,-18.2,-34.1425
8819,990466,2.3136080000000003,0.235948,0.673196,9.065,20.965,-77.0175
8820,990563,1.7524080000000002,-1.8634279999999999,1.131916,-29.855,72.205,-102.8825
8821,990659,-0.349408,-0.21813600000000002,2.788432,-228.7075,186.1825,-168.945
8822,990755,0.9618481,2.6266599999999998,-2.304824,-327.0925,315.2275,-212.765
8823,990851,1.532076,2.0620439999999998,-2.801364,-99.17251,350.2625,-87.3075
8824,990947,3.930596,1.009916,-1.612352,45.325,359.6425,-17.115
8825,991044,4.467396,1.065792,-2.61568,-11.795,308.98,-78.015
8826,991140,1.921744,0.453596,-1.48718,3.1675,200.235,-96.0225
8827,991236,0.20105599999999998,-0.519964,-0.533628,6.2125,158.6725,-100.9225
8828,991332,0.8601,-1.5286600000000001,-1.1102,21.77,176.925,-74.165
8829,991429,2.311656,-1.9144240000000001,-0.72712,-52.185,162.8375,-63.98
8830,991525,0.951356,0.6182960999999999,-1.203164,-133.3325,102.2,-65.6775
8831,991621,1.19316,-0.101504,-1.136552,-103.18,85.19,-67.1125
8832,991717,0.7473721,-0.668316,-0.768844,-89.86251,57.4525,-63.525
8833,991813,0.895236,0.007808001,-1.1472879999999999,-94.99,46.2875,-54.215
8834,991910,0.639524,-0.371612,-0.7869,-83.16001,33.95,-52.1325
8835,992006,0.9677040000000001,0.07564,-1.078968,-74.1475,29.33,-46.2
8836,992102,0.6470880999999999,-0.100772,-0.892308,-56.8925,19.9325,-38.745
8837,992198,0.692472,-0.094672,-0.8893800999999999,-39.3575,17.2375,-31.0625
8838,992295,0.6810039999999999,-0.035868000000000004,-0.853512,-27.8075,15.295,-27.09
8839,992391,0.7171161,0.03172,-0.9137799999999999,-11.34,15.575,-18.515
8840,992487,0.589992,-0.139568,-0.679296,-4.1825,15.085,-10.3775
8841,992583,0.6453800000000001,-0.164944,-0.791536,-5.6875,14.21,-12.0575
8842,992679,0.62952,-0.0854,-0.8105680000000001,-5.7225,14.1225,-13.09
8843,992776,0.661972,-0.080764,-0.769088,-3.1675,13.3,-12.4075
8844,992872,0.619272,-0.089304,-0.782752,-0.2275,12.425,-9.6775
8845,992968,0.60878,-0.08759601,-0.79056,3.0975,12.6175,-7.07
8846,993064,0.583404,-0.11321600000000001,-0.8115439999999999,6.055,14.5775,-5.1975
8847,993160,0.578036,-0.190076,-0.783728,7.77,18.06,-5.495
8848,993257,0.6068279999999999,-0.158844,-0.772748,7.035,20.6325,-7.9975
8849,993353,0.633668,-0.111508,-0.7598161,6.72,21.6475,-8.96
8850,993449,0.6634359999999999,-0.110044,-0.7451760000000001,7.875,21.9975,-8.05
8851,993545,0.626104,-0.131028,-0.752008,8.7325,22.1025,-7.4025
8852,993642,0.595116,-0.115168,-0.7856801,8.4525,24.99,-7.7875
8853,993738,0.61488,-0.115168,-0.771528,8.7675,30.1,-7.07
8854,993834,0.624152,-0.107116,-0.7664041,10.325,34.1775,-6.7725
8855,993930,0.6368401,-0.089792,-0.7551800000000001,11.2875,38.115,-6.5275
8856,994026,0.6502600000000001,-0.08174001,-0.73932,12.7225,41.405,-5.18
8857,994123,0.650016,-0.115168,-0.7327321,13.475,43.715,-3.6925
8858,994219,0.661728,-0.13054000000000002,-0.72346,13.79,45.0975,-3.535
8859,994315,0.687348,-0.10418800000000002,-0.6973520000000001,13.65,45.7275,-3.99
8860,994411,0.6856399999999999,-0.11614400000000001,-0.69052,14.7175,45.7625,-3.675
8861,994507,0.674416,-0.15616,-0.689056,16.625,45.675,-3.64
8862,994604,0.671976,-0.169336,-0.69418,17.6925,46.55,-4.8125
8863,994700,0.648308,-0.171532,-0.721508,19.4075,48.0025,-7.1925
8864,994796,0.655628,-0.169336,-0.726144,20.1775,51.2575,-9.135
8865,994892,0.662704,-0.161772,-0.726876,21.5775,55.65,-11.4975
8866,994988,0.6517241,-0.155428,-0.7032079999999999,22.6625,61.2325,-13.5625
8867,995085,0.6675840000000001,-0.179828,-0.7168720000000001,23.1525,67.3925,-16.135
8868,995181,0.664412,-0.19739600000000002,-0.6993041,22.7675,74.34,-18.6025
8869,995277,0.7005239999999999,-0.125416,-0.697108,20.3525,84.4375,-19.53
8870,995373,0.685884,-0.11321600000000001,-0.70638,19.8975,93.6775,-17.1325
8871,995470,0.660752,-0.105652,-0.709064,18.6725,105.1225,-13.16
8872,995566,0.708332,-0.060512,-0.707356,16.38,117.7925,-9.0825
8873,995662,0.6785640000000001,-0.04392,-0.7515201,16.065,131.3725,-3.92
8874,995758,0.601216,-0.16348,-0.724924,18.0425,147.2275,-2.065
8875,995854,0.590724,-0.282552,-0.6893,12.88,166.215,-9.6075
8876,995951,0.538508,-0.312076,-0.7137001000000001,3.7275,190.82,-17.0625
8877,996047,0.6707561,-0.365512,-0.74542,3.955,228.3225,-17.85
8878,996143,0.43798000000000004,-0.386984,-0.579012,-7.5425,260.8375,-30.8
8879,996239,1.026996,-0.37088000000000004,-0.813984,-32.515,309.05,-56.7175
8880,996335,1.07726,-0.205692,-0.662216,-48.86,374.22,-76.615
8881,996432,0.956968,-0.262788,-0.56852,-47.1275,462.8925,-73.97251
8882,996528,1.6387040000000002,-0.05856,-1.23708,-15.96,549.3425,-67.165
8883,996624,1.89832,-0.251808,-1.073356,60.795,566.72,-55.44
8884,996720,1.7455759999999998,-0.523624,-1.499136,90.125,573.23,-68.985
8885,996817,2.0008,-0.599508,-1.8544,99.9425,563.22,-96.18
8886,996913,4.024536,-0.856196,-1.613328,127.3475,518.35,-114.1
8887,997009,2.910676,-0.42602399999999996,-2.0525279999999997,205.24,537.81,-62.7025
8888,997105,3.0087639999999998,-0.8988959999999999,-2.5049040000000002,242.55,515.585,-31.885
8889,997201,2.23504,-1.7050720000000001,-3.309372,205.0475,332.4825,-35.21
8890,997298,4.36028,-2.359236,-4.391756,96.86251,98.56,-49.0525
8891,997394,1.15778,-1.4483840000000001,-2.669116,-26.6875,-115.78,-46.8475
8892,997490,-0.057096,-0.6724640000000001,-1.7019,-86.6775,-220.605,-55.055
8893,997586,-0.25058800000000003,-0.050996,-1.334192,-72.345,-210.77,-62.8425
8894,997683,-0.054412,0.023180000000000003,-1.192672,-11.0425,-198.6075,-55.4925
8895,997779,0.28548,-0.30475599999999997,-1.25294,57.4875,-199.325,-33.74
8896,997875,0.659044,-0.692472,-1.2993,92.89001,-223.3525,-12.1975
8897,997971,0.803248,-0.924516,-1.207068,84.9275,-264.635,1.4175
8898,998067,0.8357,-0.8637601,-1.059448,49.175,-307.1425,8.6975
8899,998164,0.8095920999999999,-0.6573359999999999,-0.8525360000000001,14.875,-341.0925,15.8375
8900,998260,0.7551800000000001,-0.462868,-0.6844201,-1.2775,-363.9825,27.0025
8901,998356,0.748104,-0.360388,-0.5814520000000001,0.5075,-375.5675,41.5275
8902,998452,0.799588,-0.331596,-0.5246,10.22,-379.925,56.4025
8903,998549,0.9067040000000001,-0.354044,-0.522892,21.0525,-381.465,69.545
8904,998645,0.9772200999999999,-0.392596,-0.522648,27.02,-383.145,80.9375
8905,998741,1.01016,-0.37942,-0.537044,26.7925,-384.0025,89.88
8906,998837,1.06994,-0.30256,-0.5575399999999999,25.6025,-381.5875,97.3875
8907,998933,1.146312,-0.235704,-0.5858439999999999,30.4325,-376.845,104.125
8908,999030,1.223172,-0.213256,-0.590236,42.14,-370.8425,109.725
8909,999126,1.3090600000000001,-0.275476,-0.60268,56.3675,-363.755,113.8375
8910,999222,1.414712,-0.43188000000000004,-0.6414761,67.48001,-354.445,117.81
8911,999318,1.524024,-0.5724239999999999,-0.735416,68.11,-343.0175,123.0425
8912,999414,1.657248,-0.662216,-0.865956,58.6425,-331.7125,131.775
8913,999511,1.785104,-0.7266321,-0.9884440000000001,43.855,-322.385,144.27
8914,999607,1.9895759999999998,-0.80886,-1.116056,28.63,-315.105,158.2875
8915,999703,2.2540720000000003,-0.8464360000000001,-1.250256,14.07,-311.325,172.48
8916,999799,2.532232,-0.80642,-1.3359,2.9925,-314.0025,186.8125
8917,999896,2.686928,-0.82594,-1.296616,-1.785,-322.7,201.355
8918,999992,2.735484,-0.8652241,-1.1453360000000001,-6.37,-331.975,210.875
8919,1000088,2.721088,-0.5653481,-0.9418401,-15.1375,-335.93,215.32
8920,1000184,2.772816,-0.19764,-0.74298,-12.7575,-329.105,224.875
8921,1000280,2.7772080000000003,-0.10833599999999999,-0.30475599999999997,9.6775,-316.4875,235.8475
8922,1000377,2.815272,0.02928,0.27571999999999997,24.3775,-294.0525,234.6225
8923,1000473,2.921656,0.319152,0.9823440999999999,26.775,-262.1675,219.3975
8924,1000569,3.1461360000000003,0.8164239999999999,1.6750599999999998,26.9675,-223.86,187.425
8925,1000665,3.25008,1.3383399999999999,2.173064,45.045,-181.16,142.87
8926,1000761,3.121004,1.3419999999999999,2.4443919999999997,83.3525,-130.7075,98.9275
8927,1000858,2.490752,0.668072,2.352404,93.625,-68.65250999999999,49.63
8928,1000954,2.2509,0.32256799999999997,1.657248,37.205,3.115,-23.03
8929,1001050,2.516372,0.479704,0.71126,-42.0525,59.99,-95.9
8930,1001146,1.4374040000000001,0.371856,0.017324000000000003,-77.2975,78.33,-138.5475
8931,1001243,0.3904,-1.3346799999999999,1.7387439999999998,-121.5375,142.7125,-183.9775
8932,1001339,-0.9186601000000001,1.836832,0.205692,-274.7675,244.2125,-275.6775
8933,1001435,0.564372,1.6513919999999997,-3.1707799999999997,-164.36,374.43,-234.92
8934,1001531,3.76126,-0.135664,-0.9596520000000001,95.26999,392.63,-76.6325
8935,1001627,5.3265199999999995,0.8784,-3.1461360000000003,31.08,351.05,-75.1975
8936,1001724,3.1995720000000003,0.38966799999999996,-1.802916,21.5775,226.0475,-82.1975
8937,1001820,0.758352,-0.012444,-1.116788,4.9875,146.405,-75.6175
8938,1001916,-0.305732,-0.03416,-0.359412,14.63,140.6825,-67.795
8939,1002012,2.733044,-2.945568,-1.2756319999999999,17.045,167.4225,-51.625
8940,1002108,1.5384200000000001,-0.3904,-0.650992,-83.0025,111.755,-41.335
8941,1002205,0.9076799999999999,0.633912,-1.326384,-101.535,84.6125,-42.35
8942,1002301,0.9381801,-0.70394,-0.832528,-72.695,63.4375,-43.89
8943,1002397,0.70516,0.028548,-1.03944,-78.295,51.1175,-37.5375
8944,1002493,0.759328,-0.155672,-0.9179280000000001,-67.3575,43.085,-32.375
8945,1002589,0.623664,-0.365512,-0.880352,-46.9525,32.6725,-29.05
8946,1002686,0.9186601000000001,0.29597199999999996,-1.067988,-38.6925,31.815,-22.365
8947,1002782,0.619272,-0.34477199999999997,-0.792024,-9.7475,21.7,-14.315
8948,1002878,0.7117479999999999,0.003172,-0.873764,-3.57,22.295,-10.4825
8949,1002974,0.642696,-0.200324,-0.7951961,3.8325,20.79,-6.2125
8950,1003070,0.660752,-0.10638399999999999,-0.8337481,6.3875,20.755,-4.1825
8951,1003167,0.6724640000000001,-0.111508,-0.807396,7.98,21.2625,-2.5375
8952,1003263,0.65758,-0.113704,-0.7829961,12.565,19.705,-0.315
8953,1003359,0.66246,-0.08417999999999999,-0.7820199999999999,15.4525,19.3725,2.8
8954,1003455,0.6344,-0.08881599,-0.781776,19.3725,18.7425,6.7025
8955,1003551,0.61732,-0.10614000000000001,-0.785924,23.1525,19.6525,10.3775
8956,1003648,0.6021920000000001,-0.09272000000000001,-0.8103239999999999,26.0575,22.82,13.755
8957,1003744,0.5843801,-0.15494000000000002,-0.7937320999999999,29.33,27.6675,16.905
8958,1003840,0.60268,-0.221796,-0.781532,31.6925,32.7075,17.71
8959,1003936,0.604388,-0.250832,-0.76494,32.69,36.75,16.03
8960,1004032,0.610244,-0.219356,-0.7483479999999999,31.7975,40.46,14.945
8961,1004129,0.590724,-0.22716399999999998,-0.7600600000000001,33.7225,42.6125,13.7375
8962,1004225,0.58804,-0.304268,-0.72468,39.1825,42.665,8.5925
8963,1004321,0.605608,-0.349164,-0.711016,38.0975,43.4525,2.52
8964,1004417,0.534116,-0.384788,-0.630008,31.6225,45.605,0.5425
8965,1004513,0.671488,-0.2074,-0.694912,18.2175,49.0875,-2.45
8966,1004610,0.6329359999999999,-0.342332,-0.63562,14.9975,48.6675,-4.34
8967,1004706,0.640256,-0.26352,-0.686616,7.49,49.4375,-8.5225
8968,1004802,0.6605081,-0.30036399999999996,-0.67588,2.31,48.79,-13.545
8969,1004898,0.681248,-0.319396,-0.650748,-0.56,46.7075,-18.935
8970,1004995,0.69418,-0.303292,-0.640744,-4.4625,43.5925,-25.585
8971,1005091,0.677344,-0.36136399999999996,-0.6170760000000001,-8.085,39.97,-33.005
8972,1005187,0.6736840000000001,-0.36966,-0.633668,-12.81,37.485,-41.7025
8973,1005283,0.774456,-0.24082800000000001,-0.676124,-15.2075,35.0,-50.7325
8974,1005379,0.755424,-0.227408,-0.6307401,-10.9025,30.5025,-54.985
8975,1005476,0.777384,-0.12712400000000001,-0.638548,-7.245,29.19,-55.3
8976,1005572,0.737124,-0.09638,-0.6273241,-2.87,29.75,-50.4175
8977,1005668,0.721996,-0.07490801,-0.668072,4.2,30.905,-43.1025
8978,1005764,0.708332,0.002684,-0.685396,7.9275,35.4725,-33.985
8979,1005861,0.7076001000000001,-0.026351999999999997,-0.709064,8.1025,43.68,-20.1425
8980,1005957,0.647332,-0.116388,-0.752496,7.9625,54.3375,-8.1725
8981,1006053,0.6497721,-0.229116,-0.756644,10.3075,67.9,-5.8275
8982,1006149,0.6707561,-0.157136,-0.7549359999999999,10.5525,84.875,-8.47
8983,1006245,0.687592,-0.14078800000000002,-0.715408,11.9525,102.0425,-9.0825
8984,1006342,0.6895439999999999,-0.13151600000000002,-0.7046720999999999,13.7725,116.8475,-8.54
8985,1006438,0.677832,-0.14469200000000002,-0.686128,12.1275,131.5825,-7.6125
8986,1006534,0.658556,-0.167628,-0.6993041,9.1,147.5775,-7.6825
8987,1006630,0.61366,-0.194468,-0.72102,6.2125,164.7975,-7.455
8988,1006726,0.533628,-0.3111,-0.650992,13.3875,189.945,-5.88
8989,1006823,0.593164,-0.240096,-0.8459479999999999,5.985,225.12,-10.115
8990,1006919,1.075796,-0.426512,-0.8039801,-4.7775,250.7575,-27.79
8991,1007015,0.46945600000000004,-0.336476,-0.7176041,-5.1275,308.5425,-45.535
8992,1007111,1.575752,-0.44286000000000003,-0.6707561,-20.09,365.085,-54.6875
8993,1007207,0.7707961,-0.180316,-0.9921040999999999,-18.2175,455.6825,-47.0225
8994,1007304,1.410808,-0.07978801,-1.11874,5.565,511.0175,-31.815
8995,1007400,1.943704,-0.521184,-1.282464,57.8725,531.3525,-19.8975
8996,1007496,1.8168240000000002,-0.613416,-1.783396,60.1125,551.2325,-41.4925
8997,1007592,2.2469959999999998,-0.590724,-1.2343959999999998,60.935,519.015,-72.6775
8998,1007689,3.718316,-0.635376,-1.453752,103.0225,503.615,-93.6775
8999,1007785,3.7227080000000004,-0.734928,-2.120848,198.2575,524.1075,-47.915
9000,1007881,2.791848,-0.8605879999999999,-2.42292,235.3225,496.4225,-17.885
9001,1007977,1.136308,-1.8065759999999997,-2.85236,203.77,327.3025,-47.88
9002,1008073,3.94792,-2.029348,-3.70514,113.1375,134.5925,-65.5375
9003,1008170,1.7565560000000002,-1.510604,-3.133448,1.8025,-43.855,-62.3875
9004,1008266,0.17836400000000002,-0.791292,-1.725324,-45.3775,-197.6975,-62.16
9005,1008362,-0.08296,-0.47702,-1.4032440000000002,-40.3725,-209.615,-62.37
9006,1008458,-0.124928,-0.337696,-1.082384,-15.9775,-209.615,-65.695
9007,1008555,0.16226,-0.574132,-1.0943399999999999,12.1275,-205.5375,-59.22
9008,1008651,0.5314321,-0.81374,-1.179984,24.8675,-216.475,-45.5525
9009,1008747,0.7476161,-0.9933241,-1.16632,15.7325,-247.5025,-29.12
9010,1008843,0.772992,-0.9852719999999999,-1.016016,-11.34,-288.75,-14.49
9011,1008939,0.728096,-0.8632719999999999,-0.8581479999999999,-39.7425,-324.415,-2.3625
9012,1009036,0.671244,-0.659288,-0.695156,-59.71,-348.985,8.19
9013,1009132,0.67588,-0.49117200000000005,-0.577304,-63.0525,-362.11,19.74
9014,1009228,0.73444,-0.419436,-0.514596,-51.905,-368.7075,33.1975
9015,1009324,0.827892,-0.3965,-0.49751599999999996,-35.84,-372.61,47.565
9016,1009420,0.904752,-0.42773199999999995,-0.48678,-21.8925,-375.48,61.075
9017,1009517,0.9625799999999999,-0.43334399999999995,-0.477508,-13.5975,-377.7375,70.8575
9018,1009613,0.981124,-0.386008,-0.46042799999999995,-8.015,-377.65,77.3675
9019,1009709,0.9977159999999999,-0.321348,-0.463844,-0.6825,-372.6975,82.6
9020,1009805,1.0504200000000001,-0.28377199999999997,-0.476288,12.1275,-363.8775,87.8675
9021,1009901,1.166808,-0.31012399999999996,-0.5260640000000001,28.4375,-353.1675,94.1325
9022,1009998,1.273436,-0.41016400000000003,-0.586576,43.68,-343.455,101.15
9023,1010094,1.342488,-0.543388,-0.6612401,50.9425,-334.9325,108.78
9024,1010190,1.3908,-0.624396,-0.744444,47.425,-326.55,117.4075
9025,1010286,1.381528,-0.670024,-0.8210601000000001,36.0675,-317.1525,126.455
9026,1010383,1.498404,-0.71736,-1.001376,23.8875,-305.0425,135.1875
9027,1010479,1.8605,-0.748836,-1.26026,16.275,-293.4575,145.5125
9028,1010575,2.3016520000000003,-0.792512,-1.459608,14.7,-293.195,160.72
9029,1010671,2.59006,-0.904752,-1.482544,13.7375,-307.685,179.3925
9030,1010767,2.6044560000000003,-1.036512,-1.288808,3.4475,-328.0725,193.865
9031,1010864,2.5232040000000002,-0.8674200000000001,-1.032852,-19.075,-339.9725,201.3025
9032,1010960,2.487336,-0.335988,-0.9023121,-35.595,-334.53,210.9275
9033,1011056,2.611288,-0.217404,-0.702232,-21.63,-317.1,226.975
9034,1011152,2.743048,-0.276452,-0.357216,-2.7475,-295.9425,234.255
9035,1011249,2.811368,-0.19885999999999998,0.09735601,-0.42,-271.1275,223.3
9036,1011345,2.946544,0.22033200000000003,0.684176,-2.2575,-244.615,195.02
9037,1011441,3.060492,1.0169920000000001,1.435452,22.6975,-218.8025,154.175
9038,1011538,3.040728,1.604544,1.9888439999999998,102.3575,-188.1775,106.9425
9039,1011633,3.035848,1.3029600000000001,2.199172,207.025,-146.9475,63.315
9040,1011730,2.594208,0.17616800000000002,2.057408,252.175,-102.235,18.5325
9041,1011826,2.298968,-0.416508,1.584048,181.93,-56.7175,-51.8525
9042,1011922,2.261636,-0.087352,0.784704,67.9175,-17.99,-126.385
9043,1012018,1.4217879999999998,-0.38308000000000003,-0.014396,20.125,2.765,-166.11
9044,1012114,0.9962521000000001,-3.125884,1.117276,-16.1175,59.0275,-185.325
9045,1012211,0.283528,0.383812,0.7539600000000001,-257.985,159.67,-249.305
9046,1012307,0.30134,0.548756,-2.180872,-257.635,241.1325,-224.0875
9047,1012403,0.11614400000000001,0.9201241,-1.115324,-126.0875,277.1475,-75.4775
9048,1012499,3.5370239999999997,1.106784,-2.367044,-14.6475,368.655,-23.3975
9049,1012596,3.7353959999999997,1.393972,-2.2911599999999996,-26.8275,311.605,-42.2275
9050,1012692,1.7165400000000002,0.438224,-1.5128,-8.26,219.345,-77.035
9051,1012788,0.310612,-0.604144,-0.5987760999999999,-5.005,174.2825,-107.59
9052,1012884,0.44773999999999997,-0.9757561,-0.268156,-1.3825,180.8975,-89.1975
9053,1012980,2.592988,-2.482456,-1.143628,-38.9725,189.07,-64.27750999999999
9054,1013077,1.062864,-0.10638399999999999,-0.889868,-151.9875,129.7625,-70.9275
9055,1013173,0.9459880999999999,0.14078800000000002,-1.087752,-158.725,105.5425,-91.42
9056,1013269,0.9433041,-0.5455840000000001,-0.944524,-144.1825,73.99,-98.28
9057,1013365,1.060424,0.046116000000000004,-1.42008,-148.47,52.85,-97.475
9058,1013462,1.0018639999999999,0.10638399999999999,-1.263676,-129.5525,36.4,-88.53251
9059,1013558,0.756156,-0.095648,-0.860344,-85.435,23.2575,-66.1675
9060,1013654,0.6939361,0.041724000000000004,-0.9718521000000001,-61.32,17.325,-47.74
9061,1013750,0.918416,-0.047092,-0.886452,-43.295,14.8925,-39.0075
9062,1013846,0.7041841,0.030012,-0.797148,-32.8825,8.26,-31.6225
9063,1013943,0.6724640000000001,-0.038551999999999996,-0.8030041,-21.6475,7.5775,-24.22
9064,1014039,0.636352,-0.053191999999999996,-0.80276,-15.925,7.77,-19.495
9065,1014135,0.658556,0.016836,-0.79178,-11.9875,7.4375,-15.785
9066,1014231,0.567056,0.0061,-0.834724,-6.7025,7.07,-11.2175
9067,1014327,0.604388,-0.110776,-0.7822640000000001,-3.36,7.0875,-9.03
9068,1014424,0.6036560999999999,-0.110044,-0.791048,-3.255,7.385,-8.4525
9069,1014520,0.610488,-0.08564401,-0.7834840000000001,-1.61,7.525,-7.9625
9070,1014616,0.404308,-0.30378,-0.615124,2.8875,8.05,-6.5625
9071,1014712,0.35038400000000003,-0.07222401,-0.8613200000000001,18.5675,11.7775,1.68
9072,1014809,0.5887720000000001,-0.22033200000000003,-0.7327321,1.1025,9.5025,-2.8525
9073,1014905,0.582916,-0.123464,-0.797636,3.2725,8.645,-4.655
9074,1015001,0.613904,-0.127856,-0.772748,3.3075,10.465,-6.37
9075,1015097,0.6197600000000001,-0.062464,-0.774212,4.2175,10.0275,-6.2825
9076,1015193,0.6263479999999999,-0.112728,-0.7612800999999999,5.495,9.8875,-5.0925
9077,1015290,0.6258600000000001,-0.102724,-0.7612800999999999,5.74,9.3975,-4.445
9078,1015386,0.6182960999999999,-0.1159,-0.763476,5.5125,9.1525,-4.2525
9079,1015482,0.6273241,-0.110776,-0.7600600000000001,4.97,9.2925,-4.4975
9080,1015578,0.62098,-0.128588,-0.765672,4.585,9.38,-4.76
9081,1015674,0.621224,-0.102724,-0.7734800000000001,3.5175,9.9575,-5.355
9082,1015771,0.6263479999999999,-0.09735601,-0.7617681,3.5,10.71,-5.5125
9083,1015867,0.62464,-0.047092,-0.77836,4.2525,11.445,-4.935
9084,1015963,0.61488,-0.07612801,-0.778604,6.3,13.1075,-3.22
9085,1016059,0.611952,-0.074664,-0.7761640999999999,8.0675,15.435,-2.1525
9086,1016156,0.607804,-0.08906,-0.77836,9.625,18.55,-1.6275
9087,1016252,0.6075600999999999,-0.101016,-0.7754321,11.1125,21.9625,-1.6275
9088,1016348,0.616588,-0.105896,-0.7705521,12.7225,25.445,-2.0825
9089,1016444,0.625128,-0.110044,-0.7661600000000001,14.49,29.1025,-3.01
9090,1016540,0.624152,-0.11394800000000001,-0.763232,15.925,32.5325,-4.6725
9091,1016635,0.62342,-0.11541199999999999,-0.768356,17.1325,36.5925,-6.5625
9092,1016731,0.621468,-0.116632,-0.7666480999999999,18.515,41.79,-8.47
9093,1016827,0.627568,-0.131028,-0.770308,19.9325,47.8275,-10.5525
9094,1016923,0.626836,-0.149084,-0.762988,20.825,54.6875,-12.3725
9095,1017020,0.624152,-0.168848,-0.768844,20.3875,62.615,-14.21
9096,1017116,0.62464,-0.15274400000000002,-0.7610359999999999,20.02,71.3825,-16.415
9097,1017212,0.6290319999999999,-0.140544,-0.74908,21.1575,80.7275,-18.7075
9098,1017308,0.645868,-0.127856,-0.749568,23.205,91.9975,-20.6675
9099,1017404,0.62342,-0.135176,-0.745908,26.425,104.3175,-23.2225
9100,1017501,0.62098,-0.138836,-0.752984,33.25,119.28,-27.5275
9101,1017597,0.6378159999999999,-0.11760799999999999,-0.7517640999999999,44.765,137.165,-32.9
9102,1017693,0.6009720000000001,-0.085156,-0.7822640000000001,63.105,158.935,-40.6
9103,1017789,0.606584,-0.141276,-0.7986121,82.18,185.7275,-51.5375
9104,1017885,0.5897479999999999,-0.349408,-0.9267120000000001,97.79,217.1925,-67.1825
9105,1017982,0.5546121,-0.5404601,-0.983564,100.3275,252.35,-88.6725
9106,1018078,0.5795,-0.382592,-1.022848,90.07251,293.055,-110.8275
9107,1018174,0.9813681000000001,-0.376248,-1.4295959999999999,99.225,352.3275,-123.4625
9108,1018270,1.6933599999999998,-0.604876,-1.533052,126.315,386.7675,-136.395
9109,1018366,1.7448439999999998,-0.5777920999999999,-1.596004,144.725,398.93,-154.84
9110,1018463,2.245288,-1.124352,-1.652856,161.385,392.4025,-175.28
9111,1018559,2.83772,-0.570472,-1.50548,186.2525,366.345,-172.9
9112,1018655,2.10206,0.007076001,-2.198928,198.8525,299.3375,-182.735
9113,1018751,1.169492,-0.26766799999999996,-2.553948,241.535,190.505,-192.395
9114,1018847,0.5814520000000001,-1.1087360000000002,-1.508408,251.5625,82.81,-199.01
9115,1018944,0.638548,-2.056676,-1.8065759999999997,203.9975,32.83,-196.1575
9116,1019040,-0.170068,-1.998848,-0.9708760000000001,144.515,-3.92,-150.045
9117,1019136,-0.233508,-1.736548,-0.93696,92.3825,0.4725,-79.6425
9118,1019232,0.053191999999999996,-1.322968,-1.0582280000000002,75.04,8.295,8.435
9119,1019329,0.17324,-1.0140639999999999,-1.1890120000000002,76.2125,-4.515,93.9925
9120,1019425,0.17641199999999999,-0.62098,-1.208776,74.4625,-29.365,155.4175
9121,1019521,0.185684,-0.132492,-1.208776,68.72251,-56.0,186.83
9122,1019617,0.232044,0.28792,-1.2038959999999999,72.5725,-82.3375,196.63
9123,1019713,0.296216,0.50508,-1.188036,89.005,-109.7425,193.55
9124,1019810,0.367708,0.5577840000000001,-1.160952,107.9575,-137.27,182.805
9125,1019906,0.483364,0.501908,-1.140456,120.3825,-163.59,168.525
9126,1020002,0.597068,0.452132,-1.106296,121.59,-188.58,153.79
9127,1020098,0.6512359999999999,0.445788,-1.033096,113.785,-211.4175,140.7175
9128,1020194,0.689056,0.47555600000000003,-0.9699,104.7025,-229.18,130.165
9129,1020291,0.7473721,0.48995200000000005,-0.9423280999999999,99.03251,-241.465,122.0975
9130,1020387,0.8464360000000001,0.4404201,-0.9516,96.145,-250.6525,115.465
9131,1020483,0.968192,0.372832,-0.9791719999999999,92.0675,-259.9625,108.675
9132,1020579,1.0736,0.335012,-1.0025959999999998,85.0325,-270.7775,101.675
9133,1020676,1.138016,0.307196,-1.0077200000000002,77.735,-283.255,95.09501
9134,1020772,1.1712,0.303292,-1.010892,72.485,-294.9625,89.6875
9135,1020868,1.17852,0.30792800000000004,-1.018944,70.455,-304.78,85.2075
9136,1020964,1.179252,0.31476,-1.059448,71.3825,-312.795,80.0275
9137,1021060,1.192184,0.325008,-1.114104,74.69,-320.0575,72.2575
9138,1021157,1.2282959999999998,0.282308,-1.164856,79.3625,-327.25,60.4625
9139,1021253,1.256356,0.29426399999999997,-1.182668,83.44001,-334.0925,43.995
9140,1021349,1.272216,0.34038,-1.131428,89.005,-338.1525,24.8675
9141,1021445,1.260504,0.389912,-1.029436,99.54,-336.805,5.215
9142,1021541,1.3054,0.49654,-1.007232,116.375,-326.55,-14.105
9143,1021638,1.586488,0.525576,-1.154364,141.855,-310.135,-31.7625
9144,1021734,1.9715200000000002,0.447496,-1.266604,170.1175,-300.6325,-48.6675
9145,1021830,1.980548,0.522892,-1.061644,181.965,-303.7125,-70.8925
9146,1021926,1.83122,0.769332,-0.7227279999999999,183.61,-300.3,-103.9325
9147,1022023,1.796084,1.036268,-0.411872,192.815,-280.875,-145.355
9148,1022119,1.963468,1.280268,-0.18446400000000002,216.825,-251.0725,-185.395
9149,1022215,2.223816,1.379332,-0.023912,248.15,-222.6175,-217.21
9150,1022311,2.32044,1.476932,0.23058,269.5,-204.155,-243.0225
9151,1022407,2.167208,1.59332,0.529968,270.1475,-188.9475,-271.845
9152,1022504,2.173308,1.6677400000000002,0.740052,260.715,-165.1825,-304.745
9153,1022600,2.113772,1.514508,0.9240280000000001,246.96,-140.245,-337.2075
9154,1022696,1.85684,1.164368,1.006744,229.8275,-110.6525,-363.965
9155,1022792,2.373144,-3.076108,-0.22667600000000002,180.7575,-56.5075,-393.925
9156,1022888,3.05366,-7.576444,1.367376,-145.4775,-32.7075,-408.8875
9157,1022985,-2.016416,-2.814784,2.5344279999999997,-386.365,12.81,-252.105
9158,1023081,1.611864,3.64048,-2.072048,-540.33,151.7425,-260.9075
9159,1023177,2.525644,3.710264,-2.7410959999999998,-423.6925,87.78,-281.19
9160,1023273,0.745664,0.327204,-0.951356,-250.32,-9.8175,-243.0925
9161,1023369,2.11426,1.317356,-2.07156,-194.88,-0.1925,-166.4075
9162,1023466,0.300608,0.709064,-1.227808,-132.545,-4.13,-86.415
9163,1023562,0.8095920999999999,0.7117479999999999,-1.1289879999999999,-77.035,6.02,-41.93
9164,1023658,0.687592,0.299144,-1.0208959999999998,-37.03,13.65,-22.5575
9165,1023754,0.598288,0.059536,-0.877424,-10.745,19.285,-10.885
9166,1023851,0.775676,-0.18104800000000001,-0.790804,1.2075,24.3775,-5.18
9167,1023947,0.7217521,-0.172996,-0.759084,5.7925,24.0275,-4.725
9168,1024043,0.685396,-0.163236,-0.7598161,6.37,21.1575,-5.845
9169,1024139,0.673196,-0.119072,-0.777872,7.735,18.6375,-4.7075
9170,1024235,0.6724640000000001,-0.12761199999999998,-0.7759199999999999,10.0275,17.3425,-1.155
9171,1024332,0.65514,-0.14713199999999999,-0.7617681,10.64,16.695,1.82
9172,1024428,0.6265921,-0.153476,-0.767624,10.4825,16.3625,3.4825
9173,1024524,0.615124,-0.159576,-0.7854361,11.2,17.43,4.3925
9174,1024620,0.624396,-0.13639600000000002,-0.778604,11.305,19.775,4.515
9175,1024716,0.625616,-0.149572,-0.769576,11.4625,22.4875,5.3375
9176,1024813,0.617564,-0.183488,-0.7766521,11.69,25.2525,6.3875
9177,1024909,0.6280560000000001,-0.197152,-0.758596,12.39,28.42,5.495
9178,1025005,0.650748,-0.182756,-0.745664,12.845,30.45,3.185
9179,1025101,0.658312,-0.135908,-0.755424,14.665,31.43,2.135
9180,1025198,0.644648,-0.12322000000000001,-0.748592,20.0375,31.465,2.905
9181,1025294,0.6380600000000001,-0.154452,-0.7473721,25.865,32.3225,4.13
9182,1025390,0.6588,-0.174704,-0.7422481,28.98,34.7375,4.06
9183,1025486,0.63318,-0.212036,-0.7288279999999999,32.865,35.9625,3.64
9184,1025582,0.579256,-0.35160399999999997,-0.7451760000000001,34.16,39.2875,-0.5775
9185,1025679,0.5934081,-0.19397999999999999,-0.80642,31.8325,46.375,-9.3275
9186,1025775,0.5724239999999999,-0.255956,-0.768844,44.0475,51.17,-20.265
9187,1025871,0.553148,-0.25498000000000004,-0.720532,59.99,57.015,-34.1075
9188,1025967,0.5502199999999999,-0.288408,-0.771772,83.7025,61.985,-51.5025
9189,1026063,0.549488,-0.28792,-0.7664041,117.3375,64.8375,-73.64
9190,1026160,0.58194,-0.342332,-0.7232161,148.82,65.36251,-99.75
9191,1026256,0.702232,-0.37942,-0.6480640000000001,173.775,63.2975,-123.9175
9192,1026352,0.725168,-0.344528,-0.571692,192.1325,58.975,-142.9925
9193,1026448,0.7056479999999999,-0.359168,-0.470188,208.3025,53.4275,-158.0425
9194,1026544,0.768112,-0.294996,-0.464088,217.6475,46.9525,-170.7475
9195,1026641,0.8815719999999999,-0.34526,-0.40138,222.005,39.095,-178.1325
9196,1026737,0.9103641,-0.271816,-0.347456,218.9775,35.91,-177.3275
9197,1026833,0.9301280000000001,-0.22935999999999998,-0.392596,208.74,30.765,-170.7475
9198,1026929,0.9376921,-0.23058,-0.376248,197.5575,21.56,-161.8575
9199,1027025,0.9467200000000001,-0.2196,-0.41113999999999995,181.0375,15.9775,-150.2375
9200,1027122,0.942572,-0.166408,-0.407236,161.035,12.25,-136.815
9201,1027218,0.9108521,-0.169336,-0.42553599999999997,142.7825,9.6775,-121.905
9202,1027314,0.87474,-0.12444000000000001,-0.462868,124.6525,9.03,-109.795
9203,1027410,0.863028,-0.139568,-0.478972,110.845,9.975,-99.015
9204,1027507,0.85156,-0.12712400000000001,-0.506544,97.28251,13.055,-90.49251
9205,1027603,0.8396040000000001,-0.117852,-0.5160600000000001,84.9275,16.9225,-81.865
9206,1027699,0.8459479999999999,-0.111996,-0.524356,73.745,20.685,-73.185
9207,1027795,0.833992,-0.11760799999999999,-0.547048,64.34751,26.1625,-64.61
9208,1027891,0.787144,-0.11834000000000001,-0.585356,54.9675,32.795,-57.9425
9209,1027988,0.797636,-0.108824,-0.5978,46.725,39.9875,-53.06
9210,1028084,0.81374,-0.11736400000000001,-0.601216,40.74,52.0275,-47.6
9211,1028180,0.9638,-0.134688,-0.6082920999999999,37.065,70.1925,-41.9825
9212,1028276,0.847412,-0.10052799999999999,-0.62952,36.855,94.09751,-37.1175
9213,1028372,0.726876,-0.07588400000000001,-0.606584,39.3575,115.6575,-33.8275
9214,1028469,0.993568,-0.114436,-0.536556,42.9975,133.84,-29.4875
9215,1028565,1.220488,-0.158844,-0.55632,57.7325,171.7975,-19.5825
9216,1028661,1.04798,-0.15006,-0.621712,85.2425,226.45,-8.2075
9217,1028757,0.9435479999999999,-0.15372,-0.598532,104.0375,269.675,6.3175
9218,1028853,0.9740479999999999,-0.132736,-0.6709999999999999,124.215,316.3125,20.4925
9219,1028950,0.9179280000000001,0.007808001,-0.741272,161.42,354.41,39.5675
9220,1029046,1.0126,-0.34111199999999997,-0.42748800000000003,191.45,369.495,65.345
9221,1029142,1.673352,-0.41455600000000004,-0.540704,190.6275,395.64,82.0225
9222,1029238,1.49084,-0.068076,-1.300032,169.015,440.58,75.705
9223,1029334,2.074732,0.14518,-1.7263,164.815,424.0425,51.66
9224,1029431,2.435364,-0.168848,-1.582584,182.28,369.6175,31.815
9225,1029527,2.791848,-0.707112,-0.70028,228.9525,331.2225,26.4425
9226,1029623,4.192408,-0.6878361,-1.6165,313.005,385.0525,39.4975
9227,1029719,3.0451200000000003,-0.39528,-2.322148,363.9475,394.9225,64.6275
9228,1029815,1.220976,-1.453508,-2.708888,315.1225,237.09,46.6375
9229,1029912,3.9332800000000003,-1.8849,-3.737104,199.325,8.12,-17.92
9230,1030008,1.425936,-1.063108,-2.506612,79.0125,-162.8725,-40.2325
9231,1030104,0.232776,-0.41675200000000007,-1.450092,21.77,-271.5825,-55.475
9232,1030200,0.35477600000000004,-0.008052001,-1.333948,36.54,-268.1175,-52.4825
9233,1030296,0.373076,0.060267999999999995,-1.1831559999999999,74.0075,-271.9675,-40.985
9234,1030393,0.5206960999999999,-0.074664,-1.2153639999999999,107.555,-281.2775,-25.8125
9235,1030489,0.713212,-0.127368,-1.2439120000000001,118.3,-303.3975,-15.6625
9236,1030585,0.72712,-0.07832401,-1.131672,109.1475,-332.815,-11.6025
9237,1030681,0.661484,0.084912,-1.012356,92.19001,-360.8675,-11.9525
9238,1030778,0.5826720000000001,0.28987199999999996,-0.8396040000000001,81.83001,-377.58,-10.36
9239,1030874,0.514352,0.5124001,-0.6795401,84.6475,-383.81,-3.8675
9240,1030970,0.544852,0.633424,-0.60878,102.97,-378.385,8.8725
9241,1031066,0.6351319999999999,0.5751081,-0.643184,126.0875,-367.045,25.9525
9242,1031162,0.787388,0.44505600000000006,-0.738344,138.145,-354.7075,43.085
9243,1031259,0.9567241,0.35087199999999996,-0.8430200999999999,129.78,-345.9225,56.2625
9244,1031355,1.05774,0.451888,-0.9137799999999999,107.6425,-341.4075,65.555
9245,1031451,1.121424,0.5724239999999999,-0.9389120000000001,90.79,-337.8375,74.69
9246,1031547,1.15534,0.677344,-0.9577,82.53,-333.4275,83.0725
9247,1031643,1.218048,0.680028,-0.9955200000000001,77.8925,-327.915,89.8975
9248,1031740,1.286368,0.640744,-1.0382200000000001,68.5825,-324.135,90.58001
9249,1031836,1.359324,0.640256,-1.079944,53.6025,-323.365,83.65001
9250,1031932,1.4252040000000001,0.6368401,-1.0906799999999999,39.585,-325.5875,71.5225
9251,1032028,1.455704,0.5838920999999999,-1.068964,30.45,-329.805,58.205
9252,1032124,1.48718,0.457012,-1.05774,23.9225,-333.375,45.36
9253,1032221,1.564284,0.320616,-1.075064,16.0825,-335.8075,33.1625
9254,1032317,1.607228,0.204716,-1.063596,6.055,-339.535,21.6125
9255,1032413,1.612596,0.100284,-0.9903959999999999,-0.4375,-342.6325,10.5525
9256,1032509,1.6801840000000001,-0.01952,-0.8810841,-0.4025,-340.9,0.28
9257,1032605,1.779736,-0.121512,-0.658556,1.2775,-332.5175,-8.1375
9258,1032702,1.9949439999999998,-0.16835999999999998,-0.52094,4.3225,-314.44,-11.2
9259,1032798,2.3553319999999998,-0.333304,-0.3599,13.09,-290.7625,-8.7675
9260,1032894,2.618852,-0.391376,-0.125172,18.095,-268.8525,-2.8875
9261,1032990,2.743292,-0.392596,0.24278000000000002,18.235,-246.1375,8.2075
9262,1033086,2.6715560000000003,-0.339892,0.752984,19.215,-216.825,24.08
9263,1033183,2.5742,-0.2501,1.1411879999999999,24.045,-175.945,36.6625
9264,1033279,2.726456,-0.11126400000000002,1.3205280000000001,29.8025,-127.6975,40.7575
9265,1033375,2.9624040000000003,0.07881200000000001,1.260016,37.1875,-84.33249,38.745
9266,1033471,2.8225919999999998,0.28328400000000004,1.1838879999999998,46.9525,-53.795,34.16
9267,1033567,2.30336,0.148108,1.8756279999999999,44.1525,-13.4575,16.1175
9268,1033664,2.2957959999999997,0.383812,2.147688,-6.335,55.4575,-47.4775
9269,1033760,2.5510200000000003,0.9850280999999999,1.8060880000000001,-88.41001,134.225,-151.795
9270,1033856,1.222928,1.653344,-0.23887600000000003,-123.4275,184.8175,-231.4025
9271,1033952,1.785836,-0.35526399999999997,-3.2778959999999997,-20.8425,210.945,-190.19
9272,1034049,1.572336,-1.513288,-1.02846,47.7225,195.4925,-98.7
9273,1034145,1.996164,-0.63562,-1.243668,-3.4475,192.4475,-91.49
9274,1034241,1.407392,0.183488,-1.017236,-18.55,173.74,-64.0675
9275,1034337,0.34526,0.712236,-0.80276,-14.1225,151.5325,-49.7875
9276,1034433,0.7390760000000001,0.0,-1.017724,18.55,152.46,-53.8475
9277,1034530,2.943616,-2.4282880000000002,-1.17486,-7.63,142.1,-54.4075
9278,1034626,0.467016,0.329644,-0.7510321,-90.23001,77.98,-32.3225
9279,1034722,1.243424,0.462136,-1.315404,-86.1,80.1325,-29.9075
9280,1034818,1.097024,-0.153476,-1.059692,-61.5475,52.7625,-29.6975
9281,1034914,0.532408,-0.12932000000000002,-0.906216,-39.8825,32.06,-17.71
9282,1035011,0.7625,-0.30866,-0.891576,-27.1775,33.0225,-13.02
9283,1035107,0.6439159999999999,-0.024644,-0.9298841,-15.5925,27.965,-10.255
9284,1035203,0.83204,-0.118828,-0.8540000000000001,-4.095,24.955,-5.775
9285,1035299,0.5690081,-0.21520799999999998,-0.814472,2.8,20.93,-3.045
9286,1035396,0.6373281,-0.189344,-0.8071520000000001,3.43,21.0525,-5.18
9287,1035492,0.603168,-0.18544000000000002,-0.7978801,1.82,20.9475,-8.33
9288,1035588,0.551928,-0.22472399999999998,-0.7705521,-2.8875,21.6125,-11.935
9289,1035684,0.589992,-0.272304,-0.759084,-12.1975,22.505,-19.0225
9290,1035780,0.626836,-0.21886799999999998,-0.777872,-17.2025,23.38,-24.5
9291,1035877,0.6517241,-0.160308,-0.777872,-15.295,22.785,-24.71
9292,1035973,0.619272,-0.190808,-0.777872,-11.3225,21.14,-22.75
9293,1036069,0.61488,-0.229116,-0.771528,-8.05,19.4075,-22.085
9294,1036165,0.5958479999999999,-0.22862800000000003,-0.7834840000000001,-6.44,18.165,-24.1675
9295,1036261,0.6202479999999999,-0.174216,-0.7700640999999999,-6.65,18.5325,-27.93
9296,1036358,0.688812,-0.05563200000000001,-0.7993439999999999,-3.395,18.41,-30.345
9297,1036454,0.673196,-0.21520799999999998,-0.7417600000000001,6.86,16.03,-31.605
9298,1036550,0.6707561,-0.098576,-0.767624,5.5825,15.7675,-31.115
9299,1036646,0.6326921,-0.0732,-0.777628,0.8575,18.9875,-27.6675
9300,1036742,0.65514,-0.082472,-0.760304,-3.6225,25.69,-23.065
9301,1036839,0.664412,-0.004636001,-0.7671359999999999,-2.45,29.05,-18.6725
9302,1036935,0.663192,-0.024156,-0.74542,0.455,34.475,-14.6475
9303,1037031,0.643672,-0.057096,-0.746396,3.815,38.3425,-10.6925
9304,1037127,0.65758,-0.0976,-0.7427361,6.265,42.4025,-9.415
9305,1037224,0.6512359999999999,-0.11834000000000001,-0.7327321,8.4875,45.9025,-9.4325
9306,1037320,0.6634359999999999,-0.124196,-0.7237041,10.395,48.965,-10.605
9307,1037416,0.6722199999999999,-0.10760399999999999,-0.7117479999999999,12.04,52.0975,-11.27
9308,1037512,0.684908,-0.077348,-0.704916,13.3525,55.055,-10.01
9309,1037608,0.6722199999999999,-0.114192,-0.693448,15.75,58.03,-8.645
9310,1037705,0.68808,-0.104432,-0.6958880000000001,18.3575,62.5275,-8.2775
9311,1037801,0.665632,-0.12761199999999998,-0.6973520000000001,21.56,67.1825,-7.84
9312,1037897,0.6753920999999999,-0.106628,-0.6956439999999999,22.855,73.36,-7.6475
9313,1037993,0.6939361,-0.130296,-0.695156,24.4825,78.62751,-7.77
9314,1038089,0.6885680999999999,-0.158112,-0.68686,25.76,83.7025,-8.645
9315,1038186,0.676856,-0.189588,-0.670512,26.88,88.9175,-11.865
9316,1038282,0.665876,-0.21106,-0.6605081,27.72,97.44,-15.68
9317,1038378,0.702232,-0.178852,-0.6219561,27.09,107.3625,-19.915
9318,1038474,0.767868,-0.149816,-0.624152,26.0925,115.3775,-23.5375
9319,1038570,0.7278521,-0.119072,-0.5887720000000001,25.4275,120.33,-24.2375
9320,1038667,0.7449321,-0.060267999999999995,-0.630008,19.1975,124.495,-21.6825
9321,1038763,0.729072,-0.01098,-0.635376,12.25,129.8675,-16.2925
9322,1038859,0.7178479999999999,-0.009516001,-0.649528,6.895,137.8475,-8.4525
9323,1038955,0.6790520999999999,-0.137372,-0.667096,10.605,150.4825,1.7675
9324,1039052,0.79666,-0.27694,-0.665632,8.3475,177.1175,6.1075
9325,1039148,0.589016,-0.2806,-0.56852,-4.9,198.73,-4.9875
9326,1039244,0.99308,-0.353312,-0.75274,-20.7725,237.4225,-25.97
9327,1039340,0.8520479999999999,-0.321348,-0.522404,-23.0825,280.665,-40.9675
9328,1039436,1.299056,-0.148108,-0.807884,-35.5425,338.5725,-37.87
9329,1039533,0.833016,-0.096868,-0.776408,-7.21,415.7125,-20.51
9330,1039629,1.136552,-0.004636001,-1.208776,24.6225,470.19,-4.305
9331,1039725,1.4478959999999998,-0.494588,-0.6124400999999999,69.87751,490.7175,13.3525
9332,1039821,1.813164,-0.326228,-1.049688,76.9125,540.8375,1.0325
9333,1039917,2.104012,-0.1952,-1.615524,67.4275,571.8825,-21.245
9334,1040014,2.294332,-0.33794,-1.545252,88.18251,537.4774,-37.3625
9335,1040110,3.7680919999999998,-0.8869401,-1.356884,134.5225,479.5175,-54.8975
9336,1040206,5.293092,-0.8601,-2.257488,221.4625,491.4875,-29.68
9337,1040302,2.852116,-1.002108,-2.567612,248.5525,479.4125,4.62
9338,1040398,2.093276,-2.065948,-2.631052,147.525,269.3075,-47.425
9339,1040495,4.115792,-1.7575319999999999,-4.414692,35.84,73.6925,-56.21
9340,1040591,0.4453,-0.9049959999999999,-2.025932,-45.22,-131.145,-58.0125
9341,1040687,0.029768,-0.366,-1.631872,-59.9025,-179.2,-74.97
9342,1040783,0.252052,0.081252,-1.441064,-17.2025,-165.8125,-84.595
9343,1040880,0.43627200000000005,-0.18422,-1.411052,51.485,-175.0875,-69.3175
9344,1040976,0.729072,-0.5885281,-1.436184,100.2925,-201.215,-43.75
9345,1041072,0.877424,-0.885964,-1.328824,105.9975,-245.595,-22.9775
9346,1041168,0.824232,-0.8788879999999999,-1.133624,75.25,-292.74,-10.5875
9347,1041264,0.7795801,-0.638304,-0.9625799999999999,37.5025,-330.2075,-1.435
9348,1041361,0.740296,-0.393816,-0.7890961,16.7475,-356.09,11.4975
9349,1041457,0.7093081,-0.239364,-0.6675840000000001,16.31,-372.47,28.35
9350,1041553,0.7285841,-0.194468,-0.59536,27.4225,-382.0075,46.9875
9351,1041649,0.7829961,-0.19885999999999998,-0.553392,38.045,-387.87,64.085
9352,1041745,0.8413120000000001,-0.230336,-0.525332,43.0325,-392.2625,77.84
9353,1041842,0.86498,-0.233508,-0.49702799999999997,40.635,-393.8725,88.0775
9354,1041938,0.91012,-0.17763199999999998,-0.482876,34.93,-392.21,95.2875
9355,1042034,0.965996,-0.13054000000000002,-0.5099600000000001,31.535,-387.6075,101.255
9356,1042130,1.047004,-0.113704,-0.55388,33.285,-381.465,105.5075
9357,1042227,1.1834,-0.125416,-0.593896,37.3975,-376.39,107.8875
9358,1042323,1.257332,-0.108824,-0.638792,43.785,-372.5225,109.76
9359,1042419,1.3473680000000001,-0.111996,-0.684176,52.5875,-366.7475,113.9775
9360,1042515,1.356396,-0.178852,-0.7317560000000001,60.725,-359.4675,120.3475
9361,1042611,1.414224,-0.30402399999999996,-0.839116,63.8925,-348.285,126.35
9362,1042708,1.58722,-0.44725200000000004,-0.9852719999999999,59.29,-335.9825,131.11
9363,1042804,1.775832,-0.5214281,-1.102148,46.445,-326.8475,135.205
9364,1042900,2.022516,-0.542412,-1.230736,31.0625,-320.7575,138.04
9365,1042996,2.317756,-0.605608,-1.32736,21.805,-320.25,141.12
9366,1043092,2.554436,-0.716384,-1.355908,16.38,-327.425,144.2875
9367,1043189,2.70962,-0.75762,-1.260748,7.2625,-339.29,148.2775
9368,1043285,2.701324,-0.548268,-1.068964,-4.9,-349.9825,156.6775
9369,1043381,2.60958,-0.400404,-0.8054439999999999,-8.505,-350.6825,169.9425
9370,1043477,2.582252,-0.36844,-0.484584,-4.3225,-339.5175,180.6875
9371,1043574,2.6293439999999997,-0.29426399999999997,-0.132004,-7.385,-316.75,183.19
9372,1043670,2.726944,-0.025376,0.35624,-16.765,-287.7875,176.1375
9373,1043766,2.7755,0.44993599999999995,1.035292,-15.9775,-256.1825,157.78
9374,1043862,2.82552,1.01748,1.7099520000000001,11.6375,-216.9825,126.7875
9375,1043958,3.138328,1.3529799999999998,2.1347560000000003,70.105,-165.9525,88.4275
9376,1044055,3.191276,0.8571719999999999,2.351184,131.53,-111.2825,54.6525
9377,1044151,2.6598439999999997,-0.05172801,2.150616,126.1575,-56.14,14.9975
9378,1044247,2.602016,-0.038308,1.46644,40.4775,0.595,-45.465
9379,1044343,1.6601759999999999,-0.087352,1.0826280000000001,-32.0775,43.5575,-96.81
9380,1044439,0.542656,-1.637484,2.503684,-86.485,139.16,-146.5625
9381,1044536,0.607804,1.0169920000000001,-0.10516400000000001,-232.12,246.785,-240.8525
9382,1044632,1.4483840000000001,0.9389120000000001,-2.891156,-173.53,328.5275,-222.3375
9383,1044728,2.86822,-0.019764,-1.4518,2.31,335.1075,-61.6875
9384,1044824,3.848612,1.330532,-2.401936,5.88,332.955,-40.285
9385,1044920,2.6181200000000002,0.9547720999999999,-2.059848,4.13,253.33,-58.415
9386,1045017,0.824232,0.534848,-1.022848,25.0425,172.0425,-86.695
9387,1045113,0.276696,-0.42163199999999995,-0.407968,48.685,157.4475,-97.335
9388,1045209,2.385832,-2.854068,-2.079856,70.7,175.3675,-69.335
9389,1045305,1.887584,-1.4186159999999999,-0.49727200000000005,-36.2775,128.45,-43.9075
9390,1045401,0.56608,0.918416,-1.348832,-104.23,84.875,-34.3875
9391,1045498,1.087752,-0.6722199999999999,-0.8413120000000001,-55.265,79.3275,-34.02
9392,1045594,0.47165200000000007,-0.546072,-0.760792,-61.6175,65.1175,-31.0625
9393,1045690,0.8930401,-0.09711201,-1.1192280000000001,-70.5075,66.1675,-26.495
9394,1045786,0.755912,-0.323056,-0.873276,-60.865,51.66,-32.2875
9395,1045882,0.712724,-0.1952,-0.9237841,-53.4975,42.945,-28.98
9396,1045979,0.75274,-0.069784,-0.931348,-42.735,38.395,-24.5875
9397,1046075,0.590236,-0.323544,-0.7993439999999999,-28.21,28.9975,-20.93
9398,1046171,0.7005239999999999,-0.12029200000000001,-0.869128,-24.815,29.47,-19.7925
9399,1046267,0.663192,-0.153232,-0.8220360000000001,-18.41,25.025,-19.215
9400,1046363,0.607804,-0.17543599999999998,-0.815448,-16.835,21.1925,-20.44
9401,1046460,0.578036,-0.23472800000000002,-0.7707961,-15.4,19.5825,-22.0325
9402,1046556,0.6007279999999999,-0.126392,-0.803492,-17.6925,22.015,-23.1525
9403,1046652,0.597068,-0.134932,-0.8095920999999999,-16.5375,24.3425,-21.7875
9404,1046748,0.598288,-0.165188,-0.808372,-13.1425,26.3725,-19.88
9405,1046845,0.5934081,-0.232044,-0.81252,-9.5375,28.49,-19.4775
9406,1046941,0.5892601,-0.33184,-0.773968,-7.385,29.8025,-21.84
9407,1047037,0.601704,-0.26913200000000004,-0.7754321,-9.065,29.2425,-27.2475
9408,1047133,0.671244,-0.18666,-0.7361481,-8.33,26.2675,-31.9025
9409,1047229,0.664412,-0.15201199999999998,-0.7439560000000001,-0.0875,21.595,-33.46
9410,1047326,0.640744,-0.22277199999999997,-0.7476161,7.0175,18.7075,-33.1625
9411,1047422,0.6009720000000001,-0.207644,-0.73932,0.3325,20.4575,-32.55
9412,1047518,0.6763680000000001,-0.0488,-0.765428,-7.595,25.7075,-30.6775
9413,1047614,0.6453800000000001,-0.125172,-0.752496,-3.4125,26.3375,-28.455
9414,1047710,0.674416,-0.0427,-0.767868,-3.9375,29.47,-26.495
9415,1047807,0.667828,-0.06954,-0.7361481,0.7175,32.0075,-22.8725
9416,1047903,0.658312,-0.061732,-0.7378560000000001,4.445,35.21,-19.3375
9417,1047999,0.6763680000000001,-0.050263999999999996,-0.71614,7.77,37.9575,-14.91
9418,1048095,0.692472,-0.05002,-0.698328,9.415,39.97,-9.765
9419,1048191,0.6856399999999999,-0.09345201,-0.695156,11.0075,40.53,-5.4425
9420,1048288,0.6729520999999999,-0.13664,-0.6985720999999999,12.285,41.09,-3.1325
9421,1048384,0.679296,-0.155184,-0.702232,12.8625,42.0525,-3.115
9422,1048480,0.66978,-0.17543599999999998,-0.701012,13.0375,43.715,-3.36
9423,1048576,0.659532,-0.190808,-0.714676,13.2125,45.78,-4.4275
9424,1048673,0.6390359999999999,-0.19959200000000002,-0.74054,13.7375,49.175,-7.455
9425,1048769,0.66246,-0.196664,-0.7256560000000001,14.595,55.3875,-11.655
9426,1048865,0.64904,-0.188612,-0.72346,16.38,62.405,-15.68
9427,1048961,0.657092,-0.17202,-0.7390760000000001,18.0075,71.96,-19.4425
9428,1049057,0.6612401,-0.155916,-0.713212,19.6,82.8275,-22.2075
9429,1049154,0.698816,-0.155916,-0.696864,21.0,94.51751,-24.0975
9430,1049250,0.684664,-0.12980799999999998,-0.687348,20.335,104.545,-24.0625
9431,1049346,0.6878361,-0.09150001,-0.70638,16.66,113.19,-21.7
9432,1049442,0.6883239999999999,-0.079056,-0.69784,12.635,123.165,-16.765
9433,1049539,0.685884,-0.085156,-0.686128,9.73,134.6625,-13.2825
9434,1049635,0.673928,-0.138348,-0.71004,7.2275,149.485,-11.9875
9435,1049731,0.6070720000000001,-0.223016,-0.656116,1.4525,163.9575,-14.0525
9436,1049827,0.570716,-0.282552,-0.6512359999999999,2.345,185.99,-15.155
9437,1049923,0.693692,-0.23887600000000003,-0.8132520999999999,-0.0525,216.8075,-18.55
9438,1050020,0.830332,-0.37576,-0.595604,-14.6825,234.0975,-36.05
9439,1050116,0.6919841,-0.28792,-0.626104,-26.845,280.9625,-55.8775
9440,1050212,1.271728,-0.246196,-0.8652241,-39.795,337.575,-70.385
9441,1050308,0.620736,-0.12688,-0.7890961,-31.465,415.0475,-63.63
9442,1050404,1.2761200000000001,-0.101016,-1.3054,-24.3775,483.0175,-54.285
9443,1050501,1.694092,-0.25986,-1.038952,27.1775,506.0125,-43.4175
9444,1050597,1.758996,-0.40357600000000005,-1.0462719999999999,61.215,540.1375,-50.8725
9445,1050693,2.437072,-0.670268,-1.6845759999999999,64.295,564.2,-71.9075
9446,1050789,2.096448,-0.47482399999999997,-1.40178,78.26,527.7125,-96.3375
9447,1050885,3.9579239999999998,-0.702476,-1.305156,118.895,494.97,-110.425
9448,1050982,3.889848,-0.5919439999999999,-2.080588,192.955,520.0825,-53.9875
9449,1051078,2.851628,-0.9186601000000001,-2.4502479999999998,222.0575,475.8775,-21.4725
9450,1051174,2.288964,-2.04838,-2.5803,153.3,274.785,-54.635
9451,1051270,3.973296,-1.915888,-3.96256,35.49,67.095,-59.7275
9452,1051367,0.9352520000000001,-1.08092,-2.1118200000000003,-49.1575,-127.4175,-49.525
9453,1051463,0.141032,-0.533384,-1.43716,-74.2,-196.77,-50.225
9454,1051559,0.057096,-0.17397200000000002,-1.18218,-50.925,-182.6475,-52.5875
9455,1051655,0.1647,-0.24863600000000002,-1.067744,-3.8675,-176.575,-45.71
9456,1051751,0.432612,-0.526308,-1.129476,34.3175,-181.23,-31.7975
9457,1051848,0.6380600000000001,-0.765672,-1.13826,45.5,-204.3475,-19.285
9458,1051944,0.7156520000000001,-0.8713241,-1.073112,29.2775,-239.12,-11.025
9459,1052040,0.71248,-0.787876,-0.9286639999999999,0.315,-274.4875,-5.18
9460,1052136,0.643428,-0.60512,-0.7707961,-23.275,-304.36,1.015
9461,1052233,0.57706,-0.442616,-0.636352,-30.835,-324.415,9.2575
9462,1052329,0.5948720000000001,-0.342088,-0.55266,-24.3425,-336.3675,19.4425
9463,1052425,0.636596,-0.333304,-0.50752,-10.395,-343.945,31.22
9464,1052521,0.70394,-0.364048,-0.48116800000000004,3.115,-349.825,42.0525
9465,1052617,0.7549359999999999,-0.422364,-0.47043199999999996,11.445,-354.2875,51.6775
9466,1052714,0.8383841000000001,-0.439932,-0.48824399999999996,12.04,-356.475,59.2375
9467,1052810,0.944768,-0.388204,-0.514108,10.0975,-357.385,65.7125
9468,1052906,0.9894200000000001,-0.323544,-0.5121560000000001,11.5675,-358.6975,72.45
9469,1053002,1.000156,-0.28328400000000004,-0.494588,19.04,-357.5075,78.82
9470,1053098,1.071404,-0.28914,-0.488976,30.5725,-352.905,83.3875
9471,1053195,1.153632,-0.322812,-0.5016641,42.805,-345.485,86.9225
9472,1053291,1.28588,-0.427976,-0.553148,53.69,-336.035,91.0
9473,1053387,1.355176,-0.533872,-0.59658,56.49,-326.83,95.8125
9474,1053483,1.35786,-0.587796,-0.662948,49.28,-317.3275,101.1325
9475,1053580,1.43472,-0.610488,-0.812276,38.5,-305.4275,107.3625
9476,1053676,1.666764,-0.592432,-1.034316,32.9875,-293.2475,115.5
9477,1053772,2.031544,-0.570716,-1.2505,37.6775,-288.4525,129.605
9478,1053868,2.403644,-0.6317159999999999,-1.384212,50.505,-295.2075,150.9375
9479,1053964,2.638372,-0.859856,-1.3642040000000002,59.045,-313.005,173.9325
9480,1054061,2.7115720000000003,-1.002108,-1.204872,47.2675,-333.4625,190.715
9481,1054157,2.626416,-0.68808,-0.921832,16.7475,-346.465,201.7575
9482,1054253,2.542236,0.025376,-0.7266321,-3.22,-340.7075,218.82
9483,1054349,2.681316,0.22033200000000003,-0.41602,17.08,-319.7075,240.345
9484,1054445,2.816004,0.33061999999999997,0.030744,36.33,-290.4125,245.525
9485,1054542,2.85846,0.535824,0.659532,34.2125,-252.735,229.8975
9486,1054638,2.892132,0.651968,1.3710360000000001,17.1325,-208.95,189.9975
9487,1054734,3.029504,0.9943001,1.838052,1.75,-165.515,117.6
9488,1054830,3.487248,1.6501720000000002,1.943948,19.6175,-122.8675,38.325
9489,1054926,3.34646,1.240984,2.027396,90.28251,-90.44001,-4.2525
9490,1055023,2.521252,-0.339892,2.362652,122.36,-42.84,-31.395
9491,1055119,1.8073080000000001,-1.12606,2.667164,-5.74,61.355,-102.445
9492,1055215,2.179896,0.593164,2.4870919999999996,-210.5425,184.695,-202.055
9493,1055311,0.9921040999999999,2.3912,-0.07832401,-279.965,277.1825,-256.34
9494,1055407,2.9370279999999998,0.6378159999999999,-3.8105480000000003,-82.11,348.5825,-149.8175
9495,1055504,3.077084,0.460672,-1.436428,0.7525,319.4275,-55.02
9496,1055600,2.974848,0.7141881,-1.867332,-43.9425,271.075,-77.1225
9497,1055696,1.8182880000000001,0.382592,-1.366156,-23.5725,208.95,-67.62001
9498,1055792,0.431148,-0.040260000000000004,-0.595116,-8.1725,163.7125,-68.565
9499,1055889,0.974292,-1.653344,-1.392508,1.925,160.7725,-72.2225
9500,1055985,2.966796,-1.86538,-0.82594,-84.595,136.2725,-72.6425
9501,1056081,0.9442801,1.057252,-1.18462,-142.8,69.1775,-74.5675
9502,1056177,1.173152,0.634156,-1.293688,-100.03,35.805,-65.835
9503,1056273,0.519964,-0.9093880999999999,-0.797636,-55.9475,13.72,-40.775
9504,1056370,0.611464,0.025863999999999998,-1.017968,-57.2075,22.3125,-32.1825
9505,1056466,0.754204,-0.049044,-0.873276,-44.9575,18.2175,-31.6925
9506,1056562,0.680028,-0.109556,-0.918416,-23.8525,15.505,-20.4925
9507,1056658,0.6456241,-0.06490399999999999,-0.8247200000000001,-16.38,14.35,-15.68
9508,1056755,0.6390359999999999,-0.10736,-0.8547319999999999,-8.6975,14.665,-12.4775
9509,1056851,0.60146,-0.09882,-0.835456,-3.2725,14.2625,-10.465
9510,1056947,0.651968,-0.047092,-0.8342360000000001,-0.91,16.1875,-8.5925
9511,1057043,0.580232,-0.10931199999999999,-0.8317960999999999,5.1625,17.4475,-5.8975
9512,1057139,0.624152,-0.08052000000000001,-0.7986121,7.665,19.81,-4.7075
9513,1057236,0.628544,-0.061975999999999996,-0.79178,10.8675,20.335,-3.4825
9514,1057332,0.6182960999999999,-0.048312,-0.792512,13.2125,20.125,-1.925
9515,1057428,0.6007279999999999,-0.07686,-0.7978801,14.315,20.2125,-1.1725
9516,1057524,0.599508,-0.0854,-0.803736,14.245,21.4375,-1.7675
9517,1057620,0.5875520000000001,-0.18788,-0.786656,14.56,24.045,-1.925
9518,1057717,0.59292,-0.156892,-0.802272,12.46,27.3175,-3.36
9519,1057813,0.619272,-0.219844,-0.782752,12.1625,29.925,-4.7075
9520,1057909,0.644892,-0.169336,-0.7610359999999999,13.1775,30.1,-7.42
9521,1058005,0.6307401,-0.18324400000000002,-0.75762,17.7625,29.5225,-10.815
9522,1058101,0.601704,-0.10223600000000001,-0.792756,16.73,33.11,-11.585
9523,1058198,0.625128,-0.1525,-0.75274,11.34,40.39,-10.255
9524,1058294,0.6456241,-0.07832401,-0.7571321,9.5025,43.5925,-9.94
9525,1058390,0.652456,-0.122732,-0.730292,8.33,46.6025,-9.7125
9526,1058486,0.669048,-0.100284,-0.7259001,8.2425,48.51,-8.4175
9527,1058582,0.68076,-0.140544,-0.710284,8.365,49.42,-7.1925
9528,1058679,0.69418,-0.161772,-0.7027201,7.8925,48.58,-7.105
9529,1058775,0.6883239999999999,-0.18324400000000002,-0.693204,7.49,46.48,-8.2425
9530,1058871,0.6939361,-0.158112,-0.6824680000000001,6.755,44.24,-10.6225
9531,1058967,0.707356,-0.121268,-0.667828,6.825,42.6475,-12.67
9532,1059064,0.6878361,-0.12078,-0.676856,8.645,41.335,-13.7375
9533,1059160,0.6795401,-0.1281,-0.687592,10.78,41.895,-14.595
9534,1059256,0.665632,-0.110776,-0.708088,13.0025,44.835,-15.12
9535,1059352,0.6729520999999999,-0.12761199999999998,-0.725412,16.345,49.0,-15.8375
9536,1059448,0.6709999999999999,-0.08466801,-0.7139439999999999,18.41,54.6175,-16.8
9537,1059545,0.69052,-0.098088,-0.6912520000000001,20.8075,61.95,-16.6425
9538,1059641,0.671732,-0.13908,-0.6944241,22.9425,68.72251,-16.24
9539,1059737,0.7015,-0.136884,-0.702964,23.31,76.615,-17.15
9540,1059833,0.69052,-0.17324,-0.676856,22.9425,84.4025,-18.34
9541,1059929,0.7056479999999999,-0.12468399999999999,-0.684908,20.3875,92.435,-19.005
9542,1060026,0.706624,-0.101992,-0.6897880999999999,17.6575,101.5175,-17.08
9543,1060122,0.68076,-0.11126400000000002,-0.687592,14.0875,111.58,-13.895
9544,1060218,0.70638,-0.063928,-0.7017439999999999,10.4125,123.305,-12.8275
9545,1060314,0.661728,-0.10858,-0.71004,7.6825,137.48,-11.97
9546,1060410,0.6141479999999999,-0.144204,-0.731268,3.7975,154.105,-12.1975
9547,1060507,0.593896,-0.276208,-0.690764,2.8,174.685,-13.51
9548,1060603,0.65514,-0.28377199999999997,-0.744444,0.9625,208.74,-16.0825
9549,1060699,0.48995200000000005,-0.360632,-0.607804,-9.3275,235.8475,-28.42
9550,1060795,0.9586761,-0.390156,-0.788852,-35.49,276.64,-52.36
9551,1060891,1.047736,-0.298412,-0.720776,-49.875,336.35,-74.6725
9552,1060988,0.8935280999999999,-0.155184,-0.5607121,-57.5575,419.1775,-76.9825
9553,1061084,1.331508,-0.124196,-1.2524520000000001,-45.4825,502.81,-73.255
9554,1061180,1.9673720000000001,-0.19739600000000002,-1.170468,8.5225,534.065,-69.66751
9555,1061276,1.720688,-0.300852,-1.142408,52.99,564.375,-78.715
9556,1061373,2.454152,-0.7468840999999999,-1.9339439999999999,75.67,571.4275,-93.2925
9557,1061469,2.842844,-0.75762,-1.986648,91.2975,532.735,-117.25
9558,1061565,4.49326,-0.85888,-1.41276,146.0725,505.0675,-111.3875
9559,1061661,3.0319439999999998,-0.59048,-2.1179200000000002,200.97,534.1525,-64.645
9560,1061757,2.328736,-0.90402,-2.482456,197.785,442.47,-58.1525
9561,1061854,3.414536,-2.0520400000000003,-2.84138,150.71,228.48,-68.145
9562,1061950,3.055124,-1.9180840000000001,-3.914248,52.5525,23.24,-51.7125
9563,1062046,0.544608,-1.253916,-1.8785560000000001,-16.45,-165.095,-40.1275
9564,1062142,0.043676,-0.767624,-1.488888,-48.3875,-198.0825,-38.99
9565,1062238,-0.021228,-0.411872,-1.184376,-43.7675,-189.945,-38.815
9566,1062335,0.1647,-0.45286400000000004,-1.1655879999999998,-11.655,-186.6725,-25.655
9567,1062431,0.462136,-0.630984,-1.232932,17.2375,-196.2275,-5.565
9568,1062527,0.677344,-0.80886,-1.21146,24.9025,-223.9125,13.5625
9569,1062623,0.771528,-0.8461921,-1.127768,9.5725,-260.435,27.9475
9570,1062719,0.814472,-0.738344,-0.9994241,-14.63,-296.3975,38.6575
9571,1062816,0.815448,-0.563396,-0.8532681000000001,-34.055,-327.39,48.545
9572,1062912,0.7856801,-0.395768,-0.696864,-40.25,-351.05,59.2025
9573,1063008,0.787876,-0.307196,-0.609268,-33.6175,-366.31,69.8425
9574,1063104,0.8220360000000001,-0.275476,-0.540216,-21.245,-375.3575,79.1
9575,1063201,0.8571719999999999,-0.25302800000000003,-0.5009319999999999,-10.465,-381.0975,85.89
9576,1063297,0.8888921000000001,-0.27205999999999997,-0.492148,-2.24,-382.9,90.195
9577,1063393,0.9506241,-0.274256,-0.506544,2.0825,-381.5525,91.6825
9578,1063489,1.0230920000000001,-0.256932,-0.5575399999999999,4.06,-378.4375,91.42
9579,1063585,1.118008,-0.241804,-0.597068,7.7875,-374.7275,89.95
9580,1063682,1.219268,-0.21813600000000002,-0.635864,14.9975,-371.98,87.08
9581,1063778,1.2688,-0.200324,-0.633912,26.2675,-369.1625,84.4725
9582,1063874,1.337608,-0.261324,-0.6497721,40.7925,-362.8975,83.9125
9583,1063970,1.3588360000000002,-0.373564,-0.682712,52.5175,-353.29,85.97751
9584,1064067,1.400072,-0.46945600000000004,-0.770308,54.565,-340.69,89.4075
9585,1064163,1.466684,-0.5648601,-0.9328120000000001,49.315,-326.3225,94.37751
9586,1064259,1.760704,-0.618052,-1.22732,42.3325,-311.465,100.485
9587,1064355,2.28018,-0.656848,-1.560136,42.1225,-306.5475,111.1775
9588,1064451,2.690588,-0.751276,-1.676036,47.4425,-320.9675,128.6425
9589,1064548,2.755248,-0.855708,-1.513776,47.74,-347.8475,148.19
9590,1064644,2.602748,-0.7659161,-1.158268,38.5,-367.4125,164.0975
9591,1064740,2.4382919999999997,-0.269376,-0.839116,28.98,-366.905,180.1275
9592,1064836,2.435852,-0.16201600000000002,-0.535824,40.005,-345.3275,203.4375
9593,1064932,2.603968,-0.05563200000000001,-0.255468,51.1,-313.6875,216.86
9594,1065029,2.99022,0.045384,0.025376,56.84,-285.7225,220.22
9595,1065125,3.08416,0.32818,0.8708360999999999,52.5875,-257.0925,210.665
9596,1065221,3.19274,0.937448,1.678964,51.7475,-222.25,181.7725
9597,1065317,3.2217759999999998,1.423008,2.281888,73.97251,-177.1525,139.265
9598,1065413,3.09026,1.321016,2.505636,112.2275,-121.905,93.0475
9599,1065510,2.687416,0.573156,2.2526080000000004,110.7925,-56.63,38.0975
9600,1065606,2.630808,0.34526,1.609668,37.52,8.785,-36.645
9601,1065702,2.2701759999999997,-0.332816,1.4332559999999999,-41.93,61.845,-105.735
9602,1065798,0.81252,-1.059448,2.606896,-166.985,159.215,-191.5375
9603,1065894,0.6161,2.368264,0.682712,-318.64,267.4175,-281.8025
9604,1065991,1.9893319999999999,2.061068,-3.902048,-205.8525,354.13,-233.4325
9605,1066087,3.591436,0.206668,-1.7514319999999999,53.375,336.1225,-49.4025
9606,1066183,3.713436,1.3583479999999999,-2.244556,-0.735,283.815,-47.7225
9607,1066279,2.3785119999999997,0.673196,-1.733132,-0.9625,222.705,-68.5125
9608,1066375,0.7044279999999999,-0.057828,-0.826672,4.13,159.1975,-73.01
9609,1066472,-0.142252,-0.41602,-0.319396,10.3075,148.855,-77.84
9610,1066568,3.052684,-2.965088,-1.725568,9.205,172.515,-67.2175
9611,1066664,2.043988,-0.456524,-0.735416,-106.8375,116.48,-62.825
9612,1066760,0.765428,1.0821399999999999,-1.387628,-124.7225,70.385,-65.3975
9613,1066856,1.259284,-0.522892,-0.9777081,-70.595,55.9475,-52.535
9614,1066953,0.5158159999999999,-0.217404,-0.858392,-65.835,35.9975,-39.375
9615,1067049,0.627812,-0.228872,-0.900848,-63.77,32.69,-35.4725
9616,1067145,0.725412,-0.22277199999999997,-0.9106081,-54.46,28.1225,-34.3525
9617,1067241,0.754448,0.09540401,-0.9650200999999999,-42.0875,22.89,-27.615
9618,1067337,0.684908,-0.158356,-0.877424,-22.575,17.885,-18.76
9619,1067434,0.59536,-0.14786400000000002,-0.8403360000000001,-12.6,17.6925,-14.5425
9620,1067530,0.647576,-0.04514,-0.8576601,-8.715,17.4475,-13.9475
9621,1067626,0.5914560000000001,-0.15762400000000001,-0.823256,-1.995,16.4675,-12.0925
9622,1067722,0.624152,-0.075396,-0.8271601000000001,0.0875,18.41,-11.41
9623,1067818,0.6097560000000001,-0.105896,-0.8025161,3.325,18.8825,-10.5175
9624,1067915,0.6326921,-0.054412,-0.787876,5.215,18.8825,-9.73
9625,1068011,0.594384,-0.08369201,-0.793488,5.705,18.1125,-9.1175
9626,1068107,0.580476,-0.10638399999999999,-0.801784,4.8475,18.76,-9.555
9627,1068203,0.5738880000000001,-0.21008400000000002,-0.796904,5.3025,21.1575,-9.6075
9628,1068299,0.590724,-0.21594000000000002,-0.797148,5.9675,24.0275,-11.5325
9629,1068396,0.6229319999999999,-0.142984,-0.793244,5.5825,26.8275,-13.2825
9630,1068492,0.636352,-0.14396,-0.7812880999999999,10.255,26.6,-14.14
9631,1068588,0.646112,-0.191296,-0.74908,16.765,26.18,-17.1675
9632,1068684,0.566812,-0.08759601,-0.794708,14.49,29.015,-17.7625
9633,1068780,0.631228,-0.070516,-0.779824,9.695,37.38,-13.6675
9634,1068877,0.6273241,-0.051972000000000004,-0.774212,9.0475,42.5425,-9.73
9635,1068973,0.646844,-0.07002799999999999,-0.752984,7.8575,47.81,-6.6675
9636,1069069,0.6600201,-0.07344400000000001,-0.735904,9.765,51.2925,-3.78
9637,1069165,0.6663640000000001,-0.124928,-0.719312,10.85,53.9875,-1.9075
9638,1069262,0.667828,-0.159332,-0.712724,11.6725,55.1075,-1.4175
9639,1069358,0.6661201,-0.17324,-0.702964,11.2525,55.6325,-2.87
9640,1069454,0.6763680000000001,-0.17812,-0.6895439999999999,10.9025,55.9125,-5.355
9641,1069550,0.67832,-0.156404,-0.692716,10.5175,56.21,-8.3825
9642,1069647,0.675148,-0.14469200000000002,-0.684908,11.2525,57.1025,-10.29
9643,1069743,0.674172,-0.141764,-0.700036,12.2325,59.0275,-11.55
9644,1069839,0.6749041,-0.137128,-0.699548,13.6325,61.495,-12.985
9645,1069935,0.671732,-0.147376,-0.685884,15.0675,64.8375,-14.6475
9646,1070031,0.7078439999999999,-0.110044,-0.6893,15.925,69.825,-16.3275
9647,1070128,0.69052,-0.13298,-0.680028,17.43,74.795,-17.01
9648,1070224,0.7044279999999999,-0.155184,-0.684908,18.83,81.095,-18.1475
9649,1070320,0.696132,-0.150304,-0.681248,19.5125,87.2025,-19.88
9650,1070416,0.720776,-0.114192,-0.6653880999999999,17.85,94.64,-19.705
9651,1070512,0.720532,-0.08442401,-0.692716,16.1,102.8825,-16.3625
9652,1070609,0.7107720000000001,-0.12029200000000001,-0.6834439999999999,14.245,112.0525,-12.5825
9653,1070705,0.689056,-0.110044,-0.676856,11.795,124.0575,-11.3925
9654,1070801,0.661972,-0.11126400000000002,-0.711016,7.42,137.55,-13.5275
9655,1070897,0.6202479999999999,-0.171776,-0.6902761,1.785,152.7925,-14.7175
9656,1070993,0.61366,-0.256444,-0.6558721,-0.5075,172.83,-15.26
9657,1071090,0.6885680999999999,-0.257664,-0.7686,-3.4475,204.4875,-17.2025
9658,1071186,0.5987760999999999,-0.435296,-0.592188,-11.7425,227.5,-30.065
9659,1071282,0.8754719999999999,-0.398452,-0.7661600000000001,-32.4625,269.4125,-54.9325
9660,1071378,0.9669721,-0.284992,-0.7237041,-42.2275,326.4625,-77.07
9661,1071474,0.995764,-0.186172,-0.521672,-50.2425,402.5875,-81.95251
9662,1071571,1.291004,-0.169336,-1.108004,-39.2175,482.825,-80.97251
9663,1071667,1.83244,-0.2318,-1.2256120000000001,6.44,519.4175,-81.53251
9664,1071763,1.7507,-0.23228800000000002,-1.121668,53.62,552.51,-90.51001
9665,1071859,2.48026,-0.823256,-1.866844,77.8225,571.2874,-102.13
9666,1071955,2.504172,-0.645868,-1.717516,95.76,535.0975,-123.795
9667,1072052,4.18826,-0.729804,-1.260748,135.66,507.045,-129.36
9668,1072148,3.320596,-0.568764,-2.163548,198.4325,535.395,-75.35501
9669,1072244,2.745488,-0.9708760000000001,-2.525888,216.7025,471.9225,-55.37
9670,1072340,2.79624,-2.212348,-2.740852,155.645,273.63,-71.015
9671,1072436,3.885212,-2.2069799999999997,-4.143364,32.6725,55.09,-59.5525
9672,1072533,0.79666,-1.36152,-2.05082,-54.635,-151.2875,-36.155
9673,1072629,-0.030256,-0.742492,-1.4125159999999999,-89.2675,-207.375,-24.78
9674,1072725,-0.17202,-0.319396,-1.0979999999999999,-72.87,-188.6325,-17.36
9675,1072821,0.006344,-0.335012,-1.0650600000000001,-27.5975,-173.0225,-1.5575
9676,1072917,0.402844,-0.611464,-1.22,10.885,-171.885,19.53
9677,1073014,0.724436,-0.856196,-1.300032,19.6525,-195.8425,36.4875
9678,1073110,0.868884,-0.9464761,-1.249524,-2.205,-238.0525,46.795
9679,1073206,0.874984,-0.7795801,-1.101416,-38.0275,-283.815,52.29
9680,1073302,0.812032,-0.5214281,-0.90646,-63.6825,-322.42,56.7875
9681,1073399,0.7324881,-0.309392,-0.7190681,-69.545,-350.5075,61.81
9682,1073495,0.6897880999999999,-0.21594000000000002,-0.57706,-57.1725,-366.45,66.6225
9683,1073591,0.720532,-0.232776,-0.51484,-38.5,-373.73,68.74
9684,1073687,0.8342360000000001,-0.29377600000000004,-0.534116,-23.065,-376.6,67.55001
9685,1073783,1.021628,-0.355508,-0.6070720000000001,-13.125,-379.855,64.645
9686,1073880,1.18706,-0.40138,-0.6466,-7.035,-387.6425,62.3
9687,1073976,1.248548,-0.41260399999999997,-0.6231760999999999,-2.625,-398.2475,61.3375
9688,1074072,1.24318,-0.39918400000000004,-0.564616,3.01,-405.895,60.9175
9689,1074168,1.238056,-0.393816,-0.496296,12.5825,-406.6475,60.865
9690,1074265,1.2402520000000001,-0.412116,-0.45506,26.18,-399.9275,62.0725
9691,1074361,1.297348,-0.5011760000000001,-0.4697,41.7725,-385.8925,66.185
9692,1074457,1.42008,-0.650748,-0.5655920999999999,52.7975,-367.85,73.605
9693,1074553,1.57136,-0.77104,-0.718824,53.725,-351.365,83.895
9694,1074649,1.694092,-0.8918200000000001,-0.8857200999999999,45.395,-339.745,96.3375
9695,1074746,1.922232,-0.8908440999999999,-1.057008,32.34,-330.575,108.36
9696,1074842,2.1896560000000003,-0.812032,-1.2056040000000001,25.375,-326.4975,121.345
9697,1074938,2.470988,-0.749324,-1.2761200000000001,30.9225,-328.7375,137.095
9698,1075034,2.647888,-0.762012,-1.2256120000000001,45.7275,-336.0525,155.7325
9699,1075130,2.708644,-0.8335040000000001,-1.044076,59.5,-343.2975,174.02
9700,1075227,2.640812,-0.41382399999999997,-0.797636,61.075,-342.7025,191.59
9701,1075323,2.65594,0.003172,-0.6317159999999999,70.4025,-327.215,220.6575
9702,1075419,2.7206,0.060024,-0.262788,96.5825,-304.9725,250.9325
9703,1075515,2.891156,0.125904,0.11394800000000001,103.215,-273.7525,263.0075
9704,1075611,3.024136,0.291092,0.649528,83.405,-241.4825,252.5775
9705,1075708,3.05366,0.705404,1.3473680000000001,50.2425,-211.3125,213.6925
9706,1075804,3.0619560000000003,1.3285799999999999,1.903444,36.68,-175.6825,146.615
9707,1075900,3.089284,1.6613959999999999,2.1642799999999998,68.8275,-129.2725,76.125
9708,1075996,2.797216,1.002108,2.123776,118.6675,-76.3525,23.695
9709,1076092,2.5244240000000002,0.150792,1.7021439999999999,110.53,-17.78,-22.2425
9710,1076189,2.509052,0.008784,0.9328120000000001,37.625,35.1225,-71.54
9711,1076285,2.2387,0.179828,0.126392,-17.92,66.22,-99.995
9712,1076381,1.6818919999999997,-2.607628,0.807396,-52.4125,112.35,-113.2425
9713,1076477,-0.205692,0.41382399999999997,0.50874,-282.835,211.435,-182.315
9714,1076573,0.807884,1.8763599999999998,-2.934344,-253.6975,290.92,-175.56
9715,1076670,1.181448,1.562576,-1.2724600000000001,-62.545,290.85,-48.23
9716,1076766,3.542636,1.51524,-2.190144,0.9275,334.915,-49.805
9717,1076862,3.9701239999999998,0.6939361,-2.298968,-7.8225,275.415,-91.945
9718,1076958,1.3005200000000001,0.20447200000000001,-1.070184,3.955,170.31,-89.705
9719,1077054,-0.16714,-0.44822799999999996,-0.431392,8.6275,147.9275,-91.315
9720,1077151,1.014308,-1.456436,-1.048224,22.5225,174.8075,-73.01
9721,1077247,2.339228,-1.898564,-0.788852,-53.9,160.1075,-68.32
9722,1077343,0.786412,0.715164,-1.218536,-134.505,104.79,-60.13
9723,1077439,1.363472,0.03538,-1.17486,-104.7375,96.6875,-59.9025
9724,1077535,0.86498,-0.4575,-0.8615640999999999,-92.3825,65.50251,-56.1575
9725,1077632,0.9494040000000001,0.05856,-1.18462,-90.9125,50.7325,-43.12
9726,1077728,0.60268,-0.36234,-0.815204,-70.3325,35.4025,-40.565
9727,1077824,0.7500560000000001,-0.119316,-0.9886881,-54.81,31.8675,-33.0575
9728,1077920,0.8359440999999999,0.06563601,-0.9352520000000001,-36.54,27.7375,-24.9025
9729,1078016,0.603168,-0.19764,-0.8247200000000001,-12.705,20.02,-16.555
9730,1078113,0.6653880999999999,-0.06636801,-0.850584,-7.245,19.985,-12.9325
9731,1078209,0.654652,-0.17763199999999998,-0.820084,-3.22,18.655,-11.305
9732,1078305,0.6673399999999999,-0.111508,-0.80886,-1.645,18.34,-10.4475
9733,1078401,0.66368,-0.115168,-0.7854361,0.5775,17.7275,-9.065
9734,1078497,0.6373281,-0.125904,-0.7822640000000001,4.235,16.24,-6.6675
9735,1078594,0.6307401,-0.125416,-0.7822640000000001,6.7025,15.5575,-5.04
9736,1078690,0.618052,-0.094916,-0.7922680000000001,9.135,15.75,-3.5525
9737,1078786,0.6070720000000001,-0.114192,-0.790072,11.935,17.395,-0.665
9738,1078882,0.6021920000000001,-0.130052,-0.787144,14.735,19.705,1.3125
9739,1078978,0.5934081,-0.154452,-0.787876,16.7475,22.9075,1.7325
9740,1079075,0.6168319999999999,-0.180316,-0.768112,16.9925,27.0025,1.82
9741,1079171,0.643428,-0.174704,-0.749568,17.4475,28.455,1.0675
9742,1079267,0.6573359999999999,-0.12980799999999998,-0.743224,18.935,28.1575,0.4725
9743,1079363,0.6222,-0.148352,-0.74542,22.9425,27.3,0.35
9744,1079459,0.6373281,-0.206668,-0.7324881,25.4275,28.385,-0.035
9745,1079556,0.6141479999999999,-0.255956,-0.730536,23.135,29.75,-1.155
9746,1079652,0.626836,-0.200812,-0.7407841,16.7825,33.5125,-2.52
9747,1079748,0.647576,-0.223016,-0.7134560999999999,13.1425,36.5925,-3.395
9748,1079844,0.659044,-0.18470799999999998,-0.707112,12.81,37.065,-4.3925
9749,1079940,0.6373281,-0.219356,-0.691008,10.1675,37.5025,-6.195
9750,1080036,0.637084,-0.259128,-0.7027201,5.18,38.1325,-10.5175
9751,1080133,0.6602640000000001,-0.263276,-0.696132,0.5075,38.9025,-16.7475
9752,1080229,0.728096,-0.198128,-0.681248,-1.5925,38.8675,-22.505
9753,1080325,0.7134560999999999,-0.182024,-0.667096,0.105,37.7125,-25.585
9754,1080421,0.702232,-0.1403,-0.6844201,2.975,36.4,-25.6375
9755,1080517,0.6973520000000001,-0.122244,-0.685396,5.8975,35.525,-23.5725
9756,1080614,0.704916,-0.101992,-0.685396,8.505,35.735,-20.1775
9757,1080710,0.6653880999999999,-0.16104000000000002,-0.68808,9.835,37.2225,-16.8175
9758,1080806,0.671244,-0.203252,-0.7105279999999999,9.1,41.055,-16.0125
9759,1080902,0.658556,-0.183,-0.714676,9.31,47.285,-16.5375
9760,1080998,0.66978,-0.130052,-0.742004,10.29,55.965,-16.3625
9761,1081095,0.662216,-0.15738,-0.727608,11.62,67.4625,-14.28
9762,1081191,0.65514,-0.142496,-0.745908,12.2675,80.2725,-12.0225
9763,1081287,0.67466,-0.138104,-0.7427361,12.1975,93.2225,-10.99
9764,1081383,0.6790520999999999,-0.11126400000000002,-0.736392,12.845,107.17,-9.5375
9765,1081479,0.6749041,-0.104432,-0.7195560000000001,14.6125,122.1675,-7.28
9766,1081576,0.670268,-0.14786400000000002,-0.7227279999999999,14.455,136.2375,-6.79
9767,1081672,0.663924,-0.200812,-0.690032,10.57,151.2875,-10.2725
9768,1081768,0.5858439999999999,-0.21472,-0.7093081,5.7225,168.9975,-14.665
9769,1081864,0.5968241,-0.35282399999999997,-0.690032,5.9675,190.645,-19.3725
9770,1081961,0.6080479999999999,-0.3721,-0.675148,10.2375,222.8625,-21.105
9771,1082057,0.49751599999999996,-0.31964000000000004,-0.74908,1.0325,254.765,-34.825
9772,1082153,1.104588,-0.34794400000000003,-0.9228081,-5.6,297.2375,-56.595
9773,1082249,0.383324,-0.279624,-0.5343600000000001,-6.405,355.53,-73.1325
9774,1082345,1.450824,-0.35136,-0.600484,-25.095,429.8,-74.585
9775,1082442,1.4125159999999999,-0.06929600000000001,-1.215608,-4.76,516.81,-68.72251
9776,1082538,1.9293080000000002,-0.223016,-1.06018,65.9575,540.3475,-50.47
9777,1082634,1.81292,-0.400648,-1.530124,101.3775,565.705,-54.215
9778,1082730,2.314828,-0.644892,-1.8117,118.2825,545.4575,-72.205
9779,1082826,3.195912,-0.6734399999999999,-1.10166,139.0375,500.78,-96.005
9780,1082923,3.900096,-0.543632,-1.955416,213.0275,522.5325,-65.8175
9781,1083019,3.186396,-0.668316,-2.170624,266.6825,499.8,-23.625
9782,1083115,1.3407799999999999,-1.4396,-2.74744,234.115,348.67,-41.4225
9783,1083211,4.01502,-2.120848,-3.6224239999999996,147.8925,147.455,-63.5425
9784,1083307,1.8885599999999998,-1.574044,-3.089772,18.3925,-37.8175,-59.605
9785,1083403,0.129076,-0.877912,-1.5999079999999999,-50.7325,-181.86,-58.6775
9786,1083500,-0.050752,-0.439932,-1.291248,-56.105,-184.9575,-51.2575
9787,1083596,0.000244,-0.24717199999999998,-1.062132,-28.49,-175.14,-39.3575
9788,1083692,0.25742,-0.44896,-1.090436,9.9575,-172.5325,-17.115
9789,1083788,0.550708,-0.6422081000000001,-1.163392,30.4325,-187.25,5.8625
9790,1083885,0.725412,-0.788608,-1.153144,24.9025,-218.33,23.7475
9791,1083981,0.7598161,-0.7278521,-1.051152,-0.5775,-255.78,35.1575
9792,1084077,0.724436,-0.553148,-0.8852321,-26.915,-290.08,43.2775
9793,1084173,0.693448,-0.359656,-0.7605481,-39.7075,-315.77,51.31
9794,1084269,0.731268,-0.17616800000000002,-0.687104,-36.6275,-332.8325,61.1275
9795,1084366,0.7771399999999999,-0.08881599,-0.638792,-20.8425,-345.03,71.8725
9796,1084462,0.863516,-0.057584,-0.611952,-0.9625,-355.8975,81.13
9797,1084558,0.900848,-0.06832001,-0.571448,15.1375,-365.575,85.85501
9798,1084654,0.9023121,-0.077836,-0.528992,23.9925,-372.26,84.9625
9799,1084750,0.91622,-0.047336,-0.509472,27.195,-373.695,79.1525
9800,1084847,0.9501360999999999,0.018056,-0.5231359999999999,29.855,-370.8425,70.315
9801,1084943,1.031144,0.049044,-0.571204,36.6275,-365.68,59.8325
9802,1085039,1.1529,0.039284,-0.636596,48.6325,-361.27,49.21
9803,1085135,1.2334200000000002,-0.027083999999999997,-0.6785640000000001,63.175,-359.2225,40.915
9804,1085231,1.3268719999999998,-0.17568,-0.7427361,75.53,-357.385,36.3125
9805,1085328,1.353224,-0.36282800000000004,-0.7820199999999999,79.5025,-355.1975,37.2575
9806,1085424,1.3527360000000002,-0.49141599999999996,-0.833016,70.21,-350.735,43.0675
9807,1085520,1.382016,-0.484584,-0.9616040000000001,54.3025,-342.9475,53.0425
9808,1085616,1.547692,-0.460916,-1.1148360000000002,44.765,-332.7625,66.5875
9809,1085712,1.84464,-0.467016,-1.288808,44.3975,-325.2025,83.02
9810,1085809,2.2057599999999997,-0.474092,-1.42008,52.5525,-324.275,102.1125
9811,1085905,2.4809919999999996,-0.5499761,-1.4374040000000001,63.385,-331.6075,123.0425
9812,1086001,2.625684,-0.7361481,-1.304912,69.3,-341.81,142.94
9813,1086097,2.661552,-0.629764,-1.045052,61.005,-346.255,158.4625
9814,1086194,2.7237720000000003,-0.15982000000000002,-0.863028,49.9975,-336.5425,177.2925
9815,1086290,2.875052,0.027327999999999998,-0.5158159999999999,61.915,-318.4475,201.425
9816,1086386,2.883836,0.20178800000000002,0.005612,73.2375,-295.785,212.7475
9817,1086482,2.79746,0.643428,0.5980439999999999,65.205,-263.9175,197.155
9818,1086578,2.877736,1.410076,1.2043840000000001,49.595,-224.7525,149.9925
9819,1086675,3.133692,1.9663959999999998,1.7768080000000002,58.5025,-187.81,70.945
9820,1086771,3.279116,2.19722,2.114992,93.3275,-150.57,-26.285
9821,1086867,3.321572,1.777052,2.096448,128.4675,-108.57,-110.46
9822,1086963,2.852848,1.000156,1.82512,118.4575,-65.065,-173.1275
9823,1087059,2.639348,0.6985720999999999,1.132892,60.2,-21.1925,-228.0775
9824,1087156,1.9056400000000002,-2.442196,1.340536,-17.7625,35.525,-284.795
9825,1087252,-0.351116,-0.0061,0.47067600000000004,-297.01,150.045,-396.3225
9826,1087348,-0.644892,0.76494,-2.174772,-317.0475,244.335,-390.4425
9827,1087444,0.336964,-1.553792,-0.356484,-93.1,295.6275,-182.9975
9828,1087540,3.793224,0.315492,-1.533052,-63.56,406.105,-81.0775
9829,1087637,3.734664,1.832196,-1.8126759999999997,-129.675,378.3675,-55.8425
9830,1087733,1.932236,1.6684720000000002,-1.682136,-100.1,287.91,-32.1475
9831,1087829,3.195668,-1.355664,-2.711816,-46.6375,236.005,-34.86
9832,1087925,2.269444,-0.44725200000000004,-0.685884,-106.715,147.3675,-42.525
9833,1088021,1.146556,1.260504,-1.250256,-109.55,78.0325,-49.8225
9834,1088118,1.040904,-0.727608,-1.0279719999999999,-39.76,34.7025,-34.125
9835,1088214,0.777872,-0.271572,-0.856684,-26.0575,40.635,-19.355
9836,1088310,0.8398479999999999,-0.338428,-0.7661600000000001,-14.875,37.1175,-15.925
9837,1088406,0.7198,0.02928,-0.8698601,-8.0325,33.4775,-13.51
9838,1088502,0.826428,-0.189832,-0.767624,-0.595,32.3925,-9.555
9839,1088599,0.705404,0.041968,-0.8222799999999999,3.395,28.7175,-6.8775
9840,1088695,0.70516,-0.050996,-0.7903161,9.7125,27.545,-0.2975
9841,1088791,0.6439159999999999,-0.14518,-0.8052,13.7025,26.6525,4.235
9842,1088887,0.650748,-0.11345999999999999,-0.792512,13.9125,27.8775,3.955
9843,1088983,0.650992,-0.09442801,-0.7820199999999999,16.0125,29.1375,4.6375
9844,1089080,0.6558721,-0.107848,-0.789828,19.3025,31.5,7.315
9845,1089176,0.658312,-0.13908,-0.778116,23.1,34.4225,9.9575
9846,1089272,0.6600201,-0.179584,-0.7200439999999999,26.04,35.7525,10.5875
9847,1089368,0.636596,-0.125172,-0.7795801,25.5325,36.7675,10.1675
9848,1089464,0.6304960000000001,-0.194956,-0.7422481,29.05,37.8525,10.115
9849,1089561,0.6317159999999999,-0.23155599999999998,-0.7381001,31.3075,39.76,7.42
9850,1089657,0.6326921,-0.34526,-0.70516,32.7775,42.4725,5.6175
9851,1089753,0.64782,-0.227408,-0.726876,22.9775,46.305,1.5225
9852,1089849,0.639768,-0.31012399999999996,-0.6944241,20.37,47.6175,-2.6425
9853,1089945,0.653188,-0.357216,-0.67588,18.725,47.67,-9.6075
9854,1090042,0.6912520000000001,-0.34428400000000003,-0.657092,19.4075,46.0425,-18.1125
9855,1090138,0.6795401,-0.310612,-0.665876,21.8925,41.3525,-27.5975
9856,1090234,0.6661201,-0.252296,-0.687592,27.93,35.4025,-37.59
9857,1090330,0.643184,-0.29646,-0.684176,41.1425,28.6475,-48.6675
9858,1090426,0.648308,-0.31890799999999997,-0.69418,57.96,22.785,-62.335
9859,1090523,0.646844,-0.370392,-0.668316,75.5825,19.075,-77.7175
9860,1090619,0.662948,-0.346968,-0.658556,92.61001,15.295,-95.48
9861,1090715,0.7032079999999999,-0.36234,-0.611464,109.865,12.635,-111.7725
9862,1090811,0.7417600000000001,-0.343308,-0.5826720000000001,123.4275,8.4175,-125.93
9863,1090908,0.775188,-0.324764,-0.5392399999999999,131.88,4.1475,-136.465
9864,1091004,0.797636,-0.284992,-0.53192,134.4525,0.1925,-142.5725
9865,1091100,0.81618,-0.237656,-0.527772,131.635,-3.36,-143.465
9866,1091196,0.837408,-0.199348,-0.530212,123.4625,-6.23,-139.5975
9867,1091292,0.8322841000000001,-0.144448,-0.534604,110.1625,-9.31,-131.005
9868,1091389,0.8300879999999999,-0.094916,-0.559004,94.36,-12.7225,-119.63
9869,1091485,0.826428,-0.023668,-0.580476,77.77,-16.065,-106.8025
9870,1091581,0.8025161,-0.005368,-0.6075600999999999,64.33,-17.9025,-92.69751
9871,1091677,0.771528,0.007320001,-0.6470880999999999,54.04,-17.3775,-79.4325
9872,1091773,0.752984,-0.004148001,-0.6709999999999999,47.67,-14.14,-68.1975
9873,1091870,0.7449321,-0.033428,-0.6795401,44.205,-8.6625,-58.94
9874,1091966,0.733708,-0.060024,-0.6824680000000001,41.1425,-1.4525,-51.24
9875,1092062,0.7198,-0.099552,-0.690032,39.7775,6.895,-45.885
9876,1092158,0.7139439999999999,-0.1098,-0.690764,39.4975,16.6075,-43.505
9877,1092254,0.720288,-0.09930800000000001,-0.676124,41.2125,26.0925,-43.19
9878,1092351,0.726388,-0.10223600000000001,-0.668072,45.3425,35.14,-44.695
9879,1092447,0.7241920000000001,-0.119072,-0.6729520999999999,51.7475,44.9575,-46.8125
9880,1092543,0.682712,-0.189344,-0.6729520999999999,62.1425,55.72,-53.97
9881,1092639,0.7044279999999999,-0.216916,-0.662704,77.35,69.615,-68.8975
9882,1092735,0.7034521,-0.187148,-0.645868,98.96251,88.04251,-90.37001
9883,1092832,0.705404,-0.173484,-0.6348881,130.34,111.3525,-117.2675
9884,1092928,0.688812,-0.262544,-0.7890961,167.335,142.135,-149.275
9885,1093024,0.6895439999999999,-0.844484,-0.81618,208.005,183.2425,-186.69
9886,1093120,0.8866961,-0.7951961,-1.1916959999999999,210.175,246.5575,-231.21
9887,1093216,1.089948,-0.785924,-1.300276,229.635,295.575,-267.225
9888,1093313,1.529148,-0.5565640000000001,-1.39812,267.2075,327.9325,-287.14
9889,1093409,1.684088,-0.9181720999999999,-1.121912,306.215,331.905,-302.89
9890,1093505,2.390468,-1.151192,-1.6628599999999998,323.6625,332.2025,-310.03
9891,1093601,1.987624,-0.9110959999999999,-1.33346,320.5475,306.6875,-305.0075
9892,1093698,1.792668,-0.8310639999999999,-1.523536,313.9325,268.5375,-313.25
9893,1093794,1.1631479999999998,-0.25522399999999995,-1.570384,304.045,212.8525,-306.6
9894,1093890,0.915732,-1.249036,-2.0047040000000003,316.2775,138.39,-280.98
9895,1093986,0.9730721,-2.7069360000000002,-1.7870560000000002,307.3,65.905,-214.865
9896,1094082,-0.029036000000000003,-2.8138080000000003,-1.090924,250.425,33.145,-108.85
9897,1094179,-0.010248,-1.94102,-1.315404,171.85,31.0975,3.605
9898,1094275,0.30744,-0.9352520000000001,-1.613084,148.12,32.095,114.1875
9899,1094371,0.28377199999999997,-0.233996,-1.7575319999999999,165.7775,4.2175,195.51
9900,1094467,0.166652,0.409432,-1.719468,187.8975,-32.0425,233.4675
9901,1094563,0.132248,1.018944,-1.677012,208.6175,-64.05,233.9225
9902,1094660,0.192028,1.3529799999999998,-1.67628,237.3875,-94.37751,211.085
9903,1094756,0.325984,1.42374,-1.687748,265.79,-125.475,175.4375
9904,1094852,0.45335200000000003,1.341512,-1.6504159999999999,284.7075,-156.625,139.9125
9905,1094948,0.5975560000000001,1.2017,-1.6021040000000002,291.305,-184.695,115.3075
9906,1095045,0.670512,1.103124,-1.510848,287.385,-208.6175,104.825
9907,1095141,0.6919841,1.028948,-1.399584,276.2025,-225.2775,105.7
9908,1095237,0.732244,0.9933241,-1.366644,260.47,-233.87,112.7
9909,1095333,0.8357,0.9974719999999999,-1.39934,241.9725,-237.265,122.43
9910,1095429,0.93696,1.0079639999999999,-1.4396,223.265,-241.4475,132.055
9911,1095526,0.9947881,1.024068,-1.4579,203.175,-248.3775,137.305
9912,1095622,1.039196,1.086532,-1.486692,180.775,-256.3925,134.7325
9913,1095718,1.086288,1.1746159999999999,-1.5018200000000002,158.9175,-265.3525,122.36
9914,1095814,1.08336,1.251476,-1.4988920000000001,138.635,-276.22,98.735
9915,1095910,1.1131280000000001,1.3651799999999998,-1.495232,120.5925,-287.21,62.9825
9916,1096007,1.097756,1.40422,-1.4454559999999999,109.865,-298.9875,20.1775
9917,1096103,1.06018,1.32736,-1.3790879999999999,108.43,-309.5925,-22.1725
9918,1096199,1.054324,1.1204479999999999,-1.323456,111.055,-316.365,-61.005
9919,1096295,1.086288,0.9867360999999999,-1.306132,110.18,-320.3725,-95.55
9920,1096391,1.092876,0.830576,-1.284416,110.0575,-322.84,-122.325
9921,1096488,1.0919,0.662948,-1.2261,112.455,-323.295,-141.3825
9922,1096584,1.068476,0.5343600000000001,-1.206092,110.5475,-319.9,-157.3075
9923,1096680,1.180228,0.515572,-1.2587959999999998,107.66,-312.83,-172.62
9924,1096776,1.338096,0.484828,-1.25538,113.7675,-307.2125,-182.77
9925,1096873,1.4064159999999999,0.32696,-1.1289879999999999,126.735,-302.995,-184.3275
9926,1096969,1.4356959999999999,0.185684,-0.9435479999999999,131.46,-293.545,-181.6675
9927,1097065,1.4842520000000001,0.23546,-0.748592,123.9175,-275.8175,-176.645
9928,1097161,1.553304,0.30012,-0.55998,115.9375,-251.1075,-164.71
9929,1097257,1.6267479999999999,0.274988,-0.36356,112.245,-222.3375,-143.7275
9930,1097354,1.700192,0.27694,-0.209352,103.46,-191.695,-118.3525
9931,1097450,1.7504560000000002,0.363316,-0.100284,85.78501,-161.49,-93.59
9932,1097546,1.754848,0.533872,-0.004636001,58.6425,-134.47,-79.0125
9933,1097642,1.719224,0.840824,0.05563200000000001,25.5675,-109.655,-80.4125
9934,1097738,1.719468,1.037488,0.08784,-0.175,-85.92501,-90.9825
9935,1097835,1.7080000000000002,1.0208959999999998,0.07856801,-17.955,-64.0325,-106.1025
9936,1097931,1.663836,1.0919,0.073688,-35.7175,-44.835,-125.65
9937,1098027,1.607472,1.078968,0.052216,-42.63,-26.565,-141.295
9938,1098123,1.46156,0.8910879999999999,0.09613601,-37.835,-10.15,-150.57
9939,1098220,0.68808,0.9406200000000001,0.09882,-35.595,7.665,-159.215
9940,1098316,0.313784,-0.169824,-0.364048,-15.89,42.0525,-190.9425
9941,1098412,-0.107848,-1.74338,-0.71126,11.69,43.295,-232.505
9942,1098508,-0.504592,-1.5986879999999999,0.313052,-53.7425,55.9125,-275.975
9943,1098604,0.628544,-2.1301200000000002,-0.8103239999999999,-69.9125,106.855,-262.3425
9944,1098701,2.7894080000000003,-1.670668,-2.0498439999999998,-34.8775,149.45,-142.975
9945,1098797,2.149396,0.964532,-1.7812,-61.635,120.5925,-32.8475
9946,1098893,-0.118828,1.741672,-0.8703481,-63.21,77.63,-11.725
9947,1098989,-0.261324,0.5172800999999999,-0.48873199999999994,-4.6375,86.4325,-43.75
9948,1099085,2.614216,-2.620316,-1.622356,11.27,107.135,-68.425
9949,1099182,0.743224,0.139812,-0.608536,-73.36,62.58,-31.4125
9950,1099278,1.357616,1.0065,-1.767048,-71.7325,57.645,-16.905
9951,1099374,0.840824,-0.392108,-0.5917,-26.67,26.2675,-19.7225
9952,1099470,0.62464,-0.10833599999999999,-1.003084,-11.7075,16.5725,-4.27
9953,1099566,0.652212,-0.192272,-0.818132,-7.595,15.19,-3.5525
9954,1099663,0.5160600000000001,-0.21594000000000002,-0.8576601,-0.945,12.145,-4.0075
9955,1099759,0.615368,-0.099552,-0.8752280000000001,2.1,15.05,-0.1575
9956,1099855,0.5797441,-0.142008,-0.8532681000000001,7.91,15.6975,4.41
9957,1099951,0.571936,-0.091988,-0.855708,12.9675,17.3425,9.0475
9958,1100048,0.580964,-0.10394400000000001,-0.8427761,17.605,19.11,12.075
9959,1100144,0.620004,-0.0976,-0.844972,22.2425,20.1075,13.685
9960,1100240,0.6109760000000001,-0.13785999999999998,-0.81374,27.23,19.9675,15.925
9961,1100336,0.584868,-0.156648,-0.7986121,30.6775,19.705,18.445
9962,1100432,0.579012,-0.203252,-0.7993439999999999,33.53,20.5275,19.845
9963,1100529,0.558516,-0.27328,-0.751276,35.21,21.3325,18.5325
9964,1100625,0.5738880000000001,-0.285724,-0.7503,32.6025,22.3825,14.945
9965,1100721,0.522648,-0.30378,-0.742492,28.6475,22.995,10.745
9966,1100817,0.571204,-0.255956,-0.7661600000000001,25.0425,25.27,6.265
9967,1100914,0.582428,-0.23668000000000003,-0.7373681,23.905,26.8975,2.485
9968,1101010,0.5799880000000001,-0.24644000000000002,-0.729072,22.75,27.3525,-0.9975
9969,1101106,0.546072,-0.232044,-0.7134560999999999,19.7575,28.21,-4.9525
9970,1101202,0.537532,-0.310368,-0.743468,13.405,30.24,-11.48
9971,1101298,0.5738880000000001,-0.244,-0.7766521,8.575,32.41,-19.1975
9972,1101395,0.5655920999999999,-0.200568,-0.77104,10.8675,32.1825,-25.48
9973,1101491,0.5978,-0.24082800000000001,-0.781776,16.6075,31.08,-29.54
9974,1101587,0.6512359999999999,-0.226188,-0.7503,21.245,29.89,-33.075
9975,1101683,0.6202479999999999,-0.21276799999999998,-0.7427361,24.185,29.2425,-36.6275
9976,1101780,0.64904,-0.196176,-0.758596,26.215,29.9425,-39.4275
9977,1101876,0.6392800000000001,-0.288408,-0.726876,30.8175,30.38,-41.6325
9978,1101972,0.605364,-0.234972,-0.731268,27.5625,34.09,-44.9225
9979,1102068,0.669048,-0.160552,-0.7217521,28.21,38.0975,-46.2175
9980,1102164,0.6883239999999999,-0.178608,-0.6917399999999999,36.75,39.9875,-44.7125
9981,1102261,0.68808,-0.191052,-0.671976,40.6875,41.965,-41.9475
9982,1102357,0.690032,-0.232776,-0.640256,41.0725,43.6625,-37.8175
9983,1102453,0.690032,-0.199348,-0.649284,35.28,46.7425,-31.7625
9984,1102549,0.670512,-0.205692,-0.684176,27.51,50.295,-24.4825
9985,1102646,0.648796,-0.214232,-0.712724,20.9825,54.565,-18.3925
9986,1102742,0.6390359999999999,-0.241804,-0.7239479999999999,16.275,61.1975,-14.175
9987,1102838,0.6878361,-0.219112,-0.705404,12.495,70.14,-12.6
9988,1102934,0.66246,-0.236436,-0.6939361,10.7625,80.4475,-14.5775
9989,1103030,0.661728,-0.288896,-0.72712,10.3775,89.74,-20.7025
9990,1103127,0.661728,-0.283528,-0.720776,10.43,100.31,-27.895
9991,1103223,0.637084,-0.26766799999999996,-0.718092,10.7975,112.455,-35.8575
9992,1103319,0.6563601,-0.258884,-0.7017439999999999,10.43,128.5025,-43.0675
9993,1103415,0.676124,-0.188124,-0.682956,9.66,145.5825,-49.8925
9994,1103511,0.6736840000000001,-0.172996,-0.648796,8.96,162.4,-54.075
9995,1103608,0.642696,-0.14347200000000002,-0.693204,19.6,184.485,-51.555
9996,1103704,0.8657120999999999,-0.207644,-0.6602640000000001,28.77,210.5425,-50.015
9997,1103800,0.668316,-0.156648,-0.5875520000000001,26.0575,232.96,-58.1
9998,1103896,1.266848,-0.168604,-0.633424,35.6475,263.8125,-67.9875
9999,1103993,0.7476161,-0.11102000000000001,-0.5694961,60.4275,310.5725,-69.9125
10000,1104089,1.120692,-0.26596,-0.631228,58.4675,346.885,-57.96
10001,1104185,1.1599760000000001,-0.136152,-1.265384,69.52750999999999,415.2925,-44.38
10002,1104281,1.10776,-0.338916,-0.806908,110.4425,446.7225,-26.5825
10003,1104377,1.649684,-0.376492,-0.9186601000000001,134.61,463.435,-21.77
10004,1104474,1.663348,-0.35697199999999996,-1.2932,116.7425,484.015,-40.3725
10005,1104570,2.05936,-0.30353600000000003,-1.462536,114.835,479.08,-59.29
10006,1104666,2.083028,-0.40821199999999996,-1.091412,121.7125,450.975,-77.245
10007,1104762,3.65634,-0.8195960999999999,-1.6967759999999998,160.545,446.18,-86.695
10008,1104858,3.59168,-0.7056479999999999,-2.107672,232.3125,468.44,-46.69
10009,1104955,2.432436,-0.8937719999999999,-2.130852,248.6225,419.195,-17.4825
10010,1105051,1.597224,-2.032032,-2.667896,191.9225,240.5025,-61.355
10011,1105147,4.008432,-2.193072,-4.177524,72.5375,65.9925,-66.8325
10012,1105243,1.011136,-1.2585520000000001,-2.298968,-29.645,-128.765,-56.07
10013,1105339,0.114924,-0.679296,-1.5738,-64.1025,-220.045,-48.09
10014,1105436,-0.014152000000000001,-0.253272,-1.2378120000000001,-44.5025,-221.025,-41.2825
10015,1105532,0.07222401,-0.255468,-1.056276,-1.3825,-217.385,-31.15
10016,1105628,0.366732,-0.493612,-1.050176,35.35,-220.9025,-15.6975
10017,1105724,0.5702281,-0.718092,-1.0492,45.2375,-241.675,-2.555
10018,1105821,0.634644,-0.823744,-0.987224,27.5975,-270.025,4.1475
10019,1105917,0.6231760999999999,-0.7610359999999999,-0.8596120999999999,-4.3575,-297.85,5.635
10020,1106013,0.60268,-0.604876,-0.731268,-31.5,-320.3725,7.1575
10021,1106109,0.600484,-0.510204,-0.635864,-44.9225,-334.5475,12.005
10022,1106205,0.630984,-0.47384799999999994,-0.5594920999999999,-47.845,-342.405,19.6
10023,1106302,0.72468,-0.504592,-0.527284,-46.095,-346.4475,28.4025
10024,1106398,0.7671359999999999,-0.566812,-0.486292,-47.5125,-349.9475,37.31
10025,1106494,0.7944641,-0.576084,-0.460672,-54.1975,-351.7675,43.5575
10026,1106590,0.814472,-0.508008,-0.46238,-60.165,-350.735,48.405
10027,1106686,0.87718,-0.45725600000000005,-0.47823999999999994,-58.765,-346.7275,54.39
10028,1106783,0.9206120000000001,-0.404308,-0.4743361,-47.6875,-341.6175,61.8625
10029,1106879,0.9825879999999999,-0.553148,-0.48531599999999997,-32.0075,-334.6875,70.28
10030,1106975,1.003084,-0.528504,-0.5192319999999999,-24.395,-323.365,77.35
10031,1107071,1.311988,-0.391864,-0.7476161,-20.5275,-313.005,84.7
10032,1107168,1.39934,-0.529724,-0.8132520999999999,3.7975,-312.0775,97.02
10033,1107264,1.422032,-0.6836880999999999,-0.850096,21.8925,-313.355,106.435
10034,1107360,1.536468,-0.72102,-0.9398880999999999,22.155,-311.955,108.4475
10035,1107456,1.7094639999999999,-0.685884,-1.077016,15.9775,-310.59,107.17
10036,1107552,1.970056,-0.640012,-1.238788,16.7125,-312.445,108.5
10037,1107649,2.226744,-0.6749041,-1.336632,27.335,-321.0375,116.0425
10038,1107745,2.3868080000000003,-0.729804,-1.3029600000000001,39.305,-335.37,128.87
10039,1107841,2.4461,-0.682956,-1.137284,44.94,-349.09,143.4475
10040,1107937,2.40828,-0.209108,-0.892308,47.6175,-354.375,158.62
10041,1108033,2.49246,-0.005368,-0.6695361,67.1475,-344.4175,176.505
10042,1108130,2.610312,0.028304000000000003,-0.27694,91.1225,-327.775,183.19
10043,1108226,2.591036,0.248392,0.238632,95.34,-300.4575,171.675
10044,1108322,2.575908,0.617564,0.802272,91.0,-261.0125,145.8625
10045,1108418,2.694248,0.8132520999999999,1.295396,95.3225,-214.2175,109.7425
10046,1108515,2.871636,0.8291120999999999,1.5525719999999998,100.275,-167.79,62.02
10047,1108611,3.110512,1.00894,1.711904,96.53,-124.705,11.5675
10048,1108707,3.024868,0.9318360000000001,1.770464,94.5525,-86.4675,-27.02
10049,1108803,2.760616,0.6558721,1.625528,84.5075,-47.565,-55.4925
10050,1108899,2.157204,-0.48678,1.760948,54.6525,1.12,-84.735
10051,1108996,1.5664799999999999,-1.341512,2.532476,-78.47,98.455,-150.3775
10052,1109092,1.664812,1.510116,1.536712,-295.96,212.975,-241.9725
10053,1109188,1.0199200000000002,2.054236,-2.440976,-284.3925,283.7975,-237.4225
10054,1109284,2.273592,0.591212,-2.3363,-62.615,305.6025,-97.16001
10055,1109380,4.046496,1.1951120000000002,-2.398764,-33.81,287.84,-92.995
10056,1109477,3.1573599999999997,0.629764,-1.807064,-39.0425,222.04,-106.05
10057,1109573,0.632204,-0.044407999999999996,-0.774944,-35.3325,147.49,-80.7975
10058,1109669,-0.175924,-0.446276,-0.439932,-35.1925,140.2625,-79.2575
10059,1109765,2.87432,-2.2130799999999997,-1.408124,-50.015,160.93,-75.425
10060,1109862,1.827316,0.459208,-1.0086959999999998,-134.505,103.2675,-73.2725
10061,1109958,1.103124,0.9230520000000001,-1.58356,-115.955,54.3375,-69.2825
10062,1110054,0.616344,-0.520208,-0.7659161,-73.885,24.78,-48.895
10063,1110150,0.5980439999999999,-0.136152,-0.9730721,-56.385,23.7475,-31.465
10064,1110246,0.7288279999999999,-0.071248,-0.972828,-47.74,26.6175,-26.67
10065,1110343,0.650992,-0.196908,-0.8632719999999999,-28.665,22.26,-20.8775
10066,1110439,0.61732,-0.041236,-0.908168,-18.83,21.3675,-16.7475
10067,1110535,0.696864,-0.10540799999999999,-0.8718120999999999,-9.205,21.5425,-13.1775
10068,1110631,0.5958479999999999,-0.133224,-0.8418,-1.715,20.2125,-10.7975
10069,1110727,0.6822239999999999,-0.023180000000000003,-0.586332,8.4175,21.805,-6.965
10070,1110824,0.580232,-0.158844,-0.8054439999999999,6.7375,21.7175,-6.6325
10071,1110920,0.60512,-0.12029200000000001,-0.7954399999999999,5.5475,22.7325,-8.2775
10072,1111016,0.638548,-0.130052,-0.7861680999999999,4.48,22.0325,-10.64
10073,1111112,0.6390359999999999,-0.064172,-0.7951961,6.44,21.0,-9.59
10074,1111209,0.625128,-0.147376,-0.784216,8.82,19.705,-8.2075
10075,1111305,0.6158561,-0.12029200000000001,-0.7890961,8.68,20.055,-8.4
10076,1111401,0.5892601,-0.192272,-0.792024,8.05,21.35,-9.205
10077,1111497,0.604632,-0.12078,-0.7978801,6.65,23.275,-11.6025
10078,1111593,0.625372,-0.11760799999999999,-0.776896,8.715,24.2025,-13.02
10079,1111690,0.625616,-0.228872,-0.746396,12.6175,24.9375,-14.6475
10080,1111786,0.582184,-0.061,-0.803736,8.8725,27.2825,-16.7125
10081,1111882,0.614636,-0.119316,-0.7895840999999999,4.725,34.055,-15.085
10082,1111978,0.626836,-0.036112,-0.7869,4.06,39.48,-11.865
10083,1112075,0.663924,-0.019032,-0.743712,5.3725,44.5025,-8.1375
10084,1112171,0.6539201,-0.032695999999999996,-0.746396,8.3125,47.985,-3.2375
10085,1112267,0.652212,-0.09394001,-0.7422481,10.5875,51.38,1.015
10086,1112363,0.6466,-0.149328,-0.7278521,11.9175,54.495,2.1875
10087,1112459,0.644648,-0.15494000000000002,-0.725168,11.8825,57.0325,0.07
10088,1112556,0.65758,-0.132736,-0.7019880000000001,11.83,59.2725,-2.6425
10089,1112652,0.6785640000000001,-0.13078399999999998,-0.692228,12.5125,61.7225,-4.1125
10090,1112748,0.6756361,-0.14152,-0.69418,13.405,63.525,-5.0225
10091,1112844,0.6897880999999999,-0.14713199999999999,-0.6958880000000001,14.245,65.50251,-6.3875
10092,1112940,0.692472,-0.139812,-0.705892,15.4875,67.5675,-8.19
10093,1113037,0.670512,-0.171044,-0.698816,18.095,69.44,-10.7625
10094,1113133,0.729316,-0.15201199999999998,-0.6883239999999999,18.6025,73.255,-13.895
10095,1113229,0.680516,-0.185196,-0.6566041,19.1275,77.54251,-17.1325
10096,1113325,0.7056479999999999,-0.194224,-0.670024,19.7925,84.4025,-20.8075
10097,1113421,0.702964,-0.186172,-0.668072,20.4225,89.53,-24.7625
10098,1113518,0.72712,-0.142008,-0.6517241,18.9175,95.26999,-28.1925
10099,1113614,0.7256560000000001,-0.104432,-0.653676,18.1125,102.0775,-28.21
10100,1113710,0.71736,-0.127856,-0.671732,16.3625,109.2525,-26.6175
10101,1113806,0.6707561,-0.11834000000000001,-0.696376,11.585,118.58,-24.7275
10102,1113903,0.670268,-0.101504,-0.6834439999999999,6.3,131.1975,-24.7975
10103,1113999,0.666608,-0.035136,-0.7007680000000001,1.505,147.07,-23.8875
10104,1114095,0.6319600000000001,-0.142008,-0.6517241,-0.8400001,161.21,-20.195
10105,1114191,0.6749041,-0.231312,-0.685396,-0.2275,189.1925,-15.365
10106,1114287,0.564372,-0.270352,-0.662704,-6.58,214.655,-19.25
10107,1114384,0.9738041,-0.371856,-0.76982,-28.595,247.0125,-41.545
10108,1114480,0.803492,-0.299632,-0.6527,-32.9175,298.41,-64.995
10109,1114576,1.069208,-0.09150001,-0.642452,-38.885,373.8175,-73.64
10110,1114672,0.9091440000000001,-0.118828,-0.7929999999999999,-13.3875,453.6875,-67.27
10111,1114768,1.3893360000000001,-0.282064,-0.996008,33.3725,494.1825,-59.0975
10112,1114865,1.7458200000000001,-0.185928,-0.724436,78.34751,524.86,-66.7625
10113,1114961,1.662616,-0.44115200000000004,-1.154364,84.1925,565.215,-86.17
10114,1115057,1.818532,-0.559004,-1.580876,93.1525,563.3075,-105.0175
10115,1115153,3.261548,-0.949892,-1.555744,93.52,508.34,-137.235
10116,1115250,4.489112,-0.7019880000000001,-1.678232,154.0525,504.665,-116.9175
10117,1115346,3.357928,-0.815448,-2.600552,211.3475,517.5275,-58.9225
10118,1115442,1.9205240000000001,-1.481324,-2.95972,166.2675,376.145,-67.1125
10119,1115538,4.133116,-2.396568,-3.518968,68.8275,149.59,-78.96
10120,1115634,1.939068,-1.6089360000000001,-3.2305599999999997,-33.0575,-57.1725,-44.6425
10121,1115731,0.082472,-0.9086559999999999,-1.5159719999999999,-90.755,-197.4525,-35.9275
10122,1115827,-0.080276,-0.294752,-1.303692,-83.125,-191.5725,-34.16
10123,1115923,0.034892,-0.116388,-1.1324040000000002,-38.4125,-177.87,-27.5975
10124,1116019,0.335256,-0.406016,-1.20536,20.2475,-177.52,-7.2625
10125,1116115,0.658556,-0.7044279999999999,-1.2780719999999999,49.84,-199.3775,11.0075
10126,1116212,0.8652241,-0.9113399999999999,-1.252208,43.8375,-238.385,23.1
10127,1116308,0.9613601,-0.8596120999999999,-1.1387479999999999,13.8775,-283.5,29.8725
10128,1116404,0.8796200000000001,-0.63562,-0.9345201,-17.0975,-325.675,35.175
10129,1116500,0.781044,-0.3843,-0.754692,-30.7125,-356.16,41.3175
10130,1116597,0.7288279999999999,-0.204716,-0.5958479999999999,-21.805,-372.82,49.84
10131,1116693,0.71126,-0.18178,-0.486292,0.175,-380.905,58.9225
10132,1116789,0.7381001,-0.21276799999999998,-0.438712,21.595,-383.39,65.905
10133,1116885,0.859368,-0.2928,-0.472872,36.6625,-382.3225,69.6325
10134,1116981,0.9730721,-0.36648800000000004,-0.5221600000000001,42.455,-382.2875,70.98001
10135,1117078,1.077504,-0.350628,-0.57828,40.6525,-384.44,71.3475
10136,1117174,1.143384,-0.280356,-0.6070720000000001,40.145,-387.6075,72.5725
10137,1117270,1.1812040000000001,-0.18788,-0.59048,47.3725,-389.7425,75.4075
10138,1117366,1.167296,-0.15201199999999998,-0.548756,63.385,-388.9025,80.3775
10139,1117462,1.176812,-0.207156,-0.492148,83.3525,-382.2875,86.5025
10140,1117559,1.187548,-0.3599,-0.525576,100.5725,-369.215,93.415
10141,1117655,1.296616,-0.563396,-0.657092,105.805,-350.175,103.32
10142,1117751,1.4417959999999999,-0.652456,-0.843508,95.375,-332.675,116.0425
10143,1117847,1.542324,-0.642696,-1.0406600000000001,77.56,-318.99,131.5125
10144,1117943,1.796816,-0.6095119999999999,-1.291736,65.8,-307.195,149.695
10145,1118040,2.190876,-0.608536,-1.532564,64.2425,-302.575,169.61
10146,1118136,2.521252,-0.683932,-1.6499279999999998,66.0275,-309.785,188.825
10147,1118232,2.696444,-0.7571321,-1.641144,60.5675,-324.695,203.945
10148,1118328,2.728164,-0.7178479999999999,-1.478884,46.2525,-338.5375,213.3075
10149,1118425,2.7328,-0.308904,-1.2458639999999999,30.205,-342.86,222.39
10150,1118521,2.805268,-0.153476,-0.9623360999999999,30.625,-334.4425,238.805
10151,1118617,2.900184,-0.16689600000000002,-0.454084,37.0125,-319.4275,247.9925
10152,1118713,3.022916,-0.11736400000000001,0.26303200000000004,23.765,-295.575,238.4025
10153,1118809,3.220556,0.367708,1.172176,-3.1325,-264.3025,206.605
10154,1118906,3.516772,1.38592,2.0276400000000003,-7.945,-225.5575,156.6075
10155,1119002,3.3293800000000005,1.938336,2.609092,55.475,-179.41,111.8425
10156,1119098,2.928244,1.285148,2.748416,144.48,-114.3625,83.1425
10157,1119194,2.4451240000000003,0.07612801,2.349964,148.54,-32.76,37.7475
10158,1119290,2.521496,-0.171776,1.4720520000000001,46.235,43.5575,-41.02
10159,1119387,2.741828,0.255468,0.41602,-58.7825,89.495,-107.5375
10160,1119483,2.606652,0.461404,-0.144204,-83.93001,99.785,-131.5825
10161,1119579,1.6469999999999998,-2.365336,0.269864,-63.4725,108.08,-131.285
10162,1119675,-0.761524,-0.8723001,0.259128,-271.635,186.9,-185.15
10163,1119771,-0.17836400000000002,2.16184,-2.272128,-303.24,265.02,-210.175
10164,1119868,1.2312239999999999,2.244312,-1.7048279999999998,-106.2425,288.6975,-96.70501
10165,1119964,3.4718760000000004,0.8671761,-1.8697720000000002,42.98,314.755,-35.2975
10166,1120060,4.053328,1.1350879999999999,-2.773792,-10.605,266.0875,-82.0925
10167,1120156,1.838296,0.17324,-1.21878,7.6475,167.055,-88.04251
10168,1120252,0.17397200000000002,-0.325008,-0.681248,-2.695,130.69,-83.545
10169,1120349,0.307684,-0.149572,-0.60634,15.82,147.1925,-58.9225
10170,1120445,2.709376,-1.6775,-2.080832,27.2475,164.5175,-49.2275
10171,1120541,1.6499279999999998,-0.9823440999999999,-0.613904,-48.1075,107.7125,-42.315
10172,1120637,0.509716,0.29572800000000005,-1.116056,-74.69,71.6625,-27.545
10173,1120733,1.001376,-0.419192,-0.8910879999999999,-50.995,71.435,-25.7075
10174,1120830,0.630252,-0.323788,-0.82594,-53.795,57.4,-24.9725
10175,1120926,0.6902761,-0.236192,-0.9777081,-56.77,52.045,-20.16
10176,1121022,0.769332,-0.188612,-0.9345201,-50.5225,45.3075,-20.9475
10177,1121118,0.7283400999999999,-0.015372,-0.9969841,-38.255,37.135,-17.465
10178,1121215,0.680516,-0.25986,-0.8657120999999999,-21.0875,32.48,-11.69
10179,1121311,0.5968241,-0.188368,-0.8491200000000001,-12.11,30.5025,-9.275
10180,1121407,0.6749041,-0.151036,-0.8518040000000001,-7.105,29.5575,-10.01
10181,1121503,0.740296,-0.094916,-0.8676640999999999,0.4375,26.46,-8.855
10182,1121599,0.619028,-0.196664,-0.7893399999999999,8.19,22.7325,-6.545
10183,1121696,0.653432,-0.114192,-0.7978801,10.325,23.1525,-4.025
10184,1121792,0.647576,-0.112728,-0.787632,14.28,23.1175,0.105
10185,1121888,0.617564,-0.168604,-0.757864,17.9025,22.6625,3.9025
10186,1121984,0.596336,-0.1525,-0.774944,17.6575,24.185,5.8275
10187,1122080,0.56608,-0.25302800000000003,-0.7439560000000001,16.7125,26.5825,5.915
10188,1122177,0.6058520000000001,-0.238144,-0.758108,12.915,30.1875,3.185
10189,1122273,0.604388,-0.282064,-0.7605481,12.145,32.025,0.35
10190,1122369,0.5926760999999999,-0.29036,-0.7473721,11.1475,32.55,-3.255
10191,1122465,0.6131721,-0.194956,-0.750544,8.3125,33.2325,-6.79
10192,1122561,0.6036560999999999,-0.269864,-0.7317560000000001,12.74,32.5675,-10.4125
10193,1122658,0.6344,-0.274988,-0.727608,14.105,30.9575,-15.8025
10194,1122754,0.620492,-0.260592,-0.71736,12.53,29.3475,-20.0375
10195,1122850,0.630008,-0.329888,-0.706136,10.57,28.4025,-23.1525
10196,1122946,0.6170760000000001,-0.27084,-0.702232,-0.0175,30.275,-26.8975
10197,1123042,0.655384,-0.243756,-0.702232,-7.735,32.62,-30.45
10198,1123139,0.676612,-0.254736,-0.7088201,-8.8375,31.745,-34.405
10199,1123235,0.6734399999999999,-0.22106399999999998,-0.7034521,-10.395,30.9925,-38.8675
10200,1123331,0.6688041,-0.24131599999999997,-0.702964,-7.0875,29.0675,-42.7525
10201,1123427,0.652456,-0.200324,-0.719312,-7.1225,29.4875,-46.6025
10202,1123524,0.6822239999999999,-0.09442801,-0.730536,-6.7025,31.8675,-48.0375
10203,1123620,0.7417600000000001,-0.010248,-0.6973520000000001,-1.925,35.0875,-46.55
10204,1123716,0.695156,-0.03904,-0.693204,7.105,38.1675,-41.265
10205,1123812,0.701256,-0.067588,-0.70516,11.7775,42.6825,-33.4425
10206,1123908,0.656848,-0.066856,-0.7129681,11.655,47.495,-24.5875
10207,1124005,0.667828,-0.006587999999999999,-0.758352,8.9075,56.805,-13.51
10208,1124101,0.65758,-0.123464,-0.756156,10.815,67.97,-3.6575
10209,1124197,0.634644,-0.21520799999999998,-0.759572,14.4725,81.41001,-0.6125
10210,1124293,0.648308,-0.225456,-0.7605481,15.155,96.4425,-2.8
10211,1124389,0.655628,-0.19983599999999999,-0.7622561,14.455,111.4575,-6.125
10212,1124486,0.633424,-0.18178,-0.780556,14.77,127.4875,-9.87
10213,1124582,0.643184,-0.133712,-0.7517640999999999,15.575,144.0775,-13.405
10214,1124678,0.6373281,-0.13908,-0.7241920000000001,12.635,161.4375,-16.45
10215,1124774,0.582428,-0.20178800000000002,-0.749568,7.84,181.8425,-21.07
10216,1124870,0.491904,-0.311344,-0.709064,4.1475,203.595,-23.625
10217,1124967,0.63318,-0.355752,-0.8405800999999999,6.4225,239.7675,-25.0075
10218,1125063,0.564616,-0.39405999999999997,-0.6280560000000001,-7.21,271.9675,-40.565
10219,1125159,0.922076,-0.352092,-0.8576601,-17.43,328.3875,-68.67
10220,1125255,1.737036,-0.38503200000000004,-0.5575399999999999,-23.975,398.405,-87.115
10221,1125351,0.80642,-0.196176,-0.9293961,-28.84,505.015,-81.655
10222,1125448,1.738256,-0.032208,-1.29808,9.0825,566.93,-74.25251
10223,1125544,1.879532,-0.41113999999999995,-1.217804,86.1,572.32,-62.8075
10224,1125640,2.1642799999999998,-0.661972,-1.7992560000000002,94.15,573.405,-84.2975
10225,1125736,2.1957560000000003,-0.659044,-2.0681439999999998,101.185,556.0975,-113.8725
10226,1125832,4.233644,-1.0023520000000001,-1.105076,136.5525,513.31,-133.7875
10227,1125929,3.751988,-0.7451760000000001,-2.472208,206.4475,546.0,-82.8275
10228,1126025,2.858216,-1.187792,-2.6998599999999997,221.935,480.13,-47.075
10229,1126121,2.8504080000000003,-2.741828,-2.803804,146.4575,249.0425,-71.2075
10230,1126217,3.7639440000000004,-2.339228,-4.37004,1.9775,34.755,-56.0175
10231,1126313,0.333548,-1.250988,-2.0037279999999997,-86.8875,-175.21,-35.8575
10232,1126410,-0.43334399999999995,-0.528748,-1.4459440000000001,-102.655,-219.7825,-25.2175
10233,1126506,-0.373076,-0.135176,-1.175592,-66.2025,-190.8025,-16.3975
10234,1126602,-0.037332,-0.296216,-1.1953559999999999,-7.8925,-173.5475,0.21
10235,1126698,0.41723999999999994,-0.655628,-1.35664,30.4325,-179.62,19.9675
10236,1126794,0.727608,-0.9115840000000001,-1.383724,31.0625,-214.0425,33.985
10237,1126891,0.7812880999999999,-0.9467200000000001,-1.250744,-1.2425,-262.29,39.655
10238,1126987,0.75762,-0.730536,-1.028216,-42.0175,-305.6375,39.4275
10239,1127083,0.7200439999999999,-0.486292,-0.836676,-66.4475,-337.54,39.34
10240,1127179,0.7390760000000001,-0.333548,-0.7034521,-67.7425,-358.5925,42.455
10241,1127275,0.785192,-0.263764,-0.612684,-54.425,-371.1575,47.1975
10242,1127372,0.840824,-0.264496,-0.557296,-36.155,-380.0475,52.15
10243,1127468,0.9198799999999999,-0.30182800000000004,-0.558272,-18.69,-385.875,56.28
10244,1127564,1.006744,-0.365512,-0.554124,-6.02,-390.215,59.045
10245,1127660,1.071648,-0.4023561,-0.5636399999999999,0.8925,-393.855,60.1475
10246,1127756,1.135576,-0.393328,-0.558272,5.4075,-395.3425,60.1475
10247,1127853,1.181448,-0.378444,-0.5607121,11.48,-394.03,59.955
10248,1127949,1.3346799999999999,-0.500688,-0.509716,22.6625,-389.69,60.9
10249,1128045,1.359324,-0.41577600000000003,-0.5648601,31.15,-382.1475,64.26
10250,1128141,1.42862,-0.5165481,-0.61732,47.18,-372.7325,70.98001
10251,1128237,1.459608,-0.681736,-0.64172,58.135,-362.005,81.55001
10252,1128334,1.485228,-0.8378960999999999,-0.754692,55.335,-347.0425,94.36
10253,1128430,1.753872,-0.9357401,-0.9825879999999999,43.575,-328.825,107.87
10254,1128526,2.22772,-0.9911281,-1.275876,33.3725,-316.54,125.5625
10255,1128622,2.7020560000000002,-1.0126,-1.468148,27.4575,-319.305,149.52
10256,1128718,2.995344,-1.073844,-1.449848,23.485,-336.875,175.595
10257,1128815,3.022184,-1.067744,-1.193892,15.33,-357.4725,196.6475
10258,1128911,2.82918,-0.47775200000000007,-0.841556,1.365,-366.765,212.5725
10259,1129007,2.856996,0.03416,-0.62952,9.975,-353.2025,237.2825
10260,1129103,3.0163279999999997,0.09979600000000001,-0.259128,45.3425,-329.42,261.555
10261,1129199,3.152724,0.200568,0.209108,63.035,-298.7775,267.155
10262,1129296,3.2183599999999997,0.401868,0.898652,56.5775,-265.755,253.9775
10263,1129392,3.115636,0.798124,1.82634,34.5975,-228.8125,215.2675
10264,1129488,3.101972,1.481568,2.4319479999999998,27.23,-178.6225,143.465
10265,1129584,3.3759839999999994,1.814872,2.454884,66.8675,-117.1625,61.985
10266,1129680,3.191032,0.989664,2.222108,121.0825,-61.0575,0.7175
10267,1129777,2.78282,0.142252,1.72508,105.84,-12.8275,-56.9275
10268,1129873,2.633736,0.0183,0.944768,22.995,31.99,-119.63
10269,1129969,1.96176,-1.092876,1.053348,-40.985,71.155,-165.6025
10270,1130065,-0.9703879999999999,-0.8718120999999999,1.537444,-189.9625,168.175,-229.6875
10271,1130161,0.582916,1.4896200000000002,-2.356552,-303.1525,261.1875,-285.39
10272,1130258,0.8957241,1.6887240000000001,-2.001776,-150.5875,292.705,-171.43
10273,1130354,2.331664,0.486048,-1.149728,31.5175,306.0575,-35.9625
10274,1130450,3.7724839999999995,1.47864,-2.697664,0.14,308.6825,-63.665
10275,1130546,2.738168,0.42456000000000005,-1.525488,21.56,219.7475,-76.895
10276,1130643,0.778116,-0.014152000000000001,-0.9198799999999999,3.6575,145.25,-86.9925
10277,1130739,-0.00366,-0.411872,-0.46506400000000003,17.8325,140.665,-75.2325
10278,1130835,3.054148,-2.762568,-1.6704240000000001,16.73,162.015,-57.645
10279,1130931,1.520364,-0.22814,-0.71004,-81.4275,102.235,-46.3575
10280,1131027,0.755912,0.5724239999999999,-1.25904,-92.61001,73.465,-42.4725
10281,1131124,1.0582280000000002,-0.753472,-0.869616,-58.0125,62.0375,-39.165
10282,1131220,0.5463161,-0.236436,-0.7983680000000001,-65.59,46.9175,-35.455
10283,1131316,0.898164,-0.061975999999999996,-1.060668,-67.515,43.8025,-32.3575
10284,1131412,0.651968,-0.21472,-0.834968,-54.7225,29.2775,-31.78
10285,1131508,0.6304960000000001,-0.205692,-0.8740081000000001,-42.245,24.8675,-25.4975
10286,1131605,0.720532,-0.09906401,-0.918416,-33.4775,25.8825,-20.37
10287,1131701,0.6600201,-0.17446,-0.8781559999999999,-21.28,20.3525,-16.9925
10288,1131797,0.65514,-0.066124,-0.846924,-13.685,18.3575,-14.35
10289,1131893,0.6222,-0.10931199999999999,-0.837408,-3.045,16.9575,-9.835
10290,1131989,0.593896,-0.13176,-0.8210601000000001,4.375,16.73,-6.44
10291,1132086,0.59902,-0.144448,-0.812276,8.2075,17.885,-4.83
10292,1132182,0.613904,-0.10906800000000001,-0.803248,10.78,18.935,-4.165
10293,1132278,0.6156119999999999,-0.1037,-0.7659161,13.055,19.705,-2.5375
10294,1132374,0.58194,-0.125416,-0.792024,11.1475,20.8775,-1.995
10295,1132470,0.578036,-0.227408,-0.773724,10.7275,23.38,-2.52
10296,1132567,0.5917,-0.20691199999999998,-0.77836,10.115,26.075,-4.48
10297,1132663,0.5958479999999999,-0.19885999999999998,-0.788608,10.3075,29.5575,-4.69
10298,1132759,0.61366,-0.254736,-0.7673800000000001,11.62,31.3425,-5.39
10299,1132855,0.6441600000000001,-0.188124,-0.755912,11.725,31.7275,-8.435
10300,1132952,0.628788,-0.125172,-0.7869,17.5875,30.6425,-10.535
10301,1133048,0.6505041,-0.176656,-0.733708,24.2375,30.765,-10.185
10302,1133144,0.638792,-0.160064,-0.7422481,21.84,32.1475,-8.8375
10303,1133240,0.5936520000000001,-0.231312,-0.729316,17.15,35.1925,-7.4025
10304,1133336,0.6588,-0.13908,-0.740296,9.03,40.7225,-6.3
10305,1133433,0.6317159999999999,-0.211548,-0.702232,9.5725,41.2475,-6.3175
10306,1133529,0.6390359999999999,-0.244732,-0.725168,3.6925,42.805,-10.395
10307,1133625,0.658556,-0.293288,-0.709064,1.1375,42.315,-16.52
10308,1133721,0.6790520999999999,-0.269376,-0.693448,-2.3275,41.195,-23.24
10309,1133817,0.690764,-0.221308,-0.681736,-3.2375,39.1125,-29.0675
10310,1133914,0.6822239999999999,-0.190076,-0.7044279999999999,-0.9625,37.345,-32.6375
10311,1134010,0.7107720000000001,-0.115656,-0.69052,1.82,38.185,-34.16
10312,1134106,0.676856,-0.06929600000000001,-0.701256,7.0525,40.11,-33.145
10313,1134202,0.690032,-0.062220000000000004,-0.7041841,12.11,44.45,-29.715
10314,1134298,0.6795401,-0.099552,-0.671244,16.5725,49.455,-25.585
10315,1134395,0.659776,-0.08442401,-0.71492,17.78,55.055,-21.56
10316,1134491,0.6573359999999999,-0.149572,-0.7366361,15.68,61.985,-16.3625
10317,1134587,0.663924,-0.217892,-0.724924,11.165,71.505,-12.8975
10318,1134683,0.636108,-0.266936,-0.7478600000000001,11.2875,83.2475,-13.65
10319,1134779,0.659288,-0.193004,-0.748836,10.675,96.5825,-18.27
10320,1134876,0.680516,-0.156404,-0.71858,11.2875,111.58,-22.645
10321,1134972,0.671244,-0.08442401,-0.7381001,13.02,127.575,-23.17
10322,1135068,0.621468,-0.10004,-0.7407841,14.14,144.2525,-20.37
10323,1135164,0.6124400999999999,-0.139324,-0.731024,13.4575,162.3125,-21.0
10324,1135260,0.532408,-0.225212,-0.7232161,10.43,183.3125,-27.16
10325,1135357,0.487756,-0.285968,-0.7007680000000001,9.3625,209.51,-32.2
10326,1135453,0.634644,-0.27889200000000003,-0.9152440000000001,8.855,251.51,-33.3025
10327,1135549,0.9779521000000001,-0.51484,-0.879376,-10.1675,283.955,-55.8425
10328,1135645,0.346236,-0.373808,-0.658556,-13.825,350.0,-83.86001
10329,1135741,1.575752,-0.283528,-0.625372,-33.285,428.855,-99.7675
10330,1135838,0.966728,-0.17519200000000001,-1.3620079999999999,-13.58,525.4725,-97.755
10331,1135934,1.8117,-0.093696,-1.41764,46.69,560.735,-91.8575
10332,1136030,1.6696919999999997,-0.70638,-1.361764,111.0025,572.3375,-90.63251
10333,1136126,2.5378439999999998,-0.913292,-2.038376,106.225,572.775,-121.5375
10334,1136223,2.5114919999999996,-0.5914560000000001,-1.29808,111.6325,548.59,-160.5625
10335,1136319,4.7092,-0.7986121,-1.7460639999999998,172.235,532.35,-154.35
10336,1136415,3.7007480000000004,-0.8930401,-2.579812,249.9875,551.88,-71.3475
10337,1136511,2.215032,-1.9600520000000001,-2.79014,231.1225,436.73,-63.07
10338,1136607,3.7632120000000002,-3.645604,-3.167852,96.0225,204.68,-87.53501
10339,1136704,2.5861560000000003,-2.330932,-3.9347440000000002,-75.74,-11.1475,-35.1575
10340,1136800,0.23448400000000003,-1.15168,-1.8304880000000001,-157.6575,-193.3225,0.105
10341,1136896,-0.163724,-0.278404,-1.496208,-147.8925,-215.04,16.8525
10342,1136992,-0.148596,0.07417601,-1.1953559999999999,-84.455,-208.705,26.4425
10343,1137088,0.16714,-0.13298,-1.20292,-1.5575,-205.8875,43.47
10344,1137185,0.48995200000000005,-0.518988,-1.24196,48.9125,-222.4075,58.9925
10345,1137281,0.6502600000000001,-0.8261841000000001,-1.185352,52.01,-256.62,64.3125
10346,1137377,0.7598161,-0.8852321,-1.067256,18.83,-294.91,60.8125
10347,1137473,0.8178880999999999,-0.7278521,-0.9186601000000001,-22.5225,-330.0325,55.1775
10348,1137569,0.8252079999999999,-0.51362,-0.758596,-50.2425,-359.5375,52.57
10349,1137666,0.8378960999999999,-0.382592,-0.6439159999999999,-55.685,-381.08,54.1625
10350,1137762,0.868884,-0.34526,-0.5604680000000001,-45.85,-394.52,58.0825
10351,1137858,0.954528,-0.351116,-0.546072,-32.3925,-403.0075,62.1425
10352,1137954,1.021872,-0.393816,-0.528504,-21.2975,-409.3775,65.50251
10353,1138050,1.064084,-0.414312,-0.52704,-14.63,-413.6825,67.3925
10354,1138147,1.10532,-0.388936,-0.52582,-10.43,-415.2575,66.57
10355,1138243,1.148996,-0.35087199999999996,-0.515572,-2.6425,-413.1925,64.4525
10356,1138339,1.203408,-0.32574000000000003,-0.5072760000000001,12.11,-407.0325,62.3875
10357,1138435,1.328336,-0.343552,-0.52704,33.7925,-397.4425,62.6325
10358,1138531,1.4903520000000001,-0.498004,-0.569984,57.7675,-385.77,68.3025
10359,1138628,1.59332,-0.746396,-0.65758,72.905,-373.695,78.33
10360,1138724,1.701412,-0.9650200999999999,-0.7705521,71.6975,-362.4075,91.9625
10361,1138820,1.807796,-1.079212,-0.8940161,55.0025,-351.3475,108.2025
10362,1138916,2.012268,-1.118008,-1.048224,33.2675,-341.18,125.895
10363,1139012,2.263832,-1.072136,-1.179984,17.08,-334.9675,145.0925
10364,1139109,2.445368,-0.989908,-1.2251239999999999,11.06,-334.0925,165.7775
10365,1139205,2.5183240000000002,-0.9464761,-1.167784,15.505,-334.8275,187.005
10366,1139301,2.550288,-0.8996280999999999,-1.054812,24.535,-331.73,205.905
10367,1139397,2.6044560000000003,-0.6980841,-0.9086559999999999,30.94,-322.4725,220.395
10368,1139493,2.7528080000000004,-0.081252,-0.865468,41.86,-306.8625,239.61
10369,1139590,2.811368,-0.043432,-0.515328,74.7425,-290.29,269.3775
10370,1139686,2.8784680000000002,-0.0366,0.044896,89.1625,-270.83,284.7075
10371,1139782,3.093188,0.102724,0.869616,64.34751,-242.4275,273.14
10372,1139878,3.232756,0.71614,1.7511880000000002,17.43,-208.5475,227.045
10373,1139975,3.3918440000000003,1.6089360000000001,2.33386,0.2625,-163.31,157.8675
10374,1140071,3.125884,1.676768,2.556388,48.65,-107.905,95.305
10375,1140167,2.589084,0.7227279999999999,2.291648,96.53,-40.25,41.1075
10376,1140263,2.568832,-0.015616,1.497916,61.8975,30.5725,-20.51
10377,1140359,2.6581360000000003,0.10687200000000001,0.506788,-26.18,76.9825,-73.5175
10378,1140456,1.755336,-0.5158159999999999,0.8108121,-87.185,99.24251,-100.905
10379,1140552,-1.1070280000000001,-0.640012,2.496608,-208.18,192.9025,-156.905
10380,1140648,-0.302316,2.646424,-1.412028,-319.0425,308.455,-238.175
10381,1140744,1.790472,2.460252,-3.187616,-153.055,399.2275,-168.2975
10382,1140840,4.199484,0.5063,-1.56892,82.2325,380.2225,-46.095
10383,1140937,4.605012,1.330776,-3.037312,19.88,321.3875,-70.35
10384,1141033,2.38266,0.16201600000000002,-1.512068,37.66,207.445,-78.8725
10385,1141129,0.416508,-0.389424,-0.7793359999999999,15.575,145.425,-84.15751
10386,1141225,-0.09711201,-0.25522399999999995,-0.361852,22.3475,147.8925,-73.535
10387,1141321,3.246664,-2.844796,-1.53598,17.5,169.19,-58.345
10388,1141418,1.492304,-0.194468,-0.8105680000000001,-88.4975,97.28251,-53.305
10389,1141514,0.683932,0.5546121,-1.191452,-97.895,70.315,-53.34
10390,1141610,1.00284,-0.859856,-0.8105680000000001,-65.7825,63.245,-48.2125
10391,1141706,0.5267960999999999,-0.205204,-0.777872,-75.635,54.6,-41.44
10392,1141802,0.9525761,-0.05172801,-1.126792,-79.975,51.8875,-38.745
10393,1141899,0.5980439999999999,-0.209108,-0.828624,-66.78,34.685,-39.3575
10394,1141995,0.69296,-0.11345999999999999,-0.9496479999999999,-54.39,31.7625,-31.6925
10395,1142091,0.821304,0.03172,-1.01016,-40.7225,29.9425,-23.4325
10396,1142187,0.5914560000000001,-0.179096,-0.8132520999999999,-20.335,22.015,-17.325
10397,1142283,0.676856,-0.040260000000000004,-0.868884,-13.895,21.3675,-13.93
10398,1142380,0.638548,-0.123708,-0.833992,-5.95,19.425,-10.955
10399,1142476,0.634644,-0.136884,-0.815448,0.805,18.8475,-8.68
10400,1142572,0.628544,-0.127368,-0.8076399999999999,4.445,19.8275,-7.525
10401,1142668,0.6263479999999999,-0.090768,-0.777384,7.9975,20.335,-5.95
10402,1142764,0.6080479999999999,-0.069052,-0.781532,11.5325,21.315,-2.66
10403,1142861,0.577548,-0.104676,-0.809836,14.7,23.8175,1.8725
10404,1142957,0.5690081,-0.22106399999999998,-0.783728,17.5175,27.3175,3.2375
10405,1143053,0.576084,-0.221308,-0.777628,16.9225,32.655,1.33
10406,1143149,0.60512,-0.215452,-0.7732359999999999,15.4875,37.6425,-0.2625
10407,1143245,0.650748,-0.183732,-0.7600600000000001,15.2775,39.165,-1.47
10408,1143342,0.621712,-0.068564,-0.803736,20.2125,38.6225,-2.065
10409,1143438,0.609268,-0.253272,-0.73078,30.9575,39.0425,-2.3275
10410,1143534,0.576084,-0.298168,-0.7107720000000001,27.5275,42.8225,-3.955
10411,1143630,0.634156,-0.17616800000000002,-0.75884,13.1075,50.3825,-6.58
10412,1143727,0.621224,-0.274744,-0.7005239999999999,10.1325,53.165,-9.345
10413,1143823,0.686128,-0.209108,-0.698328,5.67,54.1275,-12.7925
10414,1143919,0.6724640000000001,-0.29792399999999997,-0.6844201,2.275,52.605,-17.535
10415,1144015,0.697108,-0.266936,-0.691008,-2.835,50.5225,-22.9075
10416,1144111,0.7285841,-0.237168,-0.6573359999999999,-4.0775,46.935,-27.5625
10417,1144208,0.741272,-0.17324,-0.6451359999999999,-3.8325,43.61,-31.1325
10418,1144304,0.713212,-0.179096,-0.653432,-2.5375,38.99,-33.1275
10419,1144400,0.714676,-0.122732,-0.66978,-2.275,38.29,-32.8125
10420,1144496,0.7095520000000001,-0.093696,-0.66856,1.1725,39.025,-30.52
10421,1144592,0.70516,-0.056852,-0.688812,6.09,41.79,-26.7575
10422,1144689,0.6895439999999999,-0.082716,-0.6822239999999999,9.905,46.1125,-21.315
10423,1144785,0.69296,-0.11248399999999999,-0.68686,11.3575,51.9575,-16.765
10424,1144881,0.6832,-0.166164,-0.693448,11.83,58.2925,-14.4375
10425,1144977,0.6893,-0.178852,-0.6707561,12.67,65.38,-14.1925
10426,1145073,0.7129681,-0.12712400000000001,-0.696132,12.04,72.8175,-13.6325
10427,1145170,0.730536,-0.10760399999999999,-0.6917399999999999,11.34,80.4125,-10.9725
10428,1145266,0.69296,-0.153476,-0.7134560999999999,11.9875,89.39,-8.155
10429,1145362,0.702964,-0.168604,-0.7107720000000001,13.1775,100.9925,-8.2425
10430,1145458,0.678076,-0.165432,-0.706136,12.6525,114.3975,-10.08
10431,1145554,0.6790520999999999,-0.155428,-0.676612,9.415,128.4325,-13.1425
10432,1145651,0.692228,-0.132736,-0.6902761,4.725,144.13,-15.4
10433,1145747,0.630008,-0.190076,-0.668072,-1.4175,159.7925,-15.5225
10434,1145843,0.58194,-0.245464,-0.614392,0.2275,181.6325,-12.6
10435,1145939,0.66368,-0.254736,-0.801784,-3.6925,213.08,-14.0525
10436,1146035,0.792756,-0.40577199999999997,-0.677588,-19.285,231.77,-31.955
10437,1146132,0.7329760000000001,-0.344528,-0.6958880000000001,-28.0,279.965,-52.5
10438,1146228,1.1838879999999998,-0.25424800000000003,-0.680516,-40.495,331.38,-70.4025
10439,1146324,0.7007680000000001,-0.149084,-0.677832,-37.31,408.695,-68.74
10440,1146420,1.313208,-0.128832,-1.12362,-24.465,484.2075,-63.6125
10441,1146517,1.7204439999999999,-0.371612,-1.095316,24.36,512.295,-57.645
10442,1146613,1.7516759999999998,-0.335744,-0.9720960999999999,56.2275,540.435,-68.39
10443,1146709,2.466596,-0.508984,-1.5799,61.425,558.7924,-88.7425
10444,1146805,2.178676,-0.5502199999999999,-1.6865279999999998,95.4275,521.99,-99.19001
10445,1146901,3.774924,-0.8581479999999999,-1.163392,139.0375,483.4025,-108.185
10446,1146998,3.057808,-0.6029241,-1.9886,195.5975,524.405,-73.465
10447,1147094,3.1146599999999998,-0.883036,-2.519788,222.915,501.2875,-46.6375
10448,1147190,1.8153599999999999,-1.5664799999999999,-2.80112,187.11,324.0475,-61.74
10449,1147286,4.340516,-2.1469560000000003,-3.852028,92.55751,113.6975,-70.6125
10450,1147382,1.7768080000000002,-1.57746,-2.697664,-8.19,-89.495,-49.9275
10451,1147479,0.472384,-0.9557479999999999,-1.597712,-74.865,-224.035,-51.0475
10452,1147575,0.10052799999999999,-0.462868,-1.222928,-88.55,-230.1775,-56.7
10453,1147671,0.050508,-0.208132,-0.9940559999999999,-63.9275,-224.0,-57.8025
10454,1147767,0.30134,-0.39284,-1.044808,-19.0925,-215.18,-42.4375
10455,1147863,0.6785640000000001,-0.6514800000000001,-1.160708,13.965,-224.665,-20.3
10456,1147960,0.8818159999999999,-0.897432,-1.147532,19.46,-256.8475,0.105
10457,1148056,0.8945040000000001,-0.9320801,-1.012844,-2.4675,-298.0075,13.3175
10458,1148152,0.8335040000000001,-0.75274,-0.8371639999999999,-30.6075,-332.9025,21.665
10459,1148248,0.733464,-0.535824,-0.662216,-47.1975,-357.665,29.0325
10460,1148344,0.719312,-0.38503200000000004,-0.5504641,-45.185,-370.755,37.8525
10461,1148441,0.745664,-0.3294,-0.487756,-30.59,-375.9,47.915
10462,1148537,0.8281360999999999,-0.320372,-0.474092,-12.18,-378.1225,56.945
10463,1148633,0.9242720999999999,-0.377956,-0.483364,3.7975,-379.54,64.4875
10464,1148729,0.9857600000000001,-0.431392,-0.481412,12.355,-381.5175,68.8275
10465,1148825,1.047248,-0.43651599999999996,-0.48385200000000006,14.805,-382.2875,69.9125
10466,1148922,1.066036,-0.4023561,-0.47336000000000006,16.835,-380.9575,69.3525
10467,1149018,1.093364,-0.369904,-0.459696,23.8525,-375.865,68.9325
10468,1149114,1.1807159999999999,-0.39405999999999997,-0.459696,37.2575,-367.29,69.80751
10469,1149210,1.245376,-0.48312,-0.49288000000000004,53.62,-356.5625,74.3225
10470,1149307,1.369084,-0.649528,-0.573156,66.3775,-344.015,83.475
10471,1149403,1.453508,-0.7564001,-0.6763680000000001,66.6575,-332.01,96.4425
10472,1149499,1.560624,-0.8047121,-0.8569280999999999,57.2775,-321.1075,111.7725
10473,1149595,1.755824,-0.75762,-1.037488,46.41,-312.8475,128.4325
10474,1149691,2.0051919999999996,-0.686616,-1.20658,42.8925,-309.89,146.7725
10475,1149788,2.280424,-0.647332,-1.303936,47.88,-314.055,165.725
10476,1149884,2.485384,-0.685396,-1.3083280000000002,54.88,-324.625,181.4925
10477,1149980,2.588108,-0.733464,-1.230492,55.4225,-337.0675,190.96
10478,1150076,2.593964,-0.66978,-1.053836,48.3875,-346.5525,194.7225
10479,1150172,2.4927040000000003,-0.036356,-0.9103641,40.5825,-345.38,200.585
10480,1150269,2.629588,0.239608,-0.72712,61.7575,-328.9125,221.55
10481,1150365,2.760128,0.315004,-0.35526399999999997,95.48,-308.8575,238.735
10482,1150461,2.945568,0.325008,0.101748,110.9675,-282.555,239.435
10483,1150557,3.050488,0.39113200000000004,0.8274040000000001,95.13,-255.2725,218.8025
10484,1150653,2.969236,0.7944641,1.672132,54.0575,-224.49,164.9375
10485,1150750,3.012912,1.603812,2.1813599999999997,29.995,-177.2925,84.6125
10486,1150846,3.099776,1.80072,2.2875,68.18,-117.6175,13.7025
10487,1150942,2.8260080000000003,0.807884,2.0112919999999996,120.19,-57.12,-32.2875
10488,1151038,2.679364,0.034404000000000004,1.455704,97.07251,-0.2975,-77.1575
10489,1151134,2.047892,-1.073356,1.230492,22.5225,48.44,-123.375
10490,1151231,0.7761640999999999,-2.012756,2.353624,-144.62,148.0675,-195.2825
10491,1151327,0.93086,1.98006,-0.582916,-345.8875,248.1675,-274.61
10492,1151423,1.469368,1.616744,-3.25252,-229.4075,296.1,-206.4125
10493,1151519,1.72508,0.663924,-1.21268,-33.11,283.01,-46.7425
10494,1151615,3.3506080000000003,1.6352879999999999,-2.110112,-37.1875,307.125,-63.7175
10495,1151712,3.138084,0.7356600000000001,-2.084248,-19.9675,252.42,-75.0575
10496,1151808,1.034316,0.128832,-0.976,-5.215,168.525,-80.97251
10497,1151904,-0.002196,-0.46457600000000004,-0.363804,-2.0825,153.9125,-87.9375
10498,1152000,0.758352,-0.755424,-0.652456,15.26,174.16,-61.145
10499,1152097,3.1046560000000003,-1.952,-1.3383399999999999,-28.7,167.5975,-58.59
10500,1152193,1.076284,0.6675840000000001,-1.131672,-113.19,91.6475,-56.07
10501,1152289,0.793244,0.21228000000000002,-1.0706719999999998,-91.4725,74.34,-54.18
10502,1152385,0.856196,-0.8945040000000001,-0.765428,-76.1775,55.8775,-54.8275
10503,1152481,0.7881199999999999,0.09516001,-1.115324,-90.615,44.8525,-50.1025
10504,1152578,0.662216,-0.17202,-0.8791321,-79.8875,33.845,-47.25
10505,1152674,0.7278521,-0.176656,-0.9691681000000001,-58.905,26.9325,-38.535
10506,1152770,0.762744,0.057828,-0.9145120999999999,-45.22,24.8675,-28.9625
10507,1152866,0.6688041,-0.16835999999999998,-0.84424,-23.45,19.285,-19.6525
10508,1152962,0.6836880999999999,-0.00976,-0.853512,-16.31,18.4275,-14.315
10509,1153059,0.652212,-0.118584,-0.823256,-6.615,17.0625,-10.0625
10510,1153155,0.64782,-0.12248800000000001,-0.81252,-1.435,17.0275,-7.6125
10511,1153251,0.634644,-0.125416,-0.80276,0.525,17.9375,-6.7375
10512,1153347,0.6290319999999999,-0.127856,-0.787144,2.73,17.7975,-5.88
10513,1153444,0.627812,-0.11126400000000002,-0.785192,4.2525,17.6225,-4.83
10514,1153540,0.619028,-0.126392,-0.781776,6.6325,17.4825,-3.185
10515,1153636,0.61122,-0.101992,-0.783972,8.2075,17.8325,-1.6975
10516,1153732,0.60024,-0.1342,-0.796416,9.8525,18.8825,0.5425
10517,1153828,0.5997520000000001,-0.165676,-0.780068,11.9,20.7025,1.2775
10518,1153925,0.6036560999999999,-0.1525,-0.787632,12.915,23.1,0.105
10519,1154021,0.628544,-0.152988,-0.7625,12.53,25.76,-0.4725
10520,1154117,0.6539201,-0.15201199999999998,-0.739564,11.9875,26.39,-0.875
10521,1154213,0.650016,-0.14518,-0.745664,11.3225,25.375,-2.03
10522,1154309,0.6178081,-0.141032,-0.758596,11.9875,24.1675,-4.0775
10523,1154406,0.5978,-0.293044,-0.7537159999999999,15.12,25.0775,-6.125
10524,1154502,0.649528,-0.135176,-0.783972,7.4375,30.1875,-8.785
10525,1154598,0.630252,-0.21838000000000002,-0.7317560000000001,6.825,32.9,-10.5
10526,1154694,0.6505041,-0.176656,-0.733464,5.0225,34.8425,-12.705
10527,1154790,0.658068,-0.167628,-0.726144,4.2175,36.4175,-14.8225
10528,1154887,0.68198,-0.157136,-0.7171161,2.87,38.36,-15.6975
10529,1154983,0.671976,-0.160552,-0.713212,3.5525,39.13,-15.82
10530,1155079,0.6736840000000001,-0.163236,-0.7088201,3.78,40.3025,-16.0125
10531,1155175,0.6844201,-0.144204,-0.708332,4.13,41.8425,-16.765
10532,1155272,0.677344,-0.14688800000000002,-0.69906,4.7775,43.155,-17.3775
10533,1155368,0.679784,-0.12932000000000002,-0.7019880000000001,6.0375,45.1675,-17.22
10534,1155464,0.674416,-0.13908,-0.7129681,8.5225,48.1075,-17.045
10535,1155560,0.6724640000000001,-0.1403,-0.693448,10.2375,52.5525,-17.15
10536,1155656,0.69784,-0.10418800000000002,-0.6917399999999999,11.4625,57.5925,-16.6775
10537,1155753,0.6973520000000001,-0.06832001,-0.692472,12.8975,61.8625,-14.1225
10538,1155849,0.7137001000000001,-0.074664,-0.698816,13.5625,67.025,-9.695
10539,1155945,0.7041841,-0.13542,-0.690032,14.7175,72.695,-5.5475
10540,1156041,0.700036,-0.17763199999999998,-0.6822239999999999,15.715,78.435,-4.095
10541,1156137,0.668316,-0.19983599999999999,-0.6939361,16.485,84.77,-5.425
10542,1156234,0.681492,-0.158112,-0.683932,17.15,93.2575,-7.8575
10543,1156330,0.701256,-0.13151600000000002,-0.693204,17.3075,104.0725,-10.5
10544,1156426,0.644404,-0.171044,-0.6973520000000001,17.045,115.6225,-12.075
10545,1156522,0.624396,-0.205204,-0.7105279999999999,16.5725,129.99,-18.725
10546,1156618,0.580476,-0.23521599999999998,-0.7422481,16.8875,149.275,-29.47
10547,1156715,0.564372,-0.279624,-0.7829961,18.935,174.86,-40.6875
10548,1156811,0.5221600000000001,-0.250344,-0.727608,28.875,210.2275,-47.6175
10549,1156907,0.7849480999999999,-0.219844,-0.9010921000000001,36.9775,258.2475,-55.475
10550,1157003,1.1163,-0.397476,-0.863028,36.7325,299.635,-76.02
10551,1157100,0.39967199999999997,-0.45457200000000003,-0.6380600000000001,69.73751,372.1375,-100.94
10552,1157196,1.897832,-0.327448,-1.35176,87.71,439.6,-124.5475
10553,1157292,1.447408,-0.329156,-1.3139399999999999,154.49,493.605,-125.1075
10554,1157388,1.653344,-0.690032,-1.47254,183.19,509.3025,-137.7425
10555,1157484,2.3028720000000003,-0.9242720999999999,-1.7702200000000001,173.1625,492.205,-164.5875
10556,1157581,2.793556,-0.6058520000000001,-1.236836,172.935,470.6625,-187.1625
10557,1157677,2.802828,-0.288652,-2.0047040000000003,205.52,484.8725,-163.835
10558,1157773,2.657892,-0.42748800000000003,-1.625772,254.1525,454.965,-134.1025
10559,1157869,1.5969799999999998,-0.681736,-2.0691200000000003,262.0975,368.1125,-132.2825
10560,1157965,2.53882,-1.48474,-2.539308,257.355,200.13,-129.57
10561,1158062,2.554924,-2.0571639999999998,-3.4138040000000003,184.1175,37.1175,-107.5725
10562,1158158,0.593164,-1.6548080000000003,-1.691164,113.435,-123.69,-74.04251
10563,1158254,0.046116000000000004,-1.316624,-1.19316,55.195,-170.695,-36.61
10564,1158350,-0.109556,-0.913048,-0.831308,25.8825,-171.2725,6.3
10565,1158446,-0.000976,-0.6392800000000001,-0.773968,19.3025,-168.21,52.465
10566,1158543,0.15982000000000002,-0.441884,-0.821304,26.1625,-170.2225,101.7275
10567,1158639,0.26913200000000004,-0.298168,-0.847412,32.9525,-181.3525,146.1425
10568,1158735,0.394548,-0.160552,-0.8842561,32.5675,-195.8775,177.6425
10569,1158831,0.518012,0.023912,-0.9198799999999999,25.4975,-213.815,195.02
10570,1158927,0.5856,0.24644000000000002,-0.8998719999999999,17.36,-234.43,201.39
10571,1159024,0.599264,0.503128,-0.8701040000000001,16.73,-254.6425,201.425
10572,1159120,0.7078439999999999,0.7227279999999999,-0.885476,30.5375,-269.9725,199.71
10573,1159216,0.8254520000000001,0.752984,-0.9189040999999999,57.085,-286.0725,196.0525
10574,1159312,0.9269561,0.6392800000000001,-0.93696,82.0225,-304.2025,188.93
10575,1159409,1.004548,0.5463161,-0.942816,91.63,-321.86,175.8225
10576,1159505,1.051152,0.525332,-0.906216,87.6225,-336.9625,158.6025
10577,1159601,1.08092,0.5441199999999999,-0.8845,79.905,-347.445,139.615
10578,1159697,1.1690040000000002,0.563396,-0.9052401,75.9325,-353.71,120.33
10579,1159793,1.259528,0.5587601,-0.936472,77.455,-359.38,101.9375
10580,1159890,1.3329719999999998,0.5575399999999999,-0.9803921,82.4425,-365.96,85.12
10581,1159986,1.3590799999999998,0.5458281,-0.987956,90.125,-372.225,70.105
10582,1160082,1.378356,0.48995200000000005,-1.0201639999999998,99.31251,-375.6025,56.6125
10583,1160178,1.4396,0.387716,-1.106296,106.365,-375.9875,44.24
10584,1160274,1.532076,0.260104,-1.2317120000000001,108.465,-375.235,33.425
10585,1160371,1.669448,0.149084,-1.3327280000000001,104.895,-375.515,25.41
10586,1160467,1.7748560000000002,0.12566,-1.381528,97.1075,-376.4775,21.5425
10587,1160563,1.927844,0.310368,-1.455948,91.8575,-373.8175,23.6075
10588,1160659,2.143052,0.518256,-1.5189,103.04,-368.76,33.95
10589,1160755,2.335568,0.44408000000000003,-1.455948,125.93,-365.925,43.3125
10590,1160852,2.4817240000000003,0.248148,-1.298812,134.4175,-361.83,43.2775
10591,1160948,2.5110040000000002,0.149084,-1.013088,116.4275,-352.9925,34.09
10592,1161044,2.4090119999999997,0.266204,-0.5636399999999999,80.29,-336.5425,19.1275
10593,1161140,2.296528,0.525088,0.05612,48.4925,-308.1925,0.7525
10594,1161236,2.310192,0.8903561,0.7903161,34.1425,-268.31,-26.04
10595,1161333,2.780136,1.575508,1.299788,46.2175,-219.24,-65.415
10596,1161429,3.0951400000000002,1.94712,1.674816,99.435,-174.72,-102.3575
10597,1161525,2.826496,1.413248,1.7873,152.425,-133.7525,-124.2325
10598,1161621,2.4687919999999997,0.800076,1.430816,124.1975,-81.46251,-151.165
10599,1161718,2.0413040000000002,0.46433199999999997,0.869616,33.0575,-29.3475,-199.9725
10600,1161814,1.675548,-0.437492,1.14192,-83.1775,41.755,-295.8725
10601,1161910,1.522804,-0.07076001,-0.915732,-205.17,100.2225,-420.8575
10602,1162006,0.659044,-1.1448479999999999,-2.060092,-216.86,95.9,-449.05
10603,1162103,-0.355508,-1.017724,-0.8954801,-200.655,87.2025,-383.985
10604,1162199,0.298412,-1.90808,-0.071004,-131.915,158.2525,-259.5775
10605,1162295,3.222752,-0.6558721,-1.815848,-121.6075,240.45,-118.1425
10606,1162391,2.057896,1.135332,-1.546716,-119.245,200.9525,-26.1625
10607,1162487,0.18544000000000002,1.18584,-0.8203280000000001,-102.3925,163.975,-1.82
10608,1162584,-0.08052000000000001,0.354288,-0.6771,-64.8025,172.445,-4.0075
10609,1162680,2.046916,-0.8383841000000001,-1.2871,-99.2075,173.6875,-41.2825
10610,1162776,2.9441040000000003,1.1385040000000002,-2.393396,-157.5525,125.0725,-67.9175
10611,1162872,0.5165481,0.267424,-0.6649,-99.5575,48.1075,-61.5125
10612,1162968,0.984784,-0.321592,-0.8744960999999999,-27.7725,27.7725,-32.1825
10613,1163065,0.8149601,0.136884,-0.984296,-24.6925,28.1925,-18.4625
10614,1163161,0.742492,-0.205936,-0.813496,-6.965,22.9775,-13.8425
10615,1163257,0.8283799999999999,0.007076001,-0.801296,-4.7075,23.2575,-9.94
10616,1163353,0.6883239999999999,-0.02806,-0.8244761,4.06,17.535,-3.745
10617,1163449,0.665632,-0.027083999999999997,-0.818132,7.14,17.0625,0.5075
10618,1163546,0.640256,-0.076616,-0.8095920999999999,11.1475,17.85,3.0975
10619,1163642,0.633668,-0.06929600000000001,-0.797148,14.3675,19.1625,5.0925
10620,1163738,0.6283,-0.09613601,-0.7869,17.955,20.8775,7.5425
10621,1163834,0.62952,-0.05172801,-0.798124,19.8975,22.5925,9.9925
10622,1163930,0.615124,-0.170068,-0.7671359999999999,23.59,23.9225,12.1275
10623,1164027,0.608536,-0.197152,-0.774456,24.08,25.9525,11.9
10624,1164123,0.5885281,-0.206668,-0.782752,24.115,28.315,10.255
10625,1164219,0.6058520000000001,-0.28377199999999997,-0.761524,25.165,31.57,8.12
10626,1164315,0.611952,-0.243024,-0.7622561,22.365,34.09,3.7275
10627,1164411,0.6058520000000001,-0.15006,-0.774212,24.4475,34.7025,-1.8375
10628,1164508,0.562176,-0.193004,-0.7639640999999999,34.5625,34.09,-8.435
10629,1164604,0.5489999999999999,-0.212036,-0.769088,45.0625,35.245,-17.745
10630,1164700,0.520452,-0.21838000000000002,-0.8025161,55.72,37.03,-30.415
10631,1164796,0.442616,-0.403332,-0.760792,70.105,41.055,-46.7075
10632,1164893,0.50508,-0.25961599999999996,-0.874252,81.27,50.3825,-69.1075
10633,1164989,0.48922,-0.338672,-0.8239880999999999,115.7275,52.255,-95.26999
10634,1165085,0.530212,-0.326228,-0.768356,153.055,56.175,-124.95
10635,1165181,0.5514399999999999,-0.398452,-0.721996,194.8975,54.2325,-156.0475
10636,1165277,0.6695361,-0.43602799999999997,-0.688812,231.525,49.525,-185.395
10637,1165374,0.681492,-0.395524,-0.5607121,261.5025,42.5075,-212.555
10638,1165470,0.7659161,-0.396256,-0.51484,286.4925,38.395,-234.5875
10639,1165566,0.8220360000000001,-0.345992,-0.446032,304.3075,33.8975,-252.42
10640,1165662,0.8554641,-0.357216,-0.425292,319.515,27.9475,-265.44
10641,1165758,0.8949921000000001,-0.331596,-0.398208,330.3825,21.5425,-272.6325
10642,1165855,0.892308,-0.31646799999999997,-0.35233600000000004,331.975,14.105,-273.98
10643,1165951,0.9376921,-0.194712,-0.378444,323.785,8.8725,-269.5525
10644,1166047,0.9591639999999999,-0.119804,-0.359168,315.0,4.69,-259.5075
10645,1166143,0.9577,-0.086132,-0.373564,299.81,1.6275,-245.98
10646,1166239,0.9642879999999999,-0.02196,-0.41723999999999994,277.06,-1.5575,-231.2625
10647,1166336,0.942572,0.004636001,-0.454816,257.1625,-5.3025,-215.2675
10648,1166432,0.9145120999999999,-0.008540001,-0.477996,237.335,-10.4825,-198.87
10649,1166528,0.9150001,-0.034404000000000004,-0.49580799999999997,213.535,-16.7825,-182.91
10650,1166624,0.8996280999999999,-0.039528,-0.479704,187.11,-23.6425,-167.6325
10651,1166720,0.8410681000000001,-0.07002799999999999,-0.581208,162.26,-29.68,-151.9
10652,1166817,0.8188641,-0.023424,-0.6314721,134.645,-31.4475,-135.4325
10653,1166913,0.8113001,-0.011468,-0.647576,106.8375,-29.33,-119.4725
10654,1167009,0.8086161000000001,0.01708,-0.6439159999999999,87.3425,-23.1875,-105.84
10655,1167105,0.786412,-0.009272001,-0.655628,75.6525,-13.9825,-93.5725
10656,1167201,0.76494,-0.023912,-0.684176,65.765,-1.9075,-82.6175
10657,1167298,0.769576,-0.026351999999999997,-0.673928,55.8425,11.41,-72.31
10658,1167394,0.7549359999999999,-0.034404000000000004,-0.6834439999999999,46.41,25.4625,-62.9825
10659,1167490,0.741028,-0.049532,-0.7041841,36.4525,41.195,-54.565
10660,1167586,0.7266321,-0.09784401,-0.705892,24.4825,58.3625,-47.04
10661,1167682,0.692472,-0.15616,-0.7068681,9.905,77.54251,-44.0125
10662,1167779,0.7241920000000001,-0.17836400000000002,-0.720288,-4.83,101.3425,-45.955
10663,1167875,0.708576,-0.22814,-0.767868,-15.9075,129.465,-51.0825
10664,1167971,0.621468,-0.204716,-0.760304,-22.6625,157.885,-62.0375
10665,1168067,0.8405800999999999,-0.26718000000000003,-0.6527,-28.14,191.66,-78.225
10666,1168163,0.7622561,-0.207644,-0.7032079999999999,-24.675,236.9325,-92.1375
10667,1168260,1.719956,0.022692,-0.6375721,5.7925,285.075,-106.6975
10668,1168356,1.170468,-0.127368,-0.6675840000000001,83.265,356.6325,-114.3975
10669,1168452,1.426668,0.09394001,-0.677588,164.325,388.3425,-122.36
10670,1168548,1.8195080000000001,-0.5826720000000001,-0.9964959999999999,215.46,416.9375,-133.525
10671,1168644,2.203564,-0.8422879999999999,-1.630896,220.045,418.32,-154.875
10672,1168741,2.829424,-0.8752280000000001,-1.41276,187.6175,379.1375,-188.195
10673,1168837,3.018036,-0.576816,-1.555012,200.1825,364.035,-187.04
10674,1168933,2.507344,-0.469944,-1.8214599999999999,228.725,342.8075,-172.1825
10675,1169029,1.738012,-0.7537159999999999,-1.7233720000000001,215.7225,262.7975,-180.1275
10676,1169126,1.316624,-2.5461400000000003,-1.724836,181.335,167.3175,-159.32
10677,1169222,2.078148,-2.397544,-2.722064,125.475,74.9,-57.6625
10678,1169318,0.49824799999999997,-2.114016,-1.679452,86.03,-28.6825,41.3525
10679,1169414,0.266692,-1.276608,-1.576972,40.46,-62.16,102.69
10680,1169510,0.459208,-0.47677600000000003,-1.63114,28.49,-75.635,144.6375
10681,1169607,0.514596,-0.007564001,-1.671156,53.97,-107.345,175.525
10682,1169703,0.538508,0.24790399999999999,-1.61406,90.8075,-147.5075,192.955
10683,1169799,0.543388,0.374296,-1.5220719999999999,117.74,-186.235,194.04
10684,1169895,0.5785241,0.5504641,-1.434964,128.8525,-219.9225,181.265
10685,1169991,0.576328,0.7747001,-1.346392,132.755,-249.9175,161.35
10686,1170088,0.6039,1.030168,-1.265628,143.255,-274.015,142.17
10687,1170184,0.624152,1.169248,-1.164368,164.6575,-292.1975,126.175
10688,1170280,0.6161,1.142408,-1.081408,193.0425,-306.3725,114.45
10689,1170376,0.643672,0.9867360999999999,-1.016748,213.8675,-313.7225,106.61
10690,1170472,0.6917399999999999,0.8054439999999999,-0.9903959999999999,215.285,-314.2825,100.94
10691,1170569,0.813984,0.684176,-1.036024,197.5225,-309.995,97.72
10692,1170665,0.9503799999999999,0.690032,-1.117764,170.0475,-306.705,96.77501
10693,1170761,1.063352,0.7239479999999999,-1.2019440000000001,144.935,-307.615,98.945
10694,1170857,1.081408,0.729072,-1.2043840000000001,126.91,-313.67,102.8825
10695,1170953,1.035292,0.692472,-1.157292,110.775,-319.515,104.2825
10696,1171050,0.9947881,0.673196,-1.120204,92.925,-321.72,99.7675
10697,1171146,1.0138200000000002,0.653432,-1.11874,75.495,-319.725,89.915
10698,1171242,1.066524,0.595604,-1.146068,60.9,-316.5925,77.0
10699,1171338,1.146312,0.534116,-1.1892559999999999,49.665,-313.67,63.1225
10700,1171434,1.19804,0.428708,-1.172176,42.6825,-311.395,50.4175
10701,1171531,1.139724,0.312076,-1.063108,36.96,-307.2825,39.725
10702,1171627,1.140944,0.196908,-1.01504,31.5875,-293.615,32.235
10703,1171723,1.325408,0.080764,-1.095804,29.33,-272.2475,29.6975
10704,1171819,1.720932,-0.00122,-1.279048,32.06,-253.3125,33.4775
10705,1171915,2.185996,-0.138836,-1.441064,37.87,-247.0475,43.54
10706,1172012,2.4500040000000003,-0.22496799999999997,-1.298568,39.7425,-256.7775,55.055
10707,1172108,2.344596,-0.25424800000000003,-0.8752280000000001,33.67,-270.9175,63.77
10708,1172204,2.16184,-0.23058,-0.40626,24.3775,-272.265,68.565
10709,1172300,2.0801,-0.13639600000000002,-0.022692,17.4825,-257.11,69.7025
10710,1172396,2.0679,0.06539201,0.233264,17.4825,-230.79,69.9125
10711,1172493,2.105476,0.335012,0.41894799999999993,29.05,-200.165,70.7525
10712,1172589,2.076196,0.51972,0.6290319999999999,50.3125,-169.1375,70.6125
10713,1172685,2.077904,0.558028,0.84424,67.9175,-136.045,63.7175
10714,1172781,2.149396,0.52094,0.9501360999999999,67.1125,-99.68,46.48
10715,1172877,2.255048,0.593164,1.009916,54.495,-62.2825,25.2875
10716,1172974,2.233576,0.5948720000000001,0.989664,36.505,-27.125,5.6
10717,1173070,2.137684,0.540216,0.8510719999999999,21.63,4.725,-7.9975
10718,1173166,2.002264,0.424804,0.625372,9.24,32.13,-17.465
10719,1173262,1.67262,0.1708,0.348188,-3.2375,52.115,-21.0
10720,1173359,0.399428,-0.284992,-0.19764,-28.2275,77.91,-22.19
10721,1173455,-0.72346,-1.821704,-0.48092399999999996,-84.4375,114.835,-59.7275
10722,1173551,-1.5767280000000001,-1.6211360000000001,-0.20252,-153.615,137.305,-135.765
10723,1173647,-0.423096,1.23464,-1.137772,-205.45,201.39,-164.185
10724,1173743,3.91986,1.707756,-2.4321919999999997,-84.9975,285.8975,-121.2225
10725,1173840,4.6960239999999995,1.622356,-2.574688,-63.28,206.9725,-102.27
10726,1173936,1.4539959999999998,0.410652,-1.5262200000000001,-44.0825,92.505,-95.8475
10727,1174032,-0.051972000000000004,-0.701256,-0.6280560000000001,-18.515,67.55001,-73.2375
10728,1174128,0.288896,-0.347456,-0.60024,-10.325,90.07251,-43.5225
10729,1174225,0.9186601000000001,0.156892,-0.9442801,-9.065,99.41751,-35.9975
10730,1174321,1.168028,-0.09906401,-1.0736,-3.745,82.5475,-44.0125
10731,1174417,1.11142,-0.725168,-1.2017,-1.0325,59.15,-44.03
10732,1174513,1.086776,-0.830332,-0.9467200000000001,-24.0625,37.205,-33.8625
10733,1174609,0.44408000000000003,0.10540799999999999,-0.844972,-34.1075,20.475,-15.5225
10734,1174706,0.715896,-0.0305,-0.9372040999999999,-25.7425,20.0375,-14.315
10735,1174802,0.6844201,-0.36892800000000003,-0.87108,-18.9525,12.46,-18.7775
10736,1174898,0.42822,-0.30792800000000004,-0.7766521,-18.7425,8.5925,-15.015
10737,1174994,0.400404,-0.305244,-0.8095920999999999,-18.76,13.0025,-11.9875
10738,1175090,0.533872,-0.255468,-0.805932,-19.215,18.41,-11.55
10739,1175187,0.478972,-0.212524,-0.7849480999999999,-20.3,20.44,-9.905
10740,1175283,0.47384799999999994,-0.2562,-0.787876,-21.8225,22.6625,-9.2225
10741,1175379,0.591212,-0.251564,-0.80276,-23.695,25.76,-8.925
10742,1175475,0.630984,-0.14518,-0.8344801,-24.5525,26.11,-6.9825
10743,1175572,0.5631520000000001,-0.159332,-0.7944641,-22.4175,24.0975,-5.145
10744,1175668,0.443104,-0.271328,-0.7378560000000001,-20.545,23.2225,-4.7775
10745,1175764,0.618052,-0.16689600000000002,-0.8808401,-22.7325,25.97,-6.6675
10746,1175860,0.59902,-0.01952,-0.8252079999999999,-21.385,23.5725,-10.1675
10747,1175956,0.590724,-0.161528,-0.853024,-14.9975,19.7575,-11.6725
10748,1176053,0.6229319999999999,-0.08784,-0.8479,-9.7125,19.6175,-10.71
10749,1176149,0.5948720000000001,-0.10614000000000001,-0.8230120999999999,-2.975,18.4975,-8.89
10750,1176245,0.509228,-0.17324,-0.8100801,2.975,18.4975,-6.965
10751,1176341,0.5160600000000001,-0.17641199999999999,-0.8117880000000001,5.46,21.0525,-7.7175
10752,1176438,0.6514800000000001,-0.087108,-0.8764481,6.755,23.905,-10.2025
10753,1176534,0.6541640000000001,-0.061732,-0.806176,12.7575,24.78,-10.4125
10754,1176630,0.664168,-0.11760799999999999,-0.79056,19.25,23.5025,-8.26
10755,1176726,0.649284,-0.15982000000000002,-0.773724,21.735,22.4,-6.6675
10756,1176822,0.619516,-0.18324400000000002,-0.7793359999999999,23.3625,22.6625,-5.39
10757,1176919,0.60268,-0.159088,-0.778116,23.9225,23.4325,-6.195
10758,1177015,0.57828,-0.139324,-0.792756,24.185,25.83,-7.98
10759,1177111,0.625616,-0.180316,-0.7625,24.5,30.17,-10.29
10760,1177207,0.5948720000000001,-0.119804,-0.791536,22.785,32.935,-13.615
10761,1177303,0.588284,-0.10052799999999999,-0.792024,24.7625,36.2425,-14.7525
10762,1177400,0.579256,-0.15762400000000001,-0.800808,30.1875,40.6875,-13.3
10763,1177496,0.5368,-0.2501,-0.7954399999999999,34.1075,47.0925,-11.585
10764,1177592,0.508008,-0.221796,-0.8015399999999999,26.5475,58.73,-10.885
10765,1177688,0.5631520000000001,-0.21716,-0.803248,20.7025,72.8525,-9.905
10766,1177785,0.5502199999999999,-0.17543599999999998,-0.809348,25.27,84.77,-11.6725
10767,1177881,0.7095520000000001,-0.1098,-0.7822640000000001,28.2625,98.3675,-15.5575
10768,1177977,0.601216,-0.255712,-0.762988,34.265,110.3025,-17.5175
10769,1178073,0.584868,-0.285724,-0.7895840999999999,31.43,124.5475,-19.3025
10770,1178169,0.6319600000000001,-0.24570799999999998,-0.716384,32.8125,137.55,-25.9875
10771,1178266,0.710284,-0.188856,-0.696864,37.1175,151.97,-32.935
10772,1178362,0.66978,-0.151524,-0.7117479999999999,38.535,164.745,-35.4025
10773,1178458,0.6231760999999999,-0.090036,-0.745908,31.6925,175.49,-35.7525
10774,1178554,0.610244,-0.10809200000000001,-0.743712,17.605,189.63,-33.5475
10775,1178650,0.6541640000000001,-0.211548,-0.7046720999999999,7.8225,209.4575,-25.69
10776,1178747,0.7171161,-0.310856,-0.64904,15.575,241.1325,-12.5125
10777,1178843,0.7046720999999999,-0.22423600000000002,-0.829356,11.4975,282.0475,-18.7775
10778,1178939,1.091412,-0.33916,-0.625372,10.885,326.06,-33.5475
10779,1179035,0.42333999999999994,-0.06929600000000001,-0.8337481,23.205,404.215,-34.72
10780,1179131,0.9520881,-0.22082,-0.671732,3.955,446.04,-21.5775
10781,1179228,1.62016,0.03294,-1.601128,9.31,505.8375,-2.3275
10782,1179324,1.380796,-0.570472,-0.9435479999999999,94.78,548.73,36.785
10783,1179420,2.1164560000000003,-0.176656,-1.8524479999999999,107.9925,570.955,26.11
10784,1179516,2.06546,-0.184952,-1.657248,132.8775,562.5375,13.475
10785,1179613,2.562976,-0.404796,-1.43716,173.67,513.59,1.995
10786,1179709,4.576464,-0.8810841,-1.9595639999999999,248.0975,464.3975,3.7975
10787,1179805,4.453488,-0.9403761,-2.755492,356.8775,468.23,38.4125
10788,1179901,0.9296399999999999,-1.536956,-2.989244,297.745,355.95,18.025
10789,1179997,3.636332,-1.929552,-3.710264,177.7125,126.5775,-75.88
10790,1180094,1.996896,-1.164368,-3.8273839999999995,41.7375,-44.485,-117.5475
10791,1180190,-0.041968,-0.500444,-1.917352,4.5675,-208.9325,-131.635
10792,1180286,0.025376,-0.296704,-1.6796959999999999,41.37,-215.355,-127.4525
10793,1180382,0.155916,-0.445788,-1.434232,88.9875,-215.285,-116.445
10794,1180478,0.355996,-0.8461921,-1.401292,115.1675,-225.995,-97.07251
10795,1180575,0.6326921,-1.025044,-1.410076,102.865,-251.7025,-75.4425
10796,1180671,0.7239479999999999,-1.0187,-1.247328,67.9525,-287.8575,-53.69
10797,1180767,0.712236,-0.873276,-1.059692,30.3625,-322.0,-32.2
10798,1180863,0.6605081,-0.681736,-0.888648,2.065,-346.745,-8.715
10799,1180959,0.668316,-0.49654,-0.764696,-11.2,-359.9925,16.1525
10800,1181056,0.67832,-0.374296,-0.6405,-12.775,-367.1325,41.6325
10801,1181152,0.6414761,-0.276696,-0.54778,-10.08,-369.5475,65.0475
10802,1181248,0.647332,-0.203252,-0.50264,-6.5275,-366.1175,82.8275
10803,1181344,0.7183361,-0.177876,-0.520452,-1.6275,-359.0475,94.86751
10804,1181441,0.83936,-0.190808,-0.579256,2.1875,-351.295,102.0425
10805,1181537,0.9869800999999999,-0.190076,-0.676612,2.1175,-345.8175,104.4225
10806,1181633,1.109224,-0.169824,-0.7473721,0.665,-344.8375,102.4625
10807,1181729,1.2075559999999999,-0.12688,-0.7881199999999999,1.1375,-347.2,96.81
10808,1181825,1.2104840000000001,-0.07612801,-0.756156,6.405,-349.93,89.6175
10809,1181922,1.227808,-0.10248,-0.718824,16.555,-347.795,83.5625
10810,1182018,1.24074,-0.181536,-0.7134560999999999,26.145,-339.85,81.305
10811,1182114,1.2322,-0.308172,-0.772748,27.7725,-327.46,80.885
10812,1182210,1.3383399999999999,-0.37698000000000004,-0.958432,22.96,-311.71,80.325
10813,1182306,1.617476,-0.401136,-1.253428,19.215,-298.83,82.0575
10814,1182403,2.0496,-0.458232,-1.5311,25.375,-297.2725,88.69
10815,1182499,2.445612,-0.6344,-1.664812,36.295,-311.7975,99.435
10816,1182595,2.700592,-0.849852,-1.6108879999999999,39.41,-337.645,109.1125
10817,1182691,2.756712,-0.9562360999999999,-1.331996,30.52,-365.12,116.41
10818,1182788,2.689124,-0.8174001000000001,-0.9730721,14.8225,-381.5175,126.0
10819,1182884,2.669604,-0.390156,-0.706136,8.5225,-376.565,147.385
10820,1182980,2.868952,-0.313052,-0.404552,30.3625,-355.705,177.9575
10821,1183076,3.143208,-0.35233600000000004,-0.010248,50.0675,-330.3475,200.1475
10822,1183172,3.0768400000000002,-0.03782,0.6304960000000001,46.27,-303.555,206.7275
10823,1183269,2.987536,0.5314321,1.322724,37.975,-265.475,195.72
10824,1183365,3.03536,1.0138200000000002,1.90442,51.275,-217.14,165.2875
10825,1183461,3.426248,1.356884,2.154764,84.245,-164.6575,115.8675
10826,1183557,3.5170160000000004,1.068964,2.254804,117.705,-115.535,61.5825
10827,1183653,3.2544720000000003,0.471896,2.062776,110.81,-68.705,8.855
10828,1183750,3.005592,0.2867,1.514508,56.35,-19.3375,-42.2625
10829,1183846,2.201612,-0.354044,1.525976,6.475,29.6975,-81.445
10830,1183942,-0.7019880000000001,-0.9562360999999999,2.799656,-89.79251,142.17,-136.99
10831,1184038,0.6007279999999999,0.48848800000000003,-2.579568,-224.4375,262.22,-229.9675
10832,1184135,0.011956,1.266116,-1.300032,-149.555,306.46,-157.5175
10833,1184231,3.987448,0.23009200000000002,-2.04716,15.365,376.25,-57.2425
10834,1184327,4.366624,1.57502,-2.881396,-13.1075,338.275,-57.4875
10835,1184423,1.99348,0.828624,-1.577216,12.425,217.945,-68.95
10836,1184519,0.528748,0.021228,-0.9803921,16.2575,163.4675,-105.56
10837,1184616,0.5543680000000001,-0.8252079999999999,-0.328912,38.0275,161.8575,-92.365
10838,1184712,2.299456,-2.229184,-2.035936,33.8625,174.965,-69.93
10839,1184808,1.7294720000000001,-1.011624,-0.739808,-67.69001,121.66,-57.9425
10840,1184904,0.411384,0.561932,-1.143628,-117.46,75.8625,-49.91
10841,1185001,1.049444,-0.720776,-0.8810841,-84.91,73.08,-53.34
10842,1185097,0.53314,-0.610488,-0.7671359999999999,-90.58001,60.585,-51.17
10843,1185193,0.49288000000000004,-0.273036,-0.9018241,-98.84000999999999,59.92,-48.475
10844,1185289,0.9398880999999999,-0.19397999999999999,-1.033584,-98.98001,58.8875,-55.2125
10845,1185385,0.7732359999999999,0.056852,-1.036512,-94.5,43.7675,-56.4025
10846,1185482,0.601216,-0.303048,-0.9474520000000001,-77.6125,30.0125,-54.4075
10847,1185578,0.714432,-0.008540001,-0.9398880999999999,-68.9325,28.9275,-47.6
10848,1185674,0.759084,-0.005368,-0.830332,-54.075,21.5425,-40.215
10849,1185770,0.686128,0.005612,-0.8676640999999999,-40.0925,14.805,-32.2
10850,1185866,0.654896,-0.011712,-0.850584,-31.5875,11.06,-27.5975
10851,1185963,0.58072,-0.044407999999999996,-0.8518040000000001,-23.17,8.9075,-23.975
10852,1186059,0.552172,0.04514,-0.85644,-17.01,11.7425,-20.125
10853,1186155,0.5948720000000001,-0.0061,-0.831308,-9.52,15.05,-15.3825
10854,1186251,0.5958479999999999,-0.004148001,-0.836676,-1.785,17.4825,-10.7975
10855,1186348,0.620736,-0.101992,-0.806176,4.34,19.2675,-7.07
10856,1186444,0.582184,-0.22277199999999997,-0.771772,7.455,20.3875,-6.7375
10857,1186540,0.58682,-0.203008,-0.7812880999999999,5.81,21.5775,-10.71
10858,1186636,0.610244,-0.181292,-0.777384,3.5875,22.33,-15.365
10859,1186732,0.6319600000000001,-0.094916,-0.764208,3.3075,21.945,-18.2875
10860,1186829,0.61366,-0.109556,-0.769576,5.005,22.3825,-18.76
10861,1186925,0.585112,-0.07222401,-0.7893399999999999,4.9875,25.1125,-18.8825
10862,1187021,0.568764,-0.024156,-0.821304,7.0175,29.54,-19.635
10863,1187117,0.580232,-0.05124001,-0.8149601,9.6075,35.42,-18.375
10864,1187213,0.586576,-0.04514,-0.813984,13.1425,41.5625,-17.675
10865,1187310,0.6080479999999999,-0.054167999999999994,-0.790804,14.945,47.6875,-18.3225
10866,1187406,0.625616,-0.034648000000000005,-0.759572,16.73,53.2175,-17.115
10867,1187502,0.64782,-0.014152000000000001,-0.743712,17.85,58.065,-12.915
10868,1187598,0.609024,-0.047336,-0.6036560999999999,21.56,61.6,-7.6125
10869,1187694,0.6456241,-0.038796,-0.9638,40.0925,65.31,0.8575
10870,1187791,0.729072,-0.219356,-0.7156520000000001,21.9625,64.41751,-1.5925
10871,1187887,0.6453800000000001,-0.11712,-0.7473721,20.5275,67.6025,-1.6975
10872,1187983,0.6107319999999999,-0.234972,-0.718824,23.2225,71.7325,-4.3225
10873,1188079,0.632204,-0.138104,-0.7439560000000001,23.345,78.0325,-10.71
10874,1188176,0.6231760999999999,-0.17836400000000002,-0.7390760000000001,24.92,86.9925,-15.1725
10875,1188272,0.654896,-0.163236,-0.734196,26.25,97.8075,-19.1625
10876,1188368,0.638548,-0.14396,-0.7259001,27.2475,109.725,-22.085
10877,1188464,0.677588,-0.10418800000000002,-0.706624,26.915,123.34,-23.7825
10878,1188560,0.658312,-0.09711201,-0.702964,26.25,136.6575,-22.8725
10879,1188657,0.641232,-0.048068,-0.72712,22.995,150.9375,-20.3875
10880,1188753,0.614392,-0.06466001,-0.7229720000000001,18.13,165.3575,-17.255
10881,1188849,0.60878,-0.13664,-0.731268,10.85,181.965,-17.465
10882,1188945,0.494832,-0.282064,-0.6822239999999999,1.75,199.115,-22.5575
10883,1189041,0.6058520000000001,-0.366732,-0.725168,-3.4475,230.615,-26.67
10884,1189138,0.656848,-0.36502399999999996,-0.623664,-13.72,263.6375,-37.59
10885,1189234,0.93696,-0.43505200000000005,-0.653188,-41.65,302.12,-67.445
10886,1189330,1.5799,-0.351848,-0.7991,-45.5525,369.355,-84.1925
10887,1189426,0.680028,-0.022936,-0.9823440999999999,-40.5125,453.3725,-83.23001
10888,1189523,1.325896,-0.26961999999999997,-1.224636,2.52,499.17,-74.4275
10889,1189619,1.6906759999999998,-0.14713199999999999,-0.989176,49.0525,522.2175,-78.365
10890,1189715,1.548424,-0.330864,-1.1346,69.475,555.905,-93.45
10891,1189811,2.697908,-0.8847440999999999,-2.02398,86.22251,572.4425,-105.49
10892,1189907,2.666676,-0.657092,-1.282464,91.8225,540.33,-140.9975
10893,1190004,4.876828,-0.62708,-1.7733919999999999,107.625,489.055,-169.785
10894,1190100,5.0366480000000005,-0.9738041,-2.002752,182.455,465.395,-97.825
10895,1190196,1.9239400000000002,-1.720932,-3.2696,145.81,369.005,-73.4825
10896,1190292,3.730028,-2.50466,-3.698552,20.615,126.6125,-88.27
10897,1190388,1.077992,-1.19194,-2.9914400000000003,-75.4075,-69.3875,-61.8625
10898,1190485,-0.53314,-0.51972,-1.350296,-83.3525,-156.03,-49.8225
10899,1190581,-0.112728,-0.089792,-1.416664,-29.19,-119.3325,-44.5025
10900,1190677,0.349652,-0.450668,-1.571848,37.8875,-104.685,-31.675
10901,1190773,0.7556681,-0.9118280000000001,-1.777784,73.5525,-131.145,-16.3275
10902,1190870,0.8813280000000001,-1.110444,-1.707268,62.5625,-185.7275,-2.765
10903,1190966,0.86498,-1.0084520000000001,-1.4654639999999999,26.2325,-245.63,9.1875
10904,1191062,0.7834840000000001,-0.7510321,-1.1855959999999999,-7.035,-295.12,21.7
10905,1191158,0.692716,-0.488976,-0.9455,-20.2125,-330.89,35.9975
10906,1191254,0.64172,-0.29792399999999997,-0.7422481,-14.245,-353.22,51.66
10907,1191351,0.5946279999999999,-0.20861999999999997,-0.590724,3.2025,-365.6275,65.9925
10908,1191447,0.613904,-0.194224,-0.51118,22.2425,-370.7725,77.2625
10909,1191543,0.716384,-0.208864,-0.489708,36.68,-371.1575,84.35
10910,1191639,0.8405800999999999,-0.2501,-0.504836,45.0625,-370.72,88.48001
10911,1191735,0.9330560999999999,-0.26718000000000003,-0.5282600000000001,47.075,-371.2275,91.1925
10912,1191832,0.9821,-0.227408,-0.5231359999999999,45.57,-371.0875,93.0475
10913,1191928,0.9964959999999999,-0.179828,-0.502884,45.605,-368.095,93.905
10914,1192024,1.0145520000000001,-0.15420799999999998,-0.509228,49.105,-361.41,93.1525
10915,1192120,1.08702,-0.160796,-0.55266,55.5975,-351.435,91.0875
10916,1192217,1.235616,-0.209352,-0.6283,62.44,-339.8675,89.7575
10917,1192313,1.3266280000000001,-0.307196,-0.701256,66.5,-330.1025,93.7125
10918,1192409,1.349808,-0.43358800000000003,-0.7361481,62.125,-321.7725,101.85
10919,1192505,1.267824,-0.434076,-0.766892,45.4825,-311.675,110.1275
10920,1192601,1.2282959999999998,-0.30792800000000004,-0.8422879999999999,29.89,-295.6975,117.005
10921,1192698,1.36274,-0.217648,-1.02968,28.6825,-276.08,124.5125
10922,1192794,1.730204,-0.258884,-1.309548,42.8925,-260.8725,134.33
10923,1192890,2.223328,-0.474092,-1.630164,59.5175,-260.1375,146.335
10924,1192986,2.611776,-0.661484,-1.7870560000000002,62.7025,-278.4775,157.6925
10925,1193083,2.731092,-0.72712,-1.6979959999999998,48.335,-310.0825,168.6475
10926,1193179,2.5405279999999997,-0.54168,-1.3642040000000002,24.1325,-338.94,181.545
10927,1193275,2.3729,-0.178852,-1.0784799999999999,7.2275,-347.7075,199.9025
10928,1193371,2.443172,-0.188612,-0.833992,8.575,-336.595,221.3925
10929,1193467,2.8016080000000003,-0.321592,-0.5948720000000001,2.8525,-316.6275,233.45
10930,1193564,3.082208,-0.24936799999999998,-0.057828,-25.655,-298.34,229.0925
10931,1193660,3.084648,0.339648,0.749812,-59.115,-278.4075,206.7975
10932,1193756,3.189324,1.316624,1.544764,-53.025,-243.9325,171.2375
10933,1193852,3.358172,1.934432,2.262124,20.09,-197.645,130.13
10934,1193949,3.186884,1.461804,2.623732,104.6675,-142.765,87.6225
10935,1194045,2.9670400000000003,0.585356,2.418528,104.195,-72.205,27.79
10936,1194141,2.9262919999999997,0.565104,1.6509040000000001,6.125,-0.1925,-54.0925
10937,1194237,3.043168,0.9506241,0.69906,-73.885,46.6725,-118.615
10938,1194333,2.644228,-0.257176,1.075552,-72.2925,78.6625,-151.7075
10939,1194430,-1.1407,-0.5104479999999999,2.189168,-131.4425,177.2575,-213.5
10940,1194526,1.39934,0.32696,-3.0573200000000003,-164.7975,298.6375,-241.1325
10941,1194622,1.555012,-0.687104,-1.281244,-13.825,320.4775,-82.705
10942,1194718,3.538244,0.156404,-1.9612720000000001,22.1725,362.845,9.87
10943,1194814,3.71734,1.526952,-2.656428,-30.24,319.3925,-4.1125
10944,1194911,1.637972,1.552084,-1.4842520000000001,-4.9,209.8075,-34.16
10945,1195007,0.667096,0.216428,-0.8420440999999999,21.3325,163.485,-87.325
10946,1195103,0.671244,-1.016016,-0.543632,57.3825,159.1625,-66.85
10947,1195199,2.9990040000000002,-2.662772,-2.209176,44.135,163.8,-47.0925
10948,1195296,1.687748,-0.453108,-0.73444,-59.8325,100.625,-34.23
10949,1195392,0.5165481,0.5875520000000001,-1.131184,-81.41001,60.34,-32.27
10950,1195488,0.8669319999999999,-0.8718120999999999,-0.769576,-45.535,52.43,-31.605
10951,1195584,0.43798000000000004,-0.42700000000000005,-0.777872,-54.11,47.9325,-27.2475
10952,1195680,0.703696,-0.09394001,-1.01748,-62.3,50.6275,-27.475
10953,1195777,0.786412,-0.174704,-0.889136,-56.5425,43.015,-31.4825
10954,1195873,0.5858439999999999,-0.162748,-0.9059721,-49.8575,32.795,-29.2775
10955,1195969,0.6141479999999999,-0.22667600000000002,-0.856196,-45.0275,29.295,-28.315
10956,1196065,0.69906,-0.096868,-0.917684,-39.1475,28.49,-25.97
10957,1196162,0.6329359999999999,-0.07686,-0.84546,-32.095,22.015,-23.94
10958,1196258,0.7183361,-0.019032,-0.8718120999999999,-26.3725,18.655,-21.0
10959,1196354,0.585112,-0.083936,-0.8398479999999999,-18.6725,15.1375,-17.99
10960,1196450,0.5675439999999999,-0.12053599999999999,-0.835456,-12.215,16.065,-15.3125
10961,1196546,0.572912,-0.09028,-0.8410681000000001,-7.0875,19.18,-13.9475
10962,1196643,0.584136,-0.069784,-0.827892,-1.9425,22.015,-11.6025
10963,1196739,0.563884,-0.110776,-0.813496,2.2575,23.5025,-9.5725
10964,1196835,0.590968,-0.219844,-0.798856,3.955,25.5325,-9.485
10965,1196931,0.5958479999999999,-0.288408,-0.753472,4.2525,27.335,-12.0925
10966,1197027,0.5917,-0.202764,-0.807396,2.38,29.015,-15.4875
10967,1197124,0.6202479999999999,-0.21838000000000002,-0.771772,2.275,29.925,-17.745
10968,1197220,0.640256,-0.096624,-0.7732359999999999,3.2375,29.19,-20.3525
10969,1197316,0.605364,-0.141032,-0.8054439999999999,9.66,28.3325,-21.7875
10970,1197412,0.5663239999999999,-0.13176,-0.806908,8.9075,30.66,-23.3275
10971,1197509,0.6422081000000001,-0.06124401,-0.791292,1.75,38.99,-22.645
10972,1197605,0.631228,-0.058803999999999995,-0.780312,6.6325,42.525,-21.35
10973,1197701,0.623664,-0.08344800000000001,-0.7832399999999999,7.6475,47.3025,-20.2825
10974,1197797,0.631228,-0.094672,-0.760304,9.0475,52.4825,-18.935
10975,1197893,0.6497721,-0.091988,-0.744688,8.8375,58.24,-17.885
10976,1197990,0.6612401,-0.076616,-0.727608,12.1625,63.1225,-16.8175
10977,1198086,0.660996,-0.08442401,-0.7176041,14.98,67.1125,-15.5925
10978,1198182,0.651968,-0.142496,-0.7141881,17.6225,71.54,-13.9125
10979,1198278,0.628544,-0.16201600000000002,-0.7285841,18.375,76.0725,-13.5625
10980,1198375,0.6688041,-0.15738,-0.726388,18.585,80.92,-15.26
10981,1198471,0.6634359999999999,-0.1708,-0.7171161,18.725,86.415,-17.4475
10982,1198567,0.6763680000000001,-0.17055599999999999,-0.713212,18.9175,93.4675,-20.23
10983,1198663,0.684176,-0.19861600000000001,-0.710284,18.935,100.9575,-24.605
10984,1198759,0.659288,-0.149572,-0.691496,18.97,110.6875,-29.54
10985,1198856,0.696132,-0.10126,-0.6973520000000001,19.04,121.9225,-31.5
10986,1198952,0.692716,-0.112728,-0.6756361,17.6575,130.8475,-30.555
10987,1199048,0.6958880000000001,-0.09345201,-0.681248,13.3175,142.0475,-28.105
10988,1199144,0.681492,-0.12053599999999999,-0.6834439999999999,8.05,154.77,-25.34
10989,1199240,0.6182960999999999,-0.076616,-0.6688041,0.385,165.935,-24.78
10990,1199337,0.6836880999999999,-0.11321600000000001,-0.5690081,-2.905,180.1975,-21.525
10991,1199433,0.639768,-0.183,-0.71126,-5.565,206.36,-15.05
10992,1199529,0.8203280000000001,-0.36356,-0.6646561,-18.9175,223.1075,-22.295
10993,1199625,0.8020281,-0.393816,-0.46042799999999995,-41.265,256.4975,-45.0975
10994,1199722,1.39446,-0.419436,-0.701012,-46.8125,314.0375,-62.23
10995,1199818,0.777872,-0.182024,-0.768112,-50.6625,389.2875,-68.8975
10996,1199914,0.8457040000000001,-0.137128,-0.8959681,-43.9075,449.96,-63.8925
10997,1200010,1.026508,-0.258396,-1.0736,-2.31,491.085,-59.7975
10998,1200106,1.791936,-0.12980799999999998,-0.700036,34.895,517.65,-67.375
10999,1200203,1.761436,-0.355508,-0.544852,57.925,562.52,-78.2075
11000,1200299,2.107184,-0.60268,-1.899784,59.0975,571.76,-86.8525
11001,1200395,2.875052,-0.780068,-1.299056,123.1825,535.1325,-123.6375
11002,1200491,4.852672,-0.652944,-2.04106,150.4125,518.42,-137.6375
11003,1200588,4.684312,-0.935008,-2.559804,236.0225,521.9375,-61.565
11004,1200684,2.130364,-1.830732,-2.901648,212.87,401.8875,-53.83
11005,1200780,4.312456,-3.245444,-3.505792,53.795,155.2775,-84.8225
11006,1200876,2.150616,-1.7345959999999998,-3.3164480000000003,-90.965,-56.56,-38.675
11007,1200972,0.06270801,-0.7415161,-1.5067,-150.9025,-196.8225,-19.565
11008,1201069,-0.11053199999999999,0.020252000000000003,-1.253184,-117.5475,-186.445,-12.425
11009,1201165,0.105652,0.03782,-1.174372,-37.8,-165.6725,-0.035
11010,1201261,0.465552,-0.39113200000000004,-1.340536,39.8125,-164.9375,21.5425
11011,1201357,0.778604,-0.79178,-1.42618,66.745,-191.8875,37.7475
11012,1201454,0.9784401,-0.9464761,-1.378844,48.09,-238.525,44.52
11013,1201550,0.9652639999999999,-0.772504,-1.178276,7.3325,-290.6925,46.9875
11014,1201646,0.8113001,-0.47555600000000003,-0.930616,-24.57,-335.0725,51.66
11015,1201742,0.6722199999999999,-0.225212,-0.6946681,-32.865,-363.37,59.71
11016,1201838,0.60146,-0.09784401,-0.530456,-20.615,-376.7225,68.565
11017,1201935,0.5738880000000001,-0.115656,-0.45335200000000003,-1.4175,-380.73,76.685
11018,1202031,0.625616,-0.158356,-0.41723999999999994,13.3525,-379.4175,82.7575
11019,1202127,0.68198,-0.256444,-0.414312,20.3,-376.0225,87.2025
11020,1202223,0.749568,-0.34404,-0.44408000000000003,17.675,-371.385,90.72001
11021,1202319,0.8513161,-0.35160399999999997,-0.51118,7.6125,-365.995,93.4675
11022,1202416,0.9806360000000001,-0.284992,-0.593896,-1.2775,-361.55,97.4925
11023,1202512,1.077504,-0.237168,-0.646844,-1.54,-360.4125,103.4075
11024,1202608,1.13826,-0.20496,-0.676612,5.81,-360.9375,109.865
11025,1202704,1.20536,-0.24424400000000002,-0.6675840000000001,16.9575,-359.975,115.955
11026,1202800,1.2587959999999998,-0.22643200000000002,-0.7361481,25.1475,-355.285,120.4525
11027,1202897,1.347124,-0.249856,-0.806176,36.225,-346.7625,124.25
11028,1202993,1.4520440000000001,-0.2806,-0.89792,45.3075,-337.61,127.7675
11029,1203089,1.5999079999999999,-0.396256,-1.0004,53.3925,-328.335,131.74
11030,1203185,1.85562,-0.648796,-1.1331360000000001,53.515,-321.2475,133.21
11031,1203282,2.203808,-0.8744960999999999,-1.324188,38.255,-319.6025,131.32
11032,1203378,2.567612,-0.9347639999999999,-1.4569239999999999,14.98,-326.97,129.99
11033,1203474,2.7528080000000004,-0.8400921,-1.411784,-2.975,-343.665,136.15
11034,1203570,2.809904,-0.551928,-1.253428,-7.4375,-359.94,152.67
11035,1203666,2.820152,-0.45115600000000006,-1.000156,4.795,-365.855,176.6275
11036,1203763,2.811856,-0.5382640000000001,-0.648308,20.09,-361.795,194.5475
11037,1203859,2.9197040000000003,-0.504592,-0.30012,14.455,-344.5225,197.2775
11038,1203955,2.9628919999999996,-0.2318,0.17738800000000002,-4.41,-319.4275,188.405
11039,1204051,2.989976,0.215696,0.8066641,-12.1275,-288.26,172.0075
11040,1204148,2.979484,0.604876,1.529392,10.0625,-250.8625,147.49
11041,1204244,3.150284,1.001132,2.101572,57.085,-203.4375,113.5575
11042,1204340,3.388672,1.024556,2.4512240000000003,120.8725,-146.895,82.88
11043,1204436,3.061468,0.307684,2.47416,159.1625,-87.5175,58.94
11044,1204533,2.702788,-0.25961599999999996,1.975912,111.615,-23.905,18.3575
11045,1204629,2.806732,-0.0549,1.059692,20.7025,33.5825,-32.55
11046,1204725,2.327516,-1.0438319999999999,1.077748,-27.3175,75.18,-61.6875
11047,1204821,-0.5799880000000001,-1.238056,2.7486599999999997,-138.845,176.295,-109.4275
11048,1204917,0.609024,1.1087360000000002,-2.128168,-271.6175,288.0325,-180.985
11049,1205013,0.5185,2.098156,-1.844396,-161.2975,333.62,-102.13
11050,1205110,3.5780160000000003,1.129964,-2.053504,0.525,384.265,-19.3025
11051,1205206,4.661376000000001,2.036912,-3.145648,-2.73,350.6475,-52.57
11052,1205302,2.1520799999999998,0.8127641,-1.580632,43.785,230.65,-76.3875
11053,1205398,0.43334399999999995,-0.24668400000000001,-0.7856801,49.2625,166.67,-105.0525
11054,1205495,1.206092,-2.1896560000000003,-1.370792,69.1775,171.2025,-84.14001
11055,1205591,2.1569599999999998,-2.144028,-0.409188,-13.895,147.5425,-56.455
11056,1205687,0.636596,0.8937719999999999,-1.356884,-119.7,95.9525,-44.9575
11057,1205783,1.11386,-0.47360399999999997,-0.9823440999999999,-89.355,84.98,-58.205
11058,1205879,0.4743361,-0.936472,-0.612684,-90.89499,67.375,-64.2425
11059,1205976,0.650748,-0.384544,-0.9106081,-111.5625,69.16,-61.0225
11060,1206072,0.8608319999999999,-0.29987600000000003,-0.901336,-114.135,60.3925,-70.42
11061,1206168,0.6946681,-0.096624,-1.073844,-109.2525,45.36,-70.6475
11062,1206264,0.6602640000000001,-0.133468,-0.887916,-95.41,37.73,-63.735
11063,1206361,0.8222799999999999,-0.087108,-1.003084,-76.2475,31.465,-55.0025
11064,1206457,0.638548,-0.006587999999999999,-0.8827921000000001,-61.845,25.585,-47.9325
11065,1206553,0.737124,-0.02806,-0.863028,-45.745,19.74,-40.0575
11066,1206649,0.6348881,-0.068564,-0.827892,-35.49,16.17,-34.7375
11067,1206745,0.6653880999999999,-0.10052799999999999,-0.84546,-29.4875,14.21,-31.465
11068,1206842,0.640744,0.005856,-0.8327720999999999,-23.87,13.79,-28.7175
11069,1206938,0.661484,0.09516001,-0.8193521,-16.5375,13.9475,-23.0825
11070,1207034,0.618784,0.039284,-0.8310639999999999,-6.02,14.0,-14.3675
11071,1207130,0.542656,-0.122244,-0.815204,2.8175,16.0475,-8.6975
11072,1207226,0.5631520000000001,-0.16128399999999998,-0.8076399999999999,5.53,20.895,-8.5575
11073,1207323,0.5743761,-0.114924,-0.8174001000000001,5.3375,25.6375,-11.2525
11074,1207419,0.6378159999999999,-0.064416,-0.803736,5.4075,30.135,-11.0075
11075,1207515,0.632448,-0.18422,-0.7556681,8.8725,32.06,-9.415
11076,1207611,0.5514399999999999,-0.11224,-0.834968,7.49,35.1925,-12.3725
11077,1207707,0.6168319999999999,-0.038064,-0.8178880999999999,7.49,42.315,-13.825
11078,1207804,0.6290319999999999,-0.044896,-0.788608,10.6575,48.79,-11.025
11079,1207900,0.6141479999999999,-0.061488,-0.7829961,13.23,54.5125,-7.7525
11080,1207996,0.60634,-0.067344,-0.770308,15.12,60.1125,-5.845
11081,1208092,0.624884,-0.07417601,-0.7515201,16.17,66.2025,-5.355
11082,1208189,0.64782,-0.092964,-0.744444,17.5175,71.2775,-5.1975
11083,1208285,0.6661201,-0.114924,-0.7134560999999999,16.835,74.7075,-5.425
11084,1208381,0.6785640000000001,-0.133468,-0.690032,17.1675,76.9475,-5.5475
11085,1208477,0.69784,-0.14566800000000002,-0.6851520999999999,17.885,78.5225,-5.9325
11086,1208573,0.6902761,-0.153476,-0.662216,18.8125,79.2225,-7.07
11087,1208670,0.697596,-0.14396,-0.662704,18.9,80.0625,-8.9075
11088,1208766,0.7007680000000001,-0.139324,-0.6649,19.11,81.515,-10.71
11089,1208862,0.711016,-0.15982000000000002,-0.654652,19.6,83.0725,-13.0725
11090,1208958,0.724924,-0.177876,-0.652456,20.4225,85.505,-16.6075
11091,1209055,0.7237041,-0.155428,-0.676124,20.405,89.775,-20.5625
11092,1209151,0.651968,-0.17324,-0.6558721,20.3875,95.4275,-24.1325
11093,1209247,0.720532,-0.11736400000000001,-0.628544,20.16,104.2475,-28.0875
11094,1209343,0.71858,-0.090036,-0.658556,21.1925,111.825,-30.275
11095,1209438,0.7134560999999999,-0.101748,-0.6453800000000001,18.13,120.75,-29.2425
11096,1209534,0.7117479999999999,-0.084912,-0.671488,11.4625,129.22,-26.32
11097,1209630,0.6893,-0.091988,-0.635864,2.975,137.8125,-24.2025
11098,1209727,0.6912520000000001,-0.08369201,-0.599264,-0.21,151.06,-19.25
11099,1209823,0.77104,-0.082472,-0.705892,-4.69,173.4425,-12.0575
11100,1209919,0.73444,-0.235704,-0.5214281,-14.4725,186.3575,-12.1975
11101,1210015,0.99918,-0.294508,-0.659776,-34.895,214.515,-24.6225
11102,1210111,0.985516,-0.353312,-0.654652,-38.535,254.205,-37.695
11103,1210208,1.3851879999999999,-0.26596,-0.671732,-48.125,310.905,-38.85
11104,1210304,0.7734800000000001,-0.163968,-0.9206120000000001,-47.215,373.9925,-30.3975
11105,1210400,0.7686,-0.20788800000000002,-1.02358,-37.5025,425.635,-27.0375
11106,1210496,1.425936,-0.160064,-0.8988959999999999,-20.93,460.3025,-30.3275
11107,1210592,1.619916,-0.172508,-0.667096,13.6325,499.275,-34.545
11108,1210689,1.512312,-0.265472,-1.077504,41.9825,559.8075,-44.905
11109,1210785,2.3794880000000003,-0.438956,-2.111576,66.5525,571.0775,-49.35
11110,1210881,2.800632,-0.5887720000000001,-1.690188,125.6675,529.62,-68.32
11111,1210977,4.522296,-0.6107319999999999,-1.879288,178.78,507.8675,-62.7025
11112,1211074,4.457636,-0.648796,-2.4339,306.3375,540.8725,4.1125
11113,1211170,2.48148,-1.1385040000000002,-2.731824,320.6525,461.6675,24.1325
11114,1211266,3.839096,-3.3069319999999998,-2.833816,183.33,188.7725,-29.4
11115,1211362,2.835768,-2.055212,-3.820064,0.035,-40.04,-30.2225
11116,1211458,0.309392,-0.9503799999999999,-1.684332,-114.24,-216.265,-41.5975
11117,1211555,0.051484,0.028304000000000003,-1.41886,-118.125,-223.9475,-56.0525
11118,1211651,0.08954801,0.22033200000000003,-1.178276,-46.165,-208.985,-50.995
11119,1211747,0.41968,-0.20837600000000003,-1.26636,50.68,-203.3675,-24.395
11120,1211843,0.7983680000000001,-0.7639640999999999,-1.363228,100.87,-222.1975,2.2225
11121,1211940,1.016748,-1.083604,-1.304668,89.72251,-264.4425,16.695
11122,1212036,0.9777081,-0.9752681000000001,-1.1070280000000001,37.45,-313.425,20.9825
11123,1212132,0.8149601,-0.62098,-0.8476561,-12.88,-352.5375,23.3275
11124,1212228,0.6958880000000001,-0.309392,-0.6541640000000001,-34.58,-374.85,29.54
11125,1212324,0.655628,-0.11760799999999999,-0.51362,-27.5275,-383.32,39.4975
11126,1212421,0.6392800000000001,-0.083936,-0.472628,-5.46,-384.86,51.4325
11127,1212517,0.7017439999999999,-0.12322000000000001,-0.454816,17.115,-382.8825,61.8625
11128,1212613,0.7732359999999999,-0.203008,-0.467016,31.5,-380.135,69.37
11129,1212709,0.85644,-0.294996,-0.5002,36.61,-377.685,74.0075
11130,1212806,0.96014,-0.328424,-0.5565640000000001,32.3575,-375.5675,76.3525
11131,1212902,1.057984,-0.293288,-0.612684,26.11,-374.535,78.015
11132,1212998,1.111176,-0.24034,-0.6219561,25.55,-374.57,80.78
11133,1213094,1.138016,-0.22448,-0.60268,32.025,-373.45,84.77
11134,1213190,1.142896,-0.25498000000000004,-0.5648601,43.155,-367.99,89.53
11135,1213287,1.199992,-0.36087600000000003,-0.6036560999999999,54.46,-356.86,95.2875
11136,1213383,1.355176,-0.47946000000000005,-0.74054,59.5525,-342.58,101.4475
11137,1213479,1.4715639999999999,-0.577548,-0.868152,56.665,-331.7125,109.725
11138,1213575,1.609668,-0.6344,-1.039684,47.215,-324.1875,120.2425
11139,1213672,1.8292680000000001,-0.678808,-1.2099959999999998,38.5175,-320.81,131.4075
11140,1213768,2.099376,-0.7329760000000001,-1.3571280000000001,33.145,-323.295,142.1
11141,1213864,2.391932,-0.7869,-1.460828,30.3975,-332.08,152.215
11142,1213960,2.658624,-0.8874280999999999,-1.495476,29.2075,-345.9925,161.805
11143,1214057,2.804536,-0.9442801,-1.32492,26.355,-363.1075,170.555
11144,1214153,2.7328,-0.548024,-1.0230920000000001,17.675,-374.955,180.915
11145,1214249,2.720112,-0.148352,-0.751276,24.045,-367.01,204.96
11146,1214345,2.761836,-0.054167999999999994,-0.22667600000000002,54.18,-346.9375,231.35
11147,1214441,2.806244,0.07490801,0.371856,74.935,-310.6075,241.99
11148,1214538,2.976068,0.325252,1.040416,79.31,-259.35,236.6175
11149,1214634,3.224704,0.709796,1.6684720000000002,74.83,-204.96,210.595
11150,1214730,3.50872,1.175348,2.0679,75.7925,-154.665,161.2275
11151,1214826,3.579236,1.316624,2.260416,92.645,-108.5,102.9175
11152,1214923,3.179808,0.757376,2.151592,99.995,-59.9025,46.4975
11153,1215019,2.908236,0.344528,1.6433400000000002,54.985,-4.9,-15.68
11154,1215115,2.816004,0.46774799999999994,0.812276,-9.38,42.4375,-72.485
11155,1215211,2.2418720000000003,-1.21878,1.15534,-40.075,80.01,-106.96
11156,1215307,-1.423252,-0.543144,1.7226400000000002,-199.4475,188.5275,-179.62
11157,1215404,0.2867,1.778028,-2.749148,-280.315,304.36,-236.775
11158,1215500,1.221708,1.575264,-1.922232,-111.6325,346.1325,-125.7025
11159,1215596,4.666988,0.729316,-2.187216,54.04,394.765,-54.005
11160,1215692,4.295132,0.8869401,-2.612752,-11.3925,316.3125,-74.27
11161,1215789,1.504748,0.633912,-1.378112,7.2625,206.0625,-86.06501
11162,1215885,0.21447600000000003,-0.09613601,-0.5978,20.5625,177.2575,-95.9175
11163,1215981,1.522804,-1.9654200000000002,-1.737524,49.5425,191.1,-71.96
11164,1216077,2.0191,-1.992504,-0.45286400000000004,-35.8225,154.5075,-58.135
11165,1216173,0.8805960999999999,0.68076,-1.3664,-121.9925,108.7275,-44.345
11166,1216270,1.25538,-0.243756,-1.028704,-90.70251,95.55,-51.17
11167,1216366,0.673928,-0.589504,-0.743224,-88.0775,71.5925,-54.9325
11168,1216462,0.8876719999999999,-0.151524,-1.022848,-94.29,68.18,-46.725
11169,1216558,0.9557479999999999,-0.16201600000000002,-0.9684360999999999,-87.53501,51.38,-51.45
11170,1216655,0.5648601,-0.177144,-0.892064,-69.4925,36.7325,-45.9375
11171,1216751,0.8744960999999999,-0.10858,-1.030168,-56.8225,35.28,-38.745
11172,1216847,0.645868,-0.062220000000000004,-0.8544879999999999,-37.8875,27.0025,-31.255
11173,1216943,0.7283400999999999,-0.074664,-0.8554641,-22.7325,20.72,-24.29
11174,1217039,0.671732,-0.10516400000000001,-0.821304,-14.1225,19.635,-18.7775
11175,1217136,0.6451359999999999,-0.123708,-0.826916,-9.135,17.7275,-15.645
11176,1217232,0.6375721,-0.072956,-0.8086161000000001,-6.2125,17.64,-14.245
11177,1217328,0.628788,-0.08052000000000001,-0.802272,-2.6775,16.8525,-12.775
11178,1217424,0.6380600000000001,-0.08637601,-0.7881199999999999,0.6125,16.9225,-10.6925
11179,1217521,0.62342,-0.057828,-0.805932,4.3575,17.4825,-7.5425
11180,1217617,0.584868,-0.10833599999999999,-0.8076399999999999,7.9975,19.32,-3.605
11181,1217713,0.561932,-0.24424400000000002,-0.78446,10.43,21.945,-3.4125
11182,1217809,0.592188,-0.220088,-0.7903161,7.5425,26.4075,-7.805
11183,1217905,0.5968241,-0.242292,-0.759572,3.8325,28.56,-13.0725
11184,1218002,0.641232,-0.203984,-0.745908,4.8125,27.09,-17.955
11185,1218098,0.6375721,-0.192028,-0.7417600000000001,10.7975,24.675,-21.7875
11186,1218194,0.5958479999999999,-0.268888,-0.7327321,12.6525,25.1475,-21.7175
11187,1218290,0.6785640000000001,-0.029768,-0.7883640000000001,3.0275,30.975,-19.565
11188,1218387,0.655628,-0.159576,-0.735416,6.125,33.46,-15.5575
11189,1218483,0.676124,-0.030256,-0.7503,5.18,36.1375,-12.4775
11190,1218579,0.6649,-0.09979600000000001,-0.7241920000000001,7.5075,38.115,-9.1525
11191,1218675,0.650992,-0.119316,-0.725168,7.245,40.425,-7.63
11192,1218771,0.671244,-0.146156,-0.709796,7.2975,42.945,-7.77
11193,1218868,0.6836880999999999,-0.177876,-0.6973520000000001,7.4025,44.17,-8.8725
11194,1218964,0.687592,-0.186904,-0.6980841,7.0,43.645,-10.9375
11195,1219060,0.72346,-0.162748,-0.659288,6.6675,41.965,-13.0375
11196,1219156,0.720288,-0.142008,-0.656848,7.6125,39.4975,-13.2825
11197,1219253,0.71004,-0.145912,-0.6612401,9.065,36.855,-12.6875
11198,1219349,0.69296,-0.13176,-0.672708,10.5525,34.8075,-12.25
11199,1219445,0.6785640000000001,-0.160308,-0.6902761,11.9175,34.7025,-12.215
11200,1219541,0.638548,-0.195932,-0.7105279999999999,13.37,36.54,-12.8975
11201,1219638,0.6512359999999999,-0.178852,-0.7168720000000001,12.7925,41.6675,-13.9475
11202,1219734,0.658556,-0.125172,-0.7283400999999999,13.0025,48.2475,-14.245
11203,1219830,0.662216,-0.12688,-0.726388,13.58,58.205,-12.74
11204,1219926,0.670268,-0.11834000000000001,-0.752984,13.0725,70.42,-10.4125
11205,1220022,0.6392800000000001,-0.150792,-0.7539600000000001,12.8625,83.895,-9.31
11206,1220119,0.65514,-0.160308,-0.744444,12.6,99.0675,-10.325
11207,1220215,0.6673399999999999,-0.138104,-0.742492,12.3025,115.325,-11.935
11208,1220311,0.690764,-0.07881200000000001,-0.734928,10.535,131.32,-12.565
11209,1220407,0.650992,-0.14347200000000002,-0.712236,9.8,146.335,-12.635
11210,1220504,0.6373281,-0.180072,-0.703696,6.72,163.6075,-16.345
11211,1220600,0.556076,-0.259372,-0.7200439999999999,0.7175,182.35,-23.17
11212,1220696,0.505324,-0.361608,-0.666852,2.205,209.405,-26.0225
11213,1220792,0.557296,-0.22472399999999998,-0.913292,-1.6975,246.96,-31.78
11214,1220888,1.00528,-0.478728,-0.8439959999999999,-19.5825,273.385,-52.745
11215,1220985,0.711016,-0.357948,-0.729316,-30.625,331.0125,-75.005
11216,1221081,1.4776639999999999,-0.332816,-0.744444,-46.5675,405.195,-88.0775
11217,1221177,0.9423280999999999,-0.190808,-1.401292,-42.1575,493.4825,-86.34501
11218,1221273,1.874652,-0.0488,-1.312964,3.3075,535.4475,-81.91751
11219,1221370,1.801696,-0.390156,-1.199016,74.305,561.295,-78.54
11220,1221466,2.4927040000000003,-0.834724,-1.885144,103.7925,571.8474,-92.19001
11221,1221562,2.3929080000000003,-0.614636,-1.596248,118.8775,538.055,-121.6425
11222,1221658,4.57378,-0.7198,-1.788764,158.1475,514.15,-129.22
11223,1221754,3.288388,-0.536556,-2.185508,226.1,527.5025,-71.8025
11224,1221851,2.2311360000000002,-1.0589600000000001,-2.606896,212.45,424.1125,-65.485
11225,1221947,3.503108,-2.142076,-2.990464,138.1975,202.7025,-83.0375
11226,1222043,2.569076,-1.682136,-3.7090440000000005,18.375,5.4075,-72.1875
11227,1222139,0.25424800000000003,-0.8744960999999999,-1.620892,-43.7675,-159.635,-60.83
11228,1222236,-0.129076,-0.41236000000000006,-1.2519639999999999,-49.42,-175.175,-53.2
11229,1222332,-0.07881200000000001,-0.17397200000000002,-1.0255319999999999,-18.3925,-155.155,-46.1825
11230,1222428,0.25961599999999996,-0.329888,-1.1224,27.1075,-147.21,-30.2925
11231,1222524,0.577304,-0.5665680000000001,-1.2190239999999999,56.245,-162.925,-11.165
11232,1222620,0.7019880000000001,-0.7239479999999999,-1.193892,58.31,-198.135,5.04
11233,1222717,0.7259001,-0.692228,-1.078724,40.215,-238.49,17.78
11234,1222813,0.681248,-0.526552,-0.9328120000000001,20.02,-273.3675,30.1875
11235,1222909,0.6414761,-0.356484,-0.78446,10.0975,-299.9675,44.3625
11236,1223005,0.618052,-0.24790399999999999,-0.6573359999999999,13.16,-317.835,59.7975
11237,1223102,0.6514800000000001,-0.207644,-0.601704,22.9775,-329.21,74.9
11238,1223198,0.707112,-0.172508,-0.580232,32.34,-337.225,87.85
11239,1223294,0.788608,-0.148352,-0.587796,39.515,-343.0,97.825
11240,1223390,0.9167081,-0.11712,-0.6258600000000001,45.4475,-347.9525,105.035
11241,1223486,1.019188,-0.11614400000000001,-0.650748,50.05,-354.9175,109.6025
11242,1223583,1.088484,-0.086132,-0.672708,53.025,-362.775,110.705
11243,1223679,1.141676,-0.012444,-0.667828,57.3475,-369.11,108.9025
11244,1223775,1.179008,0.038064,-0.648308,65.29251,-372.8025,105.42
11245,1223871,1.232444,0.016104,-0.6161,77.47251,-373.6075,100.8175
11246,1223967,1.2444,-0.062464,-0.576816,88.70749,-370.9125,96.04
11247,1224064,1.285636,-0.163724,-0.619516,93.5375,-362.4075,92.6625
11248,1224160,1.312232,-0.305976,-0.6993041,90.49251,-349.6325,92.33001
11249,1224256,1.453508,-0.34111199999999997,-0.892308,78.55751,-335.4925,92.68001
11250,1224352,1.606984,-0.357704,-1.085068,68.565,-325.9025,97.4925
11251,1224449,1.820484,-0.348188,-1.251476,63.9275,-320.8625,106.2075
11252,1224545,2.0400840000000002,-0.33428,-1.36152,65.905,-320.4425,119.7525
11253,1224641,2.2784720000000003,-0.37698000000000004,-1.42252,73.3075,-324.205,137.06
11254,1224737,2.447076,-0.504836,-1.3912879999999999,79.5725,-331.2225,154.6475
11255,1224833,2.528572,-0.44725200000000004,-1.2695319999999999,74.13,-337.1025,170.45
11256,1224930,2.576396,0.01952,-1.1895,63.175,-334.495,190.82
11257,1225026,2.656184,0.167628,-0.9777081,70.525,-324.695,216.16
11258,1225122,2.711084,0.21813600000000002,-0.6258600000000001,76.0375,-310.3975,229.425
11259,1225218,2.716208,0.335256,-0.09345201,63.1225,-288.855,223.9125
11260,1225315,2.767692,0.58316,0.6722199999999999,36.9425,-259.5425,194.95
11261,1225411,2.8774919999999997,1.143872,1.44204,18.27,-223.405,137.2875
11262,1225507,3.055124,1.952732,1.992504,37.03,-181.335,60.2875
11263,1225603,3.201768,1.962004,2.2448,110.495,-134.12,-5.145
11264,1225699,2.8604119999999997,0.9181720999999999,2.13866,163.1525,-86.32751,-52.3075
11265,1225796,2.7115720000000003,0.23301999999999998,1.441064,112.14,-32.2175,-105.105
11266,1225892,2.711816,0.41846000000000005,0.613904,14.9975,7.3325,-157.395
11267,1225988,1.8407360000000001,-1.41886,1.050664,-24.675,28.8225,-191.31
11268,1226084,-1.600152,-1.784128,1.233908,-195.335,126.6125,-278.075
11269,1226181,-0.08662001,0.4941,-2.3433759999999997,-320.6875,218.1725,-335.615
11270,1226277,-1.037976,0.185196,-0.323788,-184.1,243.81,-195.5275
11271,1226373,2.8735880000000003,0.279624,-1.4478959999999998,-65.345,381.745,-63.6475
11272,1226469,5.1000879999999995,1.292468,-2.369484,-93.24,386.295,-32.3225
11273,1226565,1.998604,1.330044,-1.5220719999999999,-80.2025,259.665,-12.775
11274,1226662,-0.017568,0.9882001,-0.7278521,-62.4575,217.455,-45.0625
11275,1226758,1.059448,-1.319064,-1.136308,-12.3025,233.6775,-46.795
11276,1226854,2.7608599999999996,-2.057652,-0.7564001,-86.905,201.4425,-55.3175
11277,1226950,1.6389479999999998,1.144116,-1.6745720000000002,-185.22,130.41,-82.3725
11278,1227047,1.283196,0.4933681,-1.110932,-139.86,67.3575,-82.4775
11279,1227143,1.3468799999999999,-0.113704,-1.299056,-73.85,31.57,-54.11
11280,1227239,0.8271601000000001,-0.152988,-0.935984,-48.7725,32.9,-29.435
11281,1227335,0.777628,-0.193004,-0.815692,-29.015,30.695,-20.09
11282,1227431,0.787388,-0.046848,-0.8483879999999999,-19.6875,25.8475,-14.6125
11283,1227528,0.729804,-0.079544,-0.8596120999999999,-8.33,22.3125,-9.9225
11284,1227624,0.698816,0.013175999999999998,-0.849608,-4.095,22.225,-6.6675
11285,1227720,0.676612,-0.029768,-0.8091041,5.2675,22.7675,0.0525
11286,1227816,0.6470880999999999,-0.11760799999999999,-0.769332,11.55,22.2075,5.32
11287,1227912,0.620736,-0.141276,-0.775676,12.7925,22.0325,6.86
11288,1228009,0.6317159999999999,-0.140544,-0.773968,13.0025,22.9075,7.56
11289,1228105,0.619272,-0.156892,-0.754204,13.2125,23.1525,8.085
11290,1228201,0.58316,-0.152256,-0.786656,10.7275,24.6575,7.14
11291,1228297,0.585356,-0.258396,-0.775188,11.3225,27.4575,4.76
11292,1228394,0.6326921,-0.248148,-0.77104,11.5675,30.6775,0.3675
11293,1228490,0.641964,-0.305732,-0.742492,10.0975,31.815,-3.7975
11294,1228586,0.644892,-0.186172,-0.7442,9.1875,31.3075,-7.805
11295,1228682,0.633424,-0.19959200000000002,-0.755912,17.0625,29.0675,-11.5675
11296,1228778,0.60146,-0.242048,-0.7427361,28.8225,26.74,-16.415
11297,1228875,0.571204,-0.252784,-0.7808001,36.33,27.16,-25.6725
11298,1228971,0.533384,-0.252052,-0.777872,43.995,29.3125,-38.2025
11299,1229067,0.54778,-0.21081599999999998,-0.8317960999999999,51.7125,35.175,-51.2225
11300,1229163,0.525576,-0.26108000000000003,-0.8252079999999999,75.9675,36.9425,-65.8875
11301,1229259,0.520208,-0.35258,-0.7820199999999999,99.6625,41.5625,-86.975
11302,1229356,0.585112,-0.3782,-0.752496,123.8475,45.395,-110.9675
11303,1229452,0.6161,-0.378444,-0.685396,146.895,45.85,-135.835
11304,1229548,0.6663640000000001,-0.376492,-0.64904,168.455,45.745,-158.3575
11305,1229644,0.71614,-0.36722,-0.5797441,188.3525,43.6275,-177.45
11306,1229741,0.7747001,-0.334524,-0.534848,203.7525,41.195,-192.7275
11307,1229837,0.809836,-0.310612,-0.490928,215.495,36.435,-203.5775
11308,1229933,0.833992,-0.294752,-0.452376,220.7975,30.2925,-209.3875
11309,1230029,0.850584,-0.271816,-0.467504,217.6125,24.0975,-210.315
11310,1230125,0.8820601,-0.211548,-0.45993999999999996,205.205,17.7625,-205.135
11311,1230222,0.9089001,-0.098332,-0.459696,187.285,11.06,-194.7225
11312,1230318,0.8945040000000001,-0.052703999999999994,-0.487512,169.365,3.3425,-180.0925
11313,1230414,0.8940161,-0.006587999999999999,-0.514596,146.545,-3.2375,-163.065
11314,1230510,0.869128,0.043676,-0.573156,120.295,-8.505,-142.5025
11315,1230606,0.8418,0.10540799999999999,-0.5926760999999999,92.48751,-12.46,-121.2925
11316,1230703,0.830576,0.156648,-0.6158561,68.285,-15.1375,-100.17
11317,1230799,0.813984,0.163968,-0.640256,50.0325,-16.8,-78.8375
11318,1230895,0.775676,0.12566,-0.666608,35.945,-16.135,-58.3275
11319,1230991,0.752008,0.049044,-0.7088201,25.515,-12.075,-40.8625
11320,1231087,0.7139439999999999,-0.042212,-0.708332,16.9575,-4.1125,-28.07
11321,1231184,0.701012,-0.08174001,-0.7141881,11.6375,8.2075,-21.1225
11322,1231280,0.687592,-0.126148,-0.708576,11.7425,23.695,-20.51
11323,1231376,0.69662,-0.16348,-0.67466,13.6325,40.565,-26.32
11324,1231472,0.7266321,-0.180072,-0.643184,19.67,57.82,-36.6975
11325,1231568,0.711992,-0.18470799999999998,-0.6514800000000001,31.7975,76.755,-50.5925
11326,1231665,0.7407841,-0.19983599999999999,-0.62708,48.9125,98.0525,-69.2825
11327,1231761,0.7476161,-0.223748,-0.681248,69.9475,122.7975,-92.1725
11328,1231857,0.6673399999999999,-0.371368,-0.7019880000000001,91.9625,148.3125,-120.785
11329,1231953,0.711016,-0.453596,-0.7005239999999999,108.1325,194.04,-150.92
11330,1232049,0.57218,-0.48702399999999996,-0.886452,120.5225,247.4675,-184.345
11331,1232146,0.948184,-0.540216,-1.0084520000000001,130.41,296.31,-224.315
11332,1232242,1.19682,-0.543388,-1.244888,143.99,350.07,-248.2375
11333,1232338,1.867088,-0.765184,-1.238788,173.215,381.9375,-273.945
11334,1232434,2.062776,-0.535092,-1.402268,174.9475,391.37,-295.33
11335,1232530,2.65472,-0.624152,-1.40788,213.745,376.7925,-297.045
11336,1232627,2.2762759999999997,-0.689056,-1.8717240000000002,263.34,365.2425,-268.73
11337,1232723,2.300188,-0.6265921,-1.831952,292.425,317.7125,-237.895
11338,1232819,1.36152,-0.43505200000000005,-1.536956,289.3275,242.095,-226.275
11339,1232915,1.2343959999999998,-2.922388,-2.8435759999999997,256.83,141.5925,-189.8575
11340,1233011,0.686616,-3.643896,-1.8065759999999997,200.6725,24.605,-42.4375
11341,1233108,0.17519200000000001,-2.470256,-1.533052,111.405,-18.8825,126.9625
11342,1233204,0.266936,-0.9211,-1.5196319999999999,46.5675,-33.5475,243.5825
11343,1233300,0.5594920999999999,0.32256799999999997,-1.711904,42.105,-42.9975,315.245
11344,1233396,0.423584,1.162416,-1.662616,71.19,-76.7025,332.6225
11345,1233492,0.361608,1.820972,-1.593564,111.2475,-109.7425,299.04
11346,1233589,0.495076,2.05082,-1.6352879999999999,166.3025,-139.23,235.3925
11347,1233685,0.6563601,1.8817279999999998,-1.596248,221.6375,-174.16,164.43
11348,1233781,0.590724,1.5189,-1.375916,254.66,-212.0475,101.3775
11349,1233877,0.5070319999999999,1.272216,-1.12484,263.8125,-237.685,56.875
11350,1233973,0.576328,1.095072,-1.026508,257.1975,-245.525,34.475
11351,1234070,0.695156,1.016016,-1.08092,248.7625,-244.86,34.8075
11352,1234166,0.8127641,0.9821,-1.16388,241.9375,-245.42,48.37
11353,1234262,0.8869401,0.955992,-1.22244,235.025,-249.025,67.1125
11354,1234358,0.8862081,0.9442801,-1.2322,224.91,-253.4525,85.8725
11355,1234454,0.9150001,0.964532,-1.292468,211.3475,-255.5,101.395
11356,1234551,0.9825879999999999,1.0243120000000001,-1.3590799999999998,195.16,-257.355,111.2475
11357,1234647,1.006256,1.1712,-1.4173959999999999,176.19,-261.1175,113.295
11358,1234743,1.065792,1.35542,-1.499624,158.2175,-268.345,101.885
11359,1234839,1.156072,1.594296,-1.559892,143.3425,-278.425,76.9475
11360,1234935,1.1834,1.68238,-1.535248,138.1975,-292.4425,43.0325
11361,1235032,1.1807159999999999,1.671888,-1.48596,134.715,-305.865,0.56
11362,1235128,1.2343959999999998,1.692384,-1.464244,126.8925,-316.2775,-48.1775
11363,1235224,1.298324,1.5889280000000001,-1.400072,123.8825,-325.605,-94.57
11364,1235320,1.2944200000000001,1.331752,-1.297104,125.125,-333.4625,-133.2625
11365,1235416,1.278316,1.072868,-1.20292,123.0425,-336.14,-161.175
11366,1235513,1.270752,0.8908440999999999,-1.141432,119.245,-332.99,-176.855
11367,1235609,1.292224,0.7266321,-1.1033680000000001,120.3825,-326.69,-182.4025
11368,1235705,1.308084,0.580964,-1.043344,123.7075,-319.2,-182.525
11369,1235801,1.293688,0.499468,-0.9669721,124.5125,-310.3275,-180.635
11370,1235898,1.312232,0.44237200000000004,-0.8959681,124.1275,-298.13,-175.6475
11371,1235994,1.403,0.423584,-0.8322841000000001,123.2875,-282.8875,-167.2475
11372,1236090,1.51524,0.509472,-0.740296,118.51,-266.7,-156.73
11373,1236186,1.589904,0.734196,-0.6058520000000001,110.6875,-249.5325,-147.28
11374,1236282,1.682868,0.8845,-0.480436,101.815,-230.405,-143.36
11375,1236379,1.8117,0.892552,-0.357216,88.9875,-210.63,-146.965
11376,1236475,1.9163759999999999,0.800564,-0.203496,71.33,-190.9775,-153.0375
11377,1236571,1.9822560000000002,0.595604,0.028304000000000003,52.85,-169.9775,-152.7925
11378,1236667,1.998116,0.44212799999999997,0.264496,35.4025,-145.005,-142.205
11379,1236764,1.997872,0.4023561,0.43188000000000004,20.44,-113.4875,-121.59
11380,1236860,1.9163759999999999,0.423584,0.5392399999999999,7.49,-79.0125,-96.2325
11381,1236956,1.80804,0.5926760999999999,0.478728,-6.93,-44.0475,-75.25
11382,1237052,1.7448439999999998,0.768356,0.307196,-18.48,-13.8075,-64.3825
11383,1237148,1.5103600000000001,1.1855959999999999,0.50264,-28.0875,10.6925,-70.1925
11384,1237245,1.1995040000000001,1.049688,0.8959681,-20.16,59.01,-145.215
11385,1237341,1.42496,-1.597712,-1.41154,38.2375,79.765,-250.67
11386,1237437,0.813008,-1.471076,-0.7991,-27.51,55.7025,-306.67
11387,1237533,0.60146,-1.66042,-0.924516,-29.33,57.6275,-275.485
11388,1237629,1.518168,-2.111332,-1.711416,13.44,93.5025,-157.8675
11389,1237726,1.23586,-0.46726,-1.295152,-14.665,90.7375,-57.505
11390,1237822,0.393572,0.8701040000000001,-0.8230120999999999,-25.1475,74.6725,-19.915
11391,1237918,0.149816,0.694912,-0.792024,-2.24,79.835,-28.98
11392,1238014,0.433832,-0.252052,-0.733708,29.7675,85.575,-49.91
11393,1238111,0.522892,-0.6229319999999999,-0.734196,36.89,93.135,-46.7775
11394,1238207,0.6380600000000001,-0.9230520000000001,-1.1407,29.995,103.53,-25.0775
11395,1238303,1.42252,-0.8666879999999999,-1.055544,-20.65,99.365,-14.35
11396,1238399,0.38966799999999996,0.468724,-0.9718521000000001,-42.8925,74.235,8.3475
11397,1238495,1.0255319999999999,-0.14713199999999999,-1.136796,-22.155,74.305,5.145
11398,1238592,0.7224841,-0.16592,-0.8759601,-8.75,59.01,7.84
11399,1238688,0.749568,-0.1037,-0.9813681000000001,-1.5575,52.36,11.025
11400,1238784,0.763476,-0.082228,-0.9232961,6.58,45.395,10.5175
11401,1238880,0.721264,-0.17519200000000001,-0.8759601,15.7675,39.4975,11.7775
11402,1238976,0.6946681,-0.265716,-0.840824,23.1525,33.9675,11.6375
11403,1239073,0.693448,-0.17519200000000001,-0.8520479999999999,27.1425,29.575,12.53
11404,1239169,0.639524,-0.243024,-0.78446,32.165,24.3775,13.9825
11405,1239265,0.5914560000000001,-0.284992,-0.755424,33.8275,20.9475,15.82
11406,1239361,0.604876,-0.304268,-0.7468840999999999,30.765,19.495,16.205
11407,1239457,0.603168,-0.26961999999999997,-0.766892,27.4925,18.3925,15.75
11408,1239554,0.60268,-0.24107199999999998,-0.8103239999999999,26.7575,17.605,16.695
11409,1239650,0.5655920999999999,-0.307196,-0.769576,29.505,17.64,18.515
11410,1239746,0.5663239999999999,-0.3416,-0.7439560000000001,29.6275,18.97,19.1625
11411,1239843,0.47384799999999994,-0.322812,-0.6956439999999999,26.39,21.245,17.71
11412,1239939,0.476288,-0.40016,-0.6463561,19.3725,25.13,12.8275
11413,1240035,0.49117200000000005,-0.390888,-0.684176,8.2075,29.0325,5.3725
11414,1240131,0.5453399999999999,-0.360388,-0.7390760000000001,-0.4725,31.6225,-3.5175
11415,1240227,0.62464,-0.331352,-0.7732359999999999,-3.0275,32.3925,-9.03
11416,1240323,0.604632,-0.2501,-0.7788480999999999,-0.07,31.1675,-11.9175
11417,1240420,0.556076,-0.27523200000000003,-0.75884,5.74,28.1225,-15.4
11418,1240516,0.5604680000000001,-0.264496,-0.773968,11.3575,26.5475,-21.07
11419,1240612,0.536068,-0.302316,-0.765428,17.5175,25.0775,-28.7525
11420,1240708,0.5404601,-0.3172,-0.7881199999999999,21.98,24.3775,-39.06
11421,1240804,0.5170359999999999,-0.291824,-0.824232,29.5225,24.29,-51.3625
11422,1240901,0.567788,-0.229604,-0.8296,41.8775,23.1,-65.485
11423,1240997,0.571204,-0.30988000000000004,-0.7605481,58.065,21.0175,-83.125
11424,1241093,0.5690081,-0.288408,-0.727608,68.985,21.0,-105.525
11425,1241189,0.641232,-0.223016,-0.6790520999999999,81.91751,21.8925,-124.4075
11426,1241285,0.661484,-0.388448,-0.544608,96.0925,21.2975,-139.545
11427,1241382,0.6980841,-0.334524,-0.55388,95.26999,23.555,-150.15
11428,1241478,0.753472,-0.30036399999999996,-0.5499761,91.7875,26.0575,-153.7025
11429,1241574,0.7551800000000001,-0.277916,-0.56852,89.79251,27.965,-152.0225
11430,1241670,0.766892,-0.30256,-0.582916,86.31,31.2725,-147.5075
11431,1241766,0.730536,-0.28011199999999997,-0.621224,79.17,35.56,-141.295
11432,1241863,0.7686,-0.2074,-0.5968241,70.63,39.3925,-135.52
11433,1241959,0.730292,-0.293532,-0.650748,62.265,40.8975,-131.0925
11434,1242055,0.8547319999999999,-0.197152,-0.6451359999999999,48.79,45.6575,-125.44
11435,1242151,0.716384,-0.214232,-0.6573359999999999,37.135,54.88,-109.83
11436,1242248,0.658068,-0.15982000000000002,-0.75884,31.4475,70.175,-90.63251
11437,1242344,0.6707561,-0.16714,-0.74542,30.4675,86.6075,-80.535
11438,1242440,0.714432,-0.06954,-0.7390760000000001,28.6825,106.225,-77.9625
11439,1242536,0.656848,-0.02562,-0.729072,26.5475,126.3675,-73.90250999999999
11440,1242632,0.6319600000000001,-0.058072000000000006,-0.7256560000000001,24.08,146.5975,-67.235
11441,1242729,0.6117081,-0.14713199999999999,-0.685396,22.995,173.1975,-58.8525
11442,1242825,0.6709999999999999,-0.148352,-0.834968,19.32,205.9225,-52.0275
11443,1242921,0.769332,-0.28914,-0.617564,9.73,230.7725,-53.69
11444,1243017,1.413248,-0.3721,-0.653432,-3.9725,282.0475,-61.145
11445,1243113,0.76982,-0.30744,-0.55998,4.4275,355.7575,-66.2725
11446,1243210,1.166564,-0.30841599999999997,-0.6375721,-20.4575,430.64,-69.3875
11447,1243306,1.20048,-0.211792,-1.399584,-11.305,518.91,-72.2575
11448,1243402,1.65188,-0.009028000999999999,-1.27368,30.6425,552.0375,-69.7725
11449,1243498,1.749968,-0.6663640000000001,-1.2993,101.8325,561.1025,-59.325
11450,1243595,2.606408,-0.796172,-2.1108439999999997,112.0875,563.2025,-83.7725
11451,1243691,2.47416,-0.582184,-1.6918959999999998,131.5475,501.7775,-115.0625
11452,1243787,4.527419999999999,-0.587064,-1.809748,171.3425,450.31,-130.7425
11453,1243883,4.184844,-0.725412,-2.7898959999999997,253.1375,454.475,-56.5075
11454,1243979,1.647488,-1.815848,-2.654232,228.62,328.9125,-46.6025
11455,1244076,3.51116,-2.6703360000000003,-3.3874519999999997,89.0225,133.735,-82.8975
11456,1244172,1.8058439999999998,-1.4398440000000001,-3.42942,-58.3975,-42.49,-59.78
11457,1244268,-0.23668000000000003,-0.599264,-1.5640399999999999,-106.785,-166.355,-43.82
11458,1244364,-0.229116,-0.132248,-1.388116,-77.665,-156.415,-35.525
11459,1244461,0.05977999999999999,-0.183,-1.3644479999999999,-27.9475,-137.27,-31.3775
11460,1244557,0.34404,-0.4575,-1.488644,10.4125,-144.4625,-27.5625
11461,1244653,0.580964,-0.661728,-1.523292,19.7575,-173.215,-24.3425
11462,1244749,0.6893,-0.733464,-1.4313040000000001,7.0525,-213.9375,-20.755
11463,1244846,0.6902761,-0.652212,-1.230004,-13.8775,-255.8325,-15.6275
11464,1244942,0.5975560000000001,-0.5653481,-0.9901521000000001,-28.4375,-290.885,-6.6675
11465,1245038,0.5489999999999999,-0.47604399999999997,-0.8047121,-32.865,-314.1425,5.1275
11466,1245134,0.550708,-0.447984,-0.659288,-29.2775,-327.6875,19.8625
11467,1245230,0.577304,-0.478972,-0.561932,-24.36,-334.7925,35.77
11468,1245327,0.612684,-0.552904,-0.49556400000000006,-22.2775,-337.505,51.2575
11469,1245423,0.680028,-0.612684,-0.481412,-27.685,-336.525,64.645
11470,1245519,0.777628,-0.6202479999999999,-0.5099600000000001,-38.675,-334.2675,75.075
11471,1245615,0.9086559999999999,-0.57218,-0.558516,-46.9875,-332.85,84.03501
11472,1245711,1.028948,-0.510936,-0.600484,-46.9525,-333.7775,93.2575
11473,1245808,1.114348,-0.5043479999999999,-0.62098,-38.3425,-336.49,101.6925
11474,1245904,1.1956,-0.511424,-0.6258600000000001,-25.2175,-339.22,106.855
11475,1246000,1.262944,-0.524356,-0.618052,-10.255,-340.5325,109.55
11476,1246096,1.307596,-0.574864,-0.639768,5.3375,-338.8,111.8075
11477,1246192,1.417884,-0.5795,-0.742004,18.935,-332.9025,115.15
11478,1246289,1.504016,-0.59536,-0.8508280999999999,31.5875,-327.4775,120.19
11479,1246385,1.6460240000000002,-0.6749041,-1.00406,43.295,-323.645,125.405
11480,1246481,1.860012,-0.729072,-1.155584,49.3675,-322.0175,128.3625
11481,1246577,2.070096,-0.7407841,-1.29198,50.4525,-325.255,129.6225
11482,1246673,2.268712,-0.732244,-1.363228,52.99,-332.64,130.97
11483,1246770,2.501488,-0.7598161,-1.4112959999999999,58.4675,-342.16,133.5425
11484,1246866,2.7471959999999997,-0.6897880999999999,-1.3261399999999999,63.0175,-354.1475,139.545
11485,1246962,2.866756,-0.151524,-1.1651,65.03,-365.2425,154.315
11486,1247058,2.91092,-0.000244,-0.729316,87.0275,-368.69,179.8475
11487,1247155,2.7054720000000003,0.24717199999999998,0.037576,109.9875,-358.19,195.3
11488,1247251,2.571272,0.515328,0.7722600000000001,124.5475,-311.9025,190.8375
11489,1247347,2.967772,0.520452,1.249036,125.44,-243.9675,165.34
11490,1247443,3.390624,0.5294800000000001,1.634312,107.4325,-191.1525,113.505
11491,1247539,3.5231160000000004,0.9772200999999999,1.933212,79.205,-157.605,47.0575
11492,1247636,3.669028,1.2871,2.133536,85.3125,-123.9875,-0.735
11493,1247732,3.310836,0.636108,2.297504,113.26,-83.73751,-21.35
11494,1247828,2.7776959999999997,-0.022203999999999998,2.057408,89.705,-32.865,-41.0725
11495,1247924,2.264564,-0.9501360999999999,2.0425240000000002,17.85,33.67,-70.14
11496,1248020,1.2334200000000002,-1.43472,3.131984,-147.595,155.19,-131.46
11497,1248117,1.262944,1.692384,-1.310768,-353.43,266.49,-234.185
11498,1248213,0.292556,2.439756,-3.2351959999999997,-252.665,304.9375,-186.235
11499,1248309,2.703032,2.0618,-1.493524,-66.395,322.8925,-87.9375
11500,1248405,4.628436,1.530612,-2.151104,-36.9775,308.5075,-137.935
11501,1248502,1.628456,-0.019764,-1.118496,-27.685,213.99,-132.335
11502,1248598,0.21716,-1.3834799999999998,-0.961116,-16.59,187.8975,-105.14
11503,1248694,2.410232,-2.133536,-0.9764879999999999,-74.69,192.4475,-79.94
11504,1248790,1.8112119999999998,1.539396,-1.7021439999999999,-172.1475,137.095,-65.6075
11505,1248886,1.682868,0.94916,-1.617476,-127.925,85.12,-63.7175
11506,1248983,0.539972,-0.9103641,-0.823744,-59.5875,42.98,-36.3825
11507,1249079,1.098244,0.02196,-1.096048,-42.0,52.6225,-16.765
11508,1249175,0.62464,-0.30012,-0.793488,-19.0925,30.905,-14.9625
11509,1249271,0.709796,-0.060512,-0.8903561,-6.1775,23.9225,-7.7875
11510,1249368,0.661484,-0.238144,-0.8239880999999999,5.5475,23.7475,-2.555
11511,1249464,0.604876,-0.20861999999999997,-0.8335040000000001,10.92,21.875,-1.47
11512,1249560,0.627568,-0.16348,-0.830576,11.1825,23.6075,-1.5575
11513,1249656,0.6258600000000001,-0.191296,-0.798124,12.9325,23.8525,-1.3825
11514,1249752,0.65514,-0.1403,-0.7861680999999999,12.46,23.45,-1.82
11515,1249849,0.6390359999999999,-0.09320801,-0.7978801,14.63,22.8375,0.35
11516,1249945,0.621712,-0.1464,-0.77836,18.48,23.1,3.6925
11517,1250041,0.593164,-0.09540401,-0.800564,20.16,25.0075,5.8975
11518,1250137,0.5697399999999999,-0.167872,-0.792512,22.715,29.19,8.1725
11519,1250233,0.571204,-0.23009200000000002,-0.774456,23.135,34.6675,7.8575
11520,1250330,0.61366,-0.200568,-0.7747001,22.6275,39.6025,5.3725
11521,1250426,0.595604,-0.123464,-0.8210601000000001,27.825,42.56,4.76
11522,1250522,0.6082920999999999,-0.264008,-0.74664,37.7125,45.64,4.83
11523,1250618,0.6021920000000001,-0.24522,-0.761524,37.135,49.84,3.185
11524,1250714,0.515084,-0.41382399999999997,-0.6885680999999999,33.9675,54.18,1.4525
11525,1250811,0.6612401,-0.134688,-0.7732359999999999,17.3775,63.2275,-2.0475
11526,1250907,0.62464,-0.293044,-0.659776,21.035,64.9075,-2.8
11527,1251003,0.6939361,-0.20788800000000002,-0.679296,16.1875,65.87,-5.18
11528,1251099,0.713212,-0.236192,-0.6453800000000001,13.195,64.855,-5.81
11529,1251195,0.707112,-0.251808,-0.640744,11.76,62.1075,-4.865
11530,1251292,0.7041841,-0.255956,-0.62098,8.9425,59.78,-5.1975
11531,1251388,0.67588,-0.321592,-0.6263479999999999,7.49,56.6125,-8.5925
11532,1251484,0.6790520999999999,-0.30744,-0.648308,3.255,54.5125,-15.925
11533,1251580,0.712236,-0.2928,-0.6170760000000001,1.365,52.115,-24.2375
11534,1251677,0.7327321,-0.252296,-0.593896,0.42,49.35,-30.695
11535,1251773,0.75884,-0.16226,-0.5838920999999999,-0.5075,48.02,-33.3025
11536,1251869,0.797636,-0.15201199999999998,-0.605608,1.855,45.885,-32.97
11537,1251965,0.754692,-0.142496,-0.5946279999999999,4.725,44.52,-31.255
11538,1252061,0.773724,-0.18056,-0.621468,7.5425,43.61,-28.665
11539,1252158,0.739808,-0.200324,-0.621468,6.755,45.0275,-26.39
11540,1252254,0.724436,-0.299388,-0.612196,7.1575,46.13,-26.6
11541,1252350,0.725168,-0.267424,-0.6505041,3.9025,49.805,-29.7325
11542,1252446,0.746152,-0.20691199999999998,-0.63562,1.715,54.6,-33.2325
11543,1252542,0.719312,-0.12566,-0.684664,1.4175,62.4225,-32.4275
11544,1252639,0.715408,-0.167384,-0.6736840000000001,2.7125,72.8,-29.995
11545,1252735,0.718824,-0.187636,-0.6795401,2.3625,85.97751,-28.3325
11546,1252831,0.731268,-0.166164,-0.670512,1.295,101.0275,-28.9625
11547,1252927,0.70394,-0.10492,-0.69418,0.0,115.885,-28.4375
11548,1253024,0.69784,-0.077836,-0.659288,-0.3675,131.3725,-23.2575
11549,1253120,0.6039,-0.148596,-0.660996,-0.7875,154.5775,-14.9975
11550,1253216,0.6663640000000001,-0.124196,-0.8081281,-5.985,185.9375,-9.2925
11551,1253312,0.7944641,-0.331352,-0.6263479999999999,-15.925,205.66,-14.735
11552,1253408,0.9118280000000001,-0.4026,-0.791536,-16.625,260.9075,-25.7775
11553,1253505,0.863516,-0.33305999999999997,-0.663192,-25.06,314.37,-43.785
11554,1253601,0.8274040000000001,-0.167628,-0.727364,-31.78,394.66,-46.1825
11555,1253697,1.093364,-0.3294,-0.820816,-21.6125,484.0675,-46.0075
11556,1253793,1.519388,-0.392108,-1.169736,9.9575,529.585,-50.6975
11557,1253890,1.878068,-0.309636,-1.240984,58.3975,549.7625,-60.025
11558,1253986,1.978596,-0.43798000000000004,-1.8402479999999999,73.4125,566.5975,-79.87
11559,1254082,2.1945360000000003,-0.7549359999999999,-1.521828,111.5625,522.27,-91.7875
11560,1254178,3.79176,-1.012356,-0.9767321,148.155,484.47,-120.645
11561,1254274,3.779072,-0.72468,-2.351916,226.5725,526.26,-82.39
11562,1254371,2.8018520000000002,-0.80276,-2.6764360000000003,266.1925,494.83,-41.5625
11563,1254467,1.5001120000000001,-1.9895759999999998,-2.77062,234.99,310.4325,-63.21
11564,1254563,4.202656,-2.309704,-3.7475959999999997,135.3625,108.535,-69.195
11565,1254659,1.673352,-1.767048,-2.8604119999999997,18.2875,-72.835,-52.5
11566,1254756,0.37551599999999996,-1.081896,-1.70312,-54.3025,-213.15,-50.225
11567,1254852,0.044896,-0.527284,-1.410808,-76.02,-219.59,-56.56
11568,1254948,-0.033428,-0.240096,-1.106052,-55.335,-221.3225,-59.8325
11569,1255044,0.16592,-0.3172,-1.090192,-12.1625,-217.91,-49.42
11570,1255140,0.474092,-0.548512,-1.110688,25.62,-228.13,-30.065
11571,1255237,0.763232,-0.8015399999999999,-1.105808,41.51,-253.8375,-10.0975
11572,1255333,0.8459479999999999,-0.9254921,-1.004304,27.7725,-291.5325,4.935
11573,1255429,0.8244761,-0.8615640999999999,-0.8342360000000001,-1.7325,-327.355,14.84
11574,1255525,0.7700640999999999,-0.6795401,-0.665632,-27.09,-353.675,23.205
11575,1255622,0.721264,-0.5380199999999999,-0.539484,-38.2375,-369.4075,33.4775
11576,1255718,0.7032079999999999,-0.463844,-0.43798000000000004,-36.47,-374.9725,45.6925
11577,1255814,0.718824,-0.48531599999999997,-0.3782,-28.945,-374.185,58.2575
11578,1255910,0.756156,-0.520452,-0.367708,-24.71,-369.1275,69.3175
11579,1256006,0.8383841000000001,-0.531676,-0.413336,-25.13,-361.76,78.3125
11580,1256103,0.9796600000000001,-0.508984,-0.49654,-25.48,-354.865,86.06501
11581,1256199,1.1472879999999999,-0.487512,-0.609268,-20.895,-351.085,94.7625
11582,1256295,1.322968,-0.44944799999999996,-0.6602640000000001,-10.0625,-351.295,104.6325
11583,1256391,1.46766,-1.60796,0.166408,-8.61,-351.1025,115.5
11584,1256487,1.741916,-0.011224,-0.75762,-82.81,-335.65,118.1075
11585,1256584,1.7633880000000002,0.02196,-0.8708360999999999,-19.5475,-338.275,135.52
11586,1256680,1.520364,-0.447496,-0.6470880999999999,45.535,-349.02,156.2925
11587,1256776,1.51768,-0.8959681,-0.674172,71.6275,-341.985,162.8025
11588,1256872,1.728984,-1.0262639999999998,-0.780312,46.865,-329.28,154.5425
11589,1256969,1.94102,-0.9006040999999999,-0.9613601,8.085,-319.9,144.165
11590,1257065,2.203076,-0.712236,-1.1453360000000001,-10.3425,-317.52,140.98
11591,1257161,2.4705,-0.6348881,-1.284416,-1.8375,-323.82,147.07
11592,1257257,2.654476,-0.695156,-1.285148,20.2825,-336.9975,159.565
11593,1257353,2.645448,-0.8769360999999999,-1.125328,35.8575,-352.6075,171.2375
11594,1257450,2.565172,-0.460916,-0.9086559999999999,33.635,-359.73,177.7825
11595,1257546,2.656672,0.0051240009999999996,-0.728096,39.4975,-349.9825,195.7725
11596,1257642,2.716208,0.09345201,-0.255468,68.1975,-334.53,217.175
11597,1257738,2.826252,0.268644,0.309148,81.55001,-307.265,221.97
11598,1257835,2.928,0.46433199999999997,1.131672,77.1225,-269.6575,208.6
11599,1257931,2.926536,0.8823040000000001,2.074,61.3375,-222.075,167.09
11600,1258027,3.1522360000000003,1.497672,2.586888,55.51,-158.025,94.045
11601,1258123,3.38184,1.553548,2.494168,75.6,-89.705,14.9625
11602,1258219,3.221532,0.7278521,1.979572,85.3825,-30.38,-47.5475
11603,1258315,3.091968,0.228872,1.185108,39.41,14.6475,-99.03251
11604,1258412,2.41072,-0.873764,1.310036,-27.79,52.2725,-137.6375
11605,1258508,-0.172264,-1.018456,2.7955080000000003,-181.8425,153.86,-203.77
11606,1258604,0.9379360000000001,2.121336,-2.38266,-304.2375,265.5275,-264.215
11607,1258700,0.9201241,1.6989720000000001,-2.425848,-120.7325,319.515,-142.6075
11608,1258797,3.036824,0.4743361,-1.2378120000000001,36.05,338.6775,-32.9875
11609,1258893,4.480084,1.524756,-2.845528,-16.73,330.61,-76.4225
11610,1258989,2.1240200000000002,0.616588,-1.4659520000000001,12.7925,226.975,-80.01
11611,1259085,0.327936,-0.13176,-0.620736,6.3525,172.025,-102.095
11612,1259181,0.6380600000000001,-1.526464,-0.892064,29.7675,183.7675,-78.505
11613,1259278,2.662772,-2.650572,-0.7283400999999999,-40.5125,177.205,-62.195
11614,1259374,0.9557479999999999,1.05164,-1.343464,-158.34,112.105,-58.9925
11615,1259470,1.61162,0.368196,-1.3917760000000001,-121.765,95.8125,-62.9125
11616,1259566,0.772992,-0.6283,-0.8464360000000001,-91.8575,54.845,-58.2575
11617,1259662,0.654896,-0.149572,-0.9201241,-84.0525,44.6775,-45.4125
11618,1259759,0.862296,-0.277916,-0.96624,-71.435,38.1675,-44.73
11619,1259855,0.8361879999999999,0.08857201,-1.012844,-52.3775,28.315,-36.68
11620,1259951,0.662704,-0.100772,-0.888648,-27.6675,20.6325,-25.1125
11621,1260047,0.6219561,-0.169824,-0.8322841000000001,-13.755,19.81,-17.605
11622,1260144,0.6729520999999999,0.003172,-0.8576601,-11.2875,18.27,-16.8875
11623,1260240,0.650748,-0.06832001,-0.8296,-5.39,16.485,-13.685
11624,1260336,0.6514800000000001,-0.057584,-0.824232,-0.945,16.9575,-10.57
11625,1260432,0.623908,-0.063684,-0.8091041,2.73,17.1325,-8.575
11626,1260528,0.652944,-0.036112,-0.785192,5.6,17.2025,-6.5975
11627,1260625,0.624396,-0.07564,-0.7793359999999999,8.1725,17.2375,-3.7975
11628,1260721,0.574132,-0.068076,-0.808372,10.22,18.2175,-1.015
11629,1260817,0.559736,-0.20984,-0.801784,12.9325,21.595,0.7175
11630,1260913,0.545096,-0.309148,-0.7556681,14.5775,24.71,-2.275
11631,1261010,0.630984,-0.12980799999999998,-0.785924,10.78,29.19,-6.5625
11632,1261106,0.6392800000000001,-0.175924,-0.756644,12.7925,29.96,-7.5775
11633,1261202,0.640012,-0.08466801,-0.777384,16.1525,29.365,-8.995
11634,1261298,0.5958479999999999,-0.147376,-0.7673800000000001,24.0975,29.68,-10.2375
11635,1261394,0.558272,-0.177876,-0.757864,19.46,35.49,-9.1875
11636,1261491,0.6380600000000001,-0.1159,-0.7600600000000001,11.375,43.7675,-8.225
11637,1261587,0.6409881,-0.16835999999999998,-0.735904,14.525,45.71,-8.96
11638,1261683,0.647332,-0.130296,-0.738344,10.325,48.1075,-11.41
11639,1261779,0.681736,-0.189344,-0.71126,8.4525,48.6325,-13.9125
11640,1261875,0.702964,-0.18251199999999998,-0.690764,5.775,48.405,-16.135
11641,1261972,0.712236,-0.164456,-0.6771,5.39,45.92,-18.0075
11642,1262068,0.72224,-0.125904,-0.666608,5.46,42.91,-18.655
11643,1262164,0.73444,-0.118828,-0.652944,7.28,40.2675,-17.2725
11644,1262260,0.6993041,-0.151524,-0.657824,10.115,37.415,-16.2225
11645,1262356,0.691496,-0.146644,-0.667096,11.5675,35.6125,-16.8525
11646,1262453,0.7034521,-0.12248800000000001,-0.6895439999999999,11.76,35.2625,-17.255
11647,1262549,0.698816,-0.14396,-0.7076001000000001,13.23,36.5225,-16.73
11648,1262645,0.666852,-0.178852,-0.7095520000000001,14.63,39.7075,-17.605
11649,1262741,0.655384,-0.191052,-0.7200439999999999,15.6975,45.395,-20.335
11650,1262838,0.673196,-0.186172,-0.721508,16.24,52.64,-24.15
11651,1262934,0.684176,-0.174704,-0.6993041,16.45,60.8125,-27.965
11652,1263030,0.705892,-0.07442,-0.7166279999999999,16.31,69.755,-29.5925
11653,1263126,0.693204,-0.079544,-0.712236,15.925,79.17,-25.69
11654,1263222,0.676124,-0.07588400000000001,-0.72712,13.16,90.475,-19.11
11655,1263319,0.677832,-0.08344800000000001,-0.734684,10.6575,104.16,-14.3325
11656,1263415,0.6946681,-0.08174001,-0.7361481,8.995,120.2775,-11.13
11657,1263511,0.668316,-0.12688,-0.7551800000000001,7.595,136.78,-8.785
11658,1263607,0.6265921,-0.24131599999999997,-0.711992,5.6875,153.0725,-11.9
11659,1263704,0.589016,-0.280356,-0.734684,0.1225,173.355,-21.21
11660,1263800,0.532652,-0.367952,-0.67466,-4.97,193.76,-32.2
11661,1263896,0.6422081000000001,-0.313052,-0.720776,-7.42,227.045,-41.51
11662,1263992,0.571204,-0.399916,-0.698816,-13.0725,255.2725,-56.805
11663,1264088,0.8127641,-0.381372,-0.7137001000000001,-38.5525,295.2775,-84.315
11664,1264185,1.4713200000000002,-0.276208,-0.7017439999999999,-54.705,361.445,-109.83
11665,1264281,0.8403360000000001,-0.102724,-0.9113399999999999,-42.2975,451.2375,-118.86
11666,1264377,1.66408,-0.21838000000000002,-1.0199200000000002,-8.085,501.5675,-115.6225
11667,1264473,1.8480560000000001,-0.098088,-1.029192,48.02,533.995,-122.1325
11668,1264570,2.2418720000000003,-0.8520479999999999,-1.4269120000000002,100.0825,561.1025,-126.9275
11669,1264666,2.090592,-0.8149601,-1.62382,130.7425,550.62,-147.3675
11670,1264762,4.450316,-1.030412,-1.558916,139.72,508.1825,-173.145
11671,1264858,3.233488,-0.493856,-1.938336,192.64,513.1,-130.13
11672,1264954,2.811612,-1.133624,-2.412184,211.855,459.5325,-105.14
11673,1265051,2.622512,-2.654232,-2.984364,151.3575,278.145,-105.0
11674,1265147,3.7175839999999996,-2.483432,-3.816404,10.9025,67.375,-74.7425
11675,1265243,0.8422879999999999,-1.5469600000000001,-2.055212,-75.7925,-113.2775,-16.415
11676,1265339,-0.1525,-0.7664041,-1.2641639999999998,-104.58,-176.68,20.0375
11677,1265435,-0.25254,-0.28914,-0.9725841000000001,-78.5225,-150.3425,42.7525
11678,1265532,0.057096,-0.266692,-1.017968,-30.3975,-127.2775,61.5125
11679,1265628,0.314272,-0.519476,-1.170468,4.62,-124.775,77.9975
11680,1265724,0.57462,-0.6541640000000001,-1.262944,5.95,-145.635,84.4025
11681,1265820,0.7451760000000001,-0.634156,-1.256844,-15.925,-181.7375,84.35
11682,1265917,0.8066641,-0.44212799999999997,-1.166808,-42.7175,-223.9825,83.23001
11683,1266013,0.778116,-0.20691199999999998,-1.00406,-56.7525,-264.4425,85.5925
11684,1266109,0.674172,-0.061,-0.81618,-53.445,-297.1675,90.7375
11685,1266205,0.6202479999999999,0.003172,-0.66856,-38.4825,-317.7125,95.41
11686,1266301,0.612928,-0.04514,-0.5692520000000001,-21.6825,-328.6325,97.4225
11687,1266398,0.67466,-0.122976,-0.528992,-11.4275,-333.48,95.8125
11688,1266494,0.777384,-0.20788800000000002,-0.542168,-9.625,-335.79,91.56
11689,1266590,0.895236,-0.290848,-0.5838920999999999,-13.93,-339.0275,87.0975
11690,1266686,0.9964959999999999,-0.327936,-0.62342,-22.26,-343.7,83.9125
11691,1266783,1.075552,-0.323788,-0.6527,-30.6075,-348.985,82.8625
11692,1266879,1.128012,-0.291824,-0.659288,-35.175,-353.9025,83.16001
11693,1266975,1.198284,-0.24156,-0.662948,-33.005,-357.21,83.335
11694,1267071,1.256356,-0.21228000000000002,-0.669292,-22.3125,-359.0475,83.685
11695,1267167,1.315648,-0.244732,-0.6771,-5.8275,-357.2275,84.63
11696,1267264,1.383968,-0.317444,-0.711992,10.2725,-351.8375,86.15250999999999
11697,1267360,1.4964520000000001,-0.401868,-0.7951961,21.2975,-343.9625,87.81501
11698,1267456,1.5950280000000001,-0.518744,-0.892308,25.9,-336.9975,90.3175
11699,1267552,1.752896,-0.656116,-1.017968,23.66,-330.54,92.435
11700,1267649,2.0374,-0.755912,-1.19682,17.185,-325.6575,95.6025
11701,1267745,2.379732,-0.8071520000000001,-1.359568,12.11,-327.1975,103.775
11702,1267841,2.645692,-0.830332,-1.4186159999999999,11.375,-337.9075,118.615
11703,1267937,2.8030720000000002,-0.85156,-1.315404,13.58,-352.87,138.7575
11704,1268033,2.805512,-0.512644,-1.0462719999999999,13.405,-363.9825,159.88
11705,1268130,2.750856,-0.21594000000000002,-0.7015,19.11,-361.2525,184.1
11706,1268226,2.689124,-0.05368,-0.172508,32.76,-345.695,200.9875
11707,1268322,2.630808,0.16811600000000002,0.4148,31.2375,-311.71,201.775
11708,1268418,2.722552,0.47775200000000007,1.077016,18.9875,-262.0975,186.585
11709,1268515,3.001444,0.8971879999999999,1.741184,10.185,-206.745,149.8525
11710,1268611,3.4316160000000004,1.390556,2.15452,30.1525,-156.0825,90.89499
11711,1268707,3.551664,1.526952,2.35094,85.33,-113.9425,34.405
11712,1268803,3.06586,0.754204,2.3006759999999997,132.4575,-72.59,-0.735
11713,1268899,2.668384,0.027572000000000003,1.8717240000000002,106.19,-21.665,-37.8525
11714,1268996,2.0764400000000003,-0.026351999999999997,0.8701040000000001,20.685,28.4725,-85.55751
11715,1269092,1.849032,-1.539396,1.529636,-70.2975,106.4525,-142.52
11716,1269188,-0.65514,0.780312,1.8256080000000001,-252.98,210.0875,-243.8625
11717,1269284,0.46335600000000005,1.3090600000000001,-2.805512,-245.07,323.8025,-261.7475
11718,1269381,2.62544,0.44115200000000004,-1.785348,-30.94,352.765,-107.905
11719,1269477,3.9079040000000003,1.15656,-1.943216,21.8225,339.43,-50.54
11720,1269573,3.6524360000000002,1.06018,-2.101572,-10.3775,275.275,-77.3675
11721,1269669,1.330044,0.40748,-1.217804,-6.825,177.2575,-76.3525
11722,1269765,0.026595999999999998,-0.31354,-0.601704,7.4375,153.2125,-78.96
11723,1269862,2.670092,-3.119296,-1.102148,-5.355,165.1125,-64.505
11724,1269958,1.302716,0.288652,-0.770308,-116.9,106.9775,-56.0525
11725,1270054,1.361032,0.882548,-1.567944,-116.0425,82.6875,-59.0625
11726,1270150,0.858392,-0.541192,-0.832528,-73.535,45.885,-50.8025
11727,1270246,0.50142,-0.3538,-0.9054840000000001,-61.495,37.4675,-35.91
11728,1270343,1.112884,-0.07588400000000001,-1.049444,-58.8525,40.7225,-34.8075
11729,1270439,0.6036560999999999,-0.174704,-0.8708360999999999,-35.6825,21.56,-28.805
11730,1270535,0.7417600000000001,-0.049044,-0.870592,-20.9125,17.71,-19.3025
11731,1270631,0.661972,-0.23009200000000002,-0.8176439999999999,-5.8625,17.01,-12.565
11732,1270728,0.6348881,-0.021716,-0.8586360000000001,-1.5925,16.52,-11.2525
11733,1270824,0.640256,-0.11467999999999999,-0.8261841000000001,2.975,16.59,-8.785
11734,1270920,0.6263479999999999,-0.091744,-0.821304,5.6175,17.885,-7.1225
11735,1271016,0.6348881,-0.094672,-0.8103239999999999,7.875,18.9,-6.055
11736,1271112,0.646844,-0.101016,-0.787388,11.3225,19.1275,-4.48
11737,1271209,0.642696,-0.102968,-0.765428,13.8075,19.2675,-2.3625
11738,1271305,0.6273241,-0.07515201,-0.7856801,16.0125,20.1075,1.2775
11739,1271401,0.59536,-0.124196,-0.794708,19.25,21.8575,4.55
11740,1271497,0.5655920999999999,-0.155184,-0.8095920999999999,21.42,25.1475,5.04
11741,1271593,0.597312,-0.205936,-0.7822640000000001,21.5075,30.765,4.8825
11742,1271690,0.6409881,-0.119804,-0.7766521,21.42,34.615,3.64
11743,1271786,0.628544,-0.104676,-0.7978801,27.09,36.365,3.745
11744,1271882,0.61854,-0.211548,-0.756888,36.785,38.2375,4.6725
11745,1271978,0.583648,-0.254736,-0.755424,36.4175,42.9975,4.13
11746,1272075,0.6351319999999999,-0.125904,-0.750788,26.1975,50.8375,3.5175
11747,1272171,0.61854,-0.21813600000000002,-0.701012,21.875,56.91,4.305
11748,1272267,0.633912,-0.219356,-0.710284,19.32,59.3775,2.9925
11749,1272363,0.662948,-0.2562,-0.6836880999999999,13.335,61.6175,-0.6825
11750,1272459,0.690032,-0.254736,-0.6573359999999999,7.385,61.39,-4.865
11751,1272556,0.693204,-0.232776,-0.649284,1.295,59.4825,-8.3825
11752,1272652,0.720776,-0.252784,-0.650016,-0.35,55.615,-12.845
11753,1272748,0.72468,-0.246196,-0.644892,-0.525,50.925,-18.2175
11754,1272844,0.739808,-0.24668400000000001,-0.63318,-0.4025,46.34,-24.675
11755,1272940,0.754448,-0.179828,-0.6197600000000001,-1.0325,42.455,-28.8925
11756,1273037,0.7515201,-0.132004,-0.6224441,0.91,38.815,-29.6975
11757,1273133,0.7324881,-0.12932000000000002,-0.633912,3.4825,36.7325,-28.77
11758,1273229,0.711504,-0.157868,-0.649528,7.3325,35.98,-26.4775
11759,1273325,0.704916,-0.15616,-0.662948,8.3125,37.5375,-25.0075
11760,1273422,0.686128,-0.19885999999999998,-0.6902761,10.1675,40.7925,-24.5525
11761,1273518,0.7190681,-0.16714,-0.6836880999999999,10.36,46.725,-25.34
11762,1273614,0.6954,-0.168604,-0.6634359999999999,12.11,53.3925,-25.9175
11763,1273710,0.740052,-0.145912,-0.684908,11.8475,62.6325,-24.6225
11764,1273806,0.7183361,-0.165188,-0.680516,9.5375,71.19,-21.875
11765,1273903,0.720288,-0.12688,-0.693448,7.2975,82.075,-19.9675
11766,1273999,0.7137001000000001,-0.12712400000000001,-0.6956439999999999,7.6125,93.5375,-18.55
11767,1274095,0.7015,-0.101504,-0.68686,7.1225,106.4875,-17.0275
11768,1274191,0.69296,-0.11102000000000001,-0.699792,5.39,121.8525,-14.105
11769,1274287,0.64172,-0.18056,-0.7241920000000001,3.2725,139.475,-14.4725
11770,1274384,0.582916,-0.22277199999999997,-0.735172,0.805,160.7375,-17.6925
11771,1274480,0.543144,-0.25498000000000004,-0.6634359999999999,5.81,190.4,-20.055
11772,1274576,0.5516840000000001,-0.264252,-0.8176439999999999,3.1325,228.865,-25.4275
11773,1274672,1.022604,-0.44773999999999997,-0.81252,-10.99,257.705,-47.39
11774,1274769,0.478728,-0.273768,-0.698328,-11.1825,321.23,-71.2775
11775,1274865,1.868552,-0.335744,-0.5846241,-23.66,392.5075,-83.02
11776,1274961,0.815936,-0.24424400000000002,-1.148752,-10.185,489.0025,-80.185
11777,1275057,1.884168,-0.256932,-1.389824,27.825,530.285,-81.025
11778,1275154,1.798768,-0.44066400000000006,-1.22488,89.1275,550.34,-80.5525
11779,1275250,2.374852,-0.791048,-1.7992560000000002,106.855,560.9625,-98.89251
11780,1275346,2.08986,-0.64172,-1.311256,121.1,521.78,-127.9075
11781,1275442,4.127016,-0.8100801,-1.386164,149.1525,507.01,-147.455
11782,1275538,3.113684,-0.514108,-2.131584,219.1525,542.395,-88.3575
11783,1275635,2.6776560000000003,-0.8996280999999999,-2.6693599999999997,243.46,488.6175,-62.7375
11784,1275731,2.131828,-2.4390240000000003,-2.713768,201.215,305.27,-74.11251
11785,1275827,4.315384,-2.614704,-4.065283999999999,58.5725,92.26001,-61.46
11786,1275923,1.430328,-1.7028759999999998,-2.543212,-63.805,-118.23,-28.5775
11787,1276019,0.307684,-0.8647360000000001,-1.640168,-132.8425,-233.94,-16.2925
11788,1276116,-0.14005599999999999,-0.207644,-1.20658,-134.575,-235.025,-17.0275
11789,1276212,-0.122244,0.09882,-0.9860040999999999,-88.585,-227.85,-16.205
11790,1276308,0.10638399999999999,-0.014152000000000001,-0.987712,-20.9125,-218.5225,-1.68
11791,1276404,0.434564,-0.31890799999999997,-1.05164,33.53,-224.805,16.5025
11792,1276501,0.7500560000000001,-0.638792,-1.099952,54.5825,-248.15,28.98
11793,1276597,0.949892,-0.771772,-1.07482,41.4225,-285.6525,34.72
11794,1276693,0.9677040000000001,-0.687104,-0.9296399999999999,10.9375,-326.655,37.0125
11795,1276789,0.8918200000000001,-0.47604399999999997,-0.7366361,-13.685,-361.1125,38.7975
11796,1276885,0.8095920999999999,-0.317444,-0.571204,-19.3725,-382.445,42.98
11797,1276982,0.752496,-0.2379,-0.441884,-11.0075,-391.1075,49.035
11798,1277078,0.7278521,-0.2379,-0.365512,4.1125,-390.5125,55.4925
11799,1277174,0.7705521,-0.3172,-0.36112,18.165,-383.075,61.425
11800,1277270,0.853024,-0.418216,-0.417972,24.6225,-373.5025,66.15
11801,1277367,0.9869800999999999,-0.44822799999999996,-0.511668,22.47,-364.7875,69.335
11802,1277463,1.0943399999999999,-0.43627200000000005,-0.5797441,19.4775,-359.8875,72.135
11803,1277559,1.2197559999999998,-0.42163199999999995,-0.62098,20.8775,-357.14,75.565
11804,1277655,1.254892,-0.376736,-0.6161,26.9325,-354.795,80.465
11805,1277751,1.284904,-0.47043199999999996,-0.611952,39.305,-350.2275,87.045
11806,1277848,1.337364,-0.607316,-0.654896,49.07,-341.32,95.2175
11807,1277944,1.366156,-0.768112,-0.7093081,48.5275,-328.44,104.79
11808,1278040,1.47986,-0.873276,-0.8884040000000001,36.225,-312.4625,116.1475
11809,1278136,1.7672919999999999,-0.865956,-1.1394799999999998,21.3675,-297.36,130.0425
11810,1278233,2.148664,-0.8274040000000001,-1.3668879999999999,15.3825,-291.27,149.135
11811,1278329,2.484652,-0.8403360000000001,-1.481568,18.165,-298.0775,172.62
11812,1278425,2.710108,-0.9818561,-1.422276,21.35,-312.9175,194.5125
11813,1278521,2.830156,-1.0765280000000002,-1.2517200000000002,13.6325,-327.88,207.3925
11814,1278617,2.8365,-0.7407841,-0.9516,-3.185,-337.2075,212.275
11815,1278714,2.852604,-0.026595999999999998,-0.7639640999999999,-8.365,-333.2175,225.6275
11816,1278810,2.98046,0.124196,-0.320616,27.895,-320.3375,251.1775
11817,1278906,3.0636639999999997,0.280844,0.26108000000000003,61.775,-300.0025,260.9425
11818,1279002,3.127836,0.580232,1.071892,76.72,-268.73,251.9125
11819,1279098,3.125396,0.9435479999999999,2.0752200000000003,81.235,-225.6625,222.6
11820,1279195,3.185176,1.366156,2.694492,89.81,-167.125,163.135
11821,1279291,3.313764,1.506944,2.726944,112.315,-100.8175,86.04751
11822,1279387,3.0868439999999997,0.8420440999999999,2.26432,129.6925,-40.9325,14.8575
11823,1279483,2.83528,0.16104000000000002,1.488888,97.7025,7.175,-53.48
11824,1279580,1.9551720000000001,-0.843508,0.9450120000000001,30.6075,42.0,-112.8925
11825,1279676,1.11386,-2.209908,2.1291439999999997,-113.1725,126.455,-176.0325
11826,1279772,0.008784,2.020808,0.24156,-344.9775,226.3275,-258.195
11827,1279868,0.42333999999999994,1.8226799999999999,-2.97558,-241.6925,317.9225,-204.9425
11828,1279964,2.583472,1.2756319999999999,-1.582096,-33.1625,336.98,-54.985
11829,1280061,3.95402,1.9339439999999999,-2.316292,2.2575,330.1725,-57.47
11830,1280157,3.0985560000000003,0.803736,-1.849764,15.995,254.2575,-87.8675
11831,1280253,0.9679481,-0.17128800000000002,-0.828624,7.63,166.8975,-96.63501
11832,1280349,0.38308000000000003,-1.522804,-0.9494040000000001,13.2475,156.66,-90.65001
11833,1280446,2.1838,-2.5498,-0.655628,-51.03,155.5575,-75.5475
11834,1280542,1.203408,0.8862081,-1.136552,-151.585,107.6075,-70.8925
11835,1280638,1.435208,0.410652,-1.372744,-120.7325,85.71500999999999,-76.265
11836,1280734,0.7705521,-0.660752,-0.8437520000000001,-90.72001,50.1375,-66.78
11837,1280831,0.5941401,-0.07490801,-0.948184,-88.04251,40.4425,-53.4275
11838,1280927,0.9025559999999999,-0.35502,-0.9638,-76.2475,35.245,-50.085
11839,1281023,0.7224841,0.044652,-0.90402,-58.835,23.7825,-41.1775
11840,1281119,0.704916,-0.076616,-0.8967,-36.1375,15.715,-29.785
11841,1281215,0.6558721,-0.102968,-0.8723001,-19.8625,17.0975,-21.8225
11842,1281312,0.6675840000000001,-0.040504000000000005,-0.8527800999999999,-9.6425,16.66,-17.5875
11843,1281408,0.6378159999999999,-0.069052,-0.8361879999999999,-2.4675,16.6775,-13.93
11844,1281504,0.636108,-0.041968,-0.833992,2.625,18.3575,-10.465
11845,1281600,0.636596,-0.061732,-0.807396,6.5625,19.32,-8.0675
11846,1281696,0.649284,-0.068564,-0.7890961,9.625,19.5825,-5.88
11847,1281793,0.6375721,-0.11102000000000001,-0.767624,10.6575,18.9175,-4.7075
11848,1281889,0.6058520000000001,-0.115656,-0.7686,9.555,18.1825,-4.585
11849,1281985,0.5997520000000001,-0.1464,-0.786656,9.31,19.0225,-3.7975
11850,1282081,0.5697399999999999,-0.209108,-0.787632,10.1325,21.3325,-3.57
11851,1282178,0.600484,-0.163968,-0.803492,9.2575,25.4275,-4.725
11852,1282274,0.623908,-0.182268,-0.772992,11.1475,28.1225,-5.705
11853,1282370,0.66246,-0.11248399999999999,-0.764452,13.8775,28.5075,-7.42
11854,1282466,0.612196,-0.12322000000000001,-0.7849480999999999,20.5975,28.5775,-8.575
11855,1282563,0.589992,-0.094672,-0.7861680999999999,18.2875,35.035,-5.9675
11856,1282659,0.625128,-0.122,-0.763476,12.775,44.2225,-2.45
11857,1282755,0.6441600000000001,-0.101504,-0.7549359999999999,12.0225,49.0875,-0.5075
11858,1282851,0.65514,-0.135908,-0.729316,11.0425,53.13,-0.1225
11859,1282948,0.675148,-0.155428,-0.708576,11.62,55.23,0.3675
11860,1283044,0.680516,-0.185684,-0.69418,11.935,56.035,-0.1225
11861,1283140,0.685396,-0.203984,-0.6834439999999999,11.655,54.8625,-2.1525
11862,1283236,0.6993041,-0.20984,-0.6649,10.6225,52.325,-5.565
11863,1283332,0.713212,-0.17812,-0.6563601,9.87,48.93,-9.3275
11864,1283429,0.730536,-0.149572,-0.633668,9.555,45.4125,-11.655
11865,1283525,0.7278521,-0.143716,-0.6329359999999999,10.22,42.3325,-12.11
11866,1283621,0.705892,-0.180804,-0.6649,11.795,39.235,-11.9
11867,1283717,0.693204,-0.1891,-0.680028,12.215,37.0825,-14.0525
11868,1283814,0.6753920999999999,-0.1647,-0.684664,11.9875,37.905,-16.765
11869,1283910,0.6856399999999999,-0.149572,-0.689056,12.7225,40.6875,-18.34
11870,1284006,0.691008,-0.16128399999999998,-0.6917399999999999,14.6475,44.9575,-18.655
11871,1284102,0.7027201,-0.16201600000000002,-0.6790520999999999,16.345,51.5025,-18.4625
11872,1284198,0.693204,-0.143228,-0.6756361,16.6775,57.8725,-17.815
11873,1284295,0.7239479999999999,-0.100284,-0.688812,15.0325,65.24,-14.665
11874,1284391,0.715164,-0.069784,-0.708576,13.09,73.7275,-9.17
11875,1284487,0.69906,-0.12566,-0.7068681,14.315,83.79001,-4.1125
11876,1284583,0.6824680000000001,-0.107848,-0.7315119999999999,14.805,98.1925,-0.5775
11877,1284680,0.687348,-0.12175599999999999,-0.7551800000000001,14.455,112.98,-0.105
11878,1284776,0.621712,-0.24034,-0.7178479999999999,12.075,128.5375,-3.1675
11879,1284872,0.6107319999999999,-0.284992,-0.735416,4.8475,149.66,-12.74
11880,1284968,0.573156,-0.274256,-0.7088201,-2.7475,171.64,-23.1525
11881,1285064,0.537532,-0.299144,-0.660996,0.98,200.0425,-28.035
11882,1285161,0.6558721,-0.251076,-0.8274040000000001,-1.33,234.29,-32.165
11883,1285257,0.912316,-0.368196,-0.7056479999999999,-18.2875,258.4575,-51.3625
11884,1285353,0.4743361,-0.263764,-0.621224,-24.9025,315.1925,-71.4
11885,1285449,1.9075919999999997,-0.317688,-0.542168,-47.0225,377.5275,-82.53
11886,1285546,0.7549359999999999,-0.188612,-0.8642481,-47.95,472.7625,-80.465
11887,1285642,1.8356119999999998,-0.261812,-1.2585520000000001,-23.17,530.985,-80.045
11888,1285738,1.765096,-0.189344,-0.9989360999999999,40.3725,556.5175,-81.2175
11889,1285834,2.164036,-0.5631520000000001,-1.5220719999999999,73.2725,573.02,-95.2175
11890,1285930,2.089372,-0.692472,-1.8463479999999999,112.28,560.105,-109.9875
11891,1286027,3.9725639999999998,-1.051396,-1.573556,144.7775,517.3525,-128.9575
11892,1286123,2.740852,-0.595604,-1.944924,206.5525,539.0175,-92.9425
11893,1286219,2.972164,-0.8784,-2.725968,244.23,525.84,-62.44
11894,1286315,2.084736,-1.839516,-3.0378,223.685,353.4475,-64.41751
11895,1286411,4.425916,-2.650572,-4.105055999999999,115.605,129.9725,-59.57
11896,1286508,1.84952,-1.855864,-2.897744,-8.33,-90.125,-26.1275
11897,1286604,0.453596,-1.022604,-1.7890080000000002,-94.2725,-231.2975,-17.2725
11898,1286700,-0.018788,-0.349408,-1.342976,-110.5475,-240.38,-17.7975
11899,1286796,-0.057828,-0.012931999999999999,-1.081896,-73.2025,-234.675,-17.64
11900,1286893,0.16958,-0.126148,-1.07482,-10.29,-226.765,-3.675
11901,1286989,0.461404,-0.423828,-1.111908,40.495,-234.15,14.945
11902,1287085,0.6822239999999999,-0.711504,-1.103856,56.9975,-257.1275,28.56
11903,1287181,0.8044680999999999,-0.8274040000000001,-1.0208959999999998,39.8825,-288.295,34.7025
11904,1287277,0.8632719999999999,-0.7378560000000001,-0.90402,8.4525,-319.4625,37.0475
11905,1287374,0.8703481,-0.539484,-0.767624,-16.45,-346.5175,40.8975
11906,1287470,0.8371639999999999,-0.376492,-0.6326921,-22.7675,-366.625,49.0175
11907,1287566,0.83814,-0.296216,-0.5443640000000001,-13.3875,-378.385,60.41
11908,1287662,0.8471681000000001,-0.28426,-0.47604399999999997,2.0475,-384.545,72.66
11909,1287758,0.8591241,-0.34428400000000003,-0.45506,15.575,-385.525,83.4575
11910,1287855,0.9118280000000001,-0.41113999999999995,-0.47677600000000003,21.3325,-382.0425,91.28
11911,1287951,1.354444,-0.273524,-0.8357,18.8125,-372.225,96.1625
11912,1288047,1.367376,-0.305,-0.644892,21.35,-378.0875,100.275
11913,1288143,1.143872,-0.424804,-0.51362,25.935,-396.1475,102.4625
11914,1288240,1.159732,-0.28621199999999997,-0.5060560000000001,24.36,-384.93,104.0025
11915,1288336,1.25904,-0.271816,-0.561688,33.88,-368.4625,106.505
11916,1288432,1.371768,-0.413092,-0.657092,51.275,-354.5675,112.665
11917,1288528,1.4781520000000001,-0.647332,-0.7661600000000001,59.675,-340.2875,121.1175
11918,1288624,1.5767280000000001,-0.8525360000000001,-0.9186601000000001,49.8225,-328.1425,130.7075
11919,1288721,1.790472,-0.9113399999999999,-1.148264,25.8475,-316.6625,140.28
11920,1288817,2.118652,-0.82594,-1.3969,4.76,-310.1,152.6525
11921,1288913,2.506612,-0.721996,-1.543788,0.5075,-313.3025,170.73
11922,1289009,2.787456,-0.8100801,-1.513776,9.695,-326.5675,191.555
11923,1289105,2.953132,-1.664568,-0.9394,1.96,-332.5525,196.84
11924,1289202,2.636176,-0.071248,-0.22667600000000002,-99.96,-310.6075,156.1
11925,1289298,3.335724,0.86498,-0.8361879999999999,-95.48,-296.975,162.7675
11926,1289394,3.255936,0.8613200000000001,-0.4087,-0.0875,-303.135,207.2175
11927,1289490,3.174196,0.324764,0.160796,106.8725,-312.445,251.3175
11928,1289587,2.78648,-0.050752,1.059936,143.36,-301.0175,260.12
11929,1289683,2.6537439999999997,0.299632,1.955416,111.16,-253.365,218.33
11930,1289779,2.944836,1.160708,2.243336,75.5475,-187.1275,150.6575
11931,1289875,3.203964,1.33102,2.3380080000000003,87.08,-124.775,93.3975
11932,1289971,2.3006759999999997,0.729072,2.241628,98.735,-70.4025,44.6775
11933,1290068,1.678964,-0.489464,2.467816,44.1,21.0875,-33.5125
11934,1290164,1.4064159999999999,-0.698816,2.779404,-109.97,149.2575,-152.005
11935,1290260,1.9602959999999998,1.4091,1.71166,-270.48,268.1525,-265.93
11936,1290356,1.63724,2.0581400000000003,-1.624064,-216.79,353.955,-255.9025
11937,1290453,4.164836,-0.650748,-3.006812,35.56,413.385,-87.2375
11938,1290549,4.7179839999999995,0.768844,-2.4622040000000003,-5.6,353.71,-37.2925
11939,1290645,2.640568,1.3571280000000001,-1.782664,-30.555,260.855,-39.3225
11940,1290741,0.8430200999999999,0.8605879999999999,-1.101172,-7.525,196.35,-55.8075
11941,1290837,-0.14396,-0.128588,-0.2806,13.79,172.9525,-90.3875
11942,1290934,2.921168,-3.9857400000000003,-1.164368,2.03,179.5325,-92.645
11943,1291030,1.694336,-0.514108,-0.678808,-130.27,118.8425,-82.14499
11944,1291126,0.7722600000000001,0.898164,-1.436428,-155.505,81.46251,-96.075
11945,1291222,1.586488,-0.265472,-1.322968,-111.825,53.76,-91.245
11946,1291319,0.416264,-0.18422,-0.877912,-94.60501,30.905,-72.975
11947,1291415,1.074088,-0.21008400000000002,-0.7032079999999999,-78.7325,34.2125,-58.87
11948,1291511,0.7473721,0.11712,-1.004548,-59.08,19.4425,-49.0875
11949,1291607,0.820572,-0.08637601,-0.919636,-43.4875,19.1975,-38.325
11950,1291703,0.66856,-0.07881200000000001,-0.916952,-25.795,16.8,-29.5225
11951,1291800,0.7324881,0.031964,-0.833992,-19.0925,17.675,-25.445
11952,1291896,0.6502600000000001,-0.05002,-0.8164239999999999,-8.015,17.2025,-17.6575
11953,1291992,0.653676,-0.016347999999999998,-0.8081281,-2.485,18.34,-12.8975
11954,1292088,0.6456241,-0.102724,-0.7849480999999999,2.7125,18.27,-9.1
11955,1292185,0.6707561,-0.06880801,-0.775188,6.265,17.3775,-6.79
11956,1292281,0.638548,-0.08100801,-0.772748,8.785,16.17,-4.8475
11957,1292377,0.6124400999999999,-0.090036,-0.792024,9.9225,16.2575,-2.8175
11958,1292473,0.60512,-0.125904,-0.803492,10.4475,17.9375,-1.47
11959,1292569,0.61854,-0.10687200000000001,-0.7956840999999999,11.2525,20.3875,-0.7525
11960,1292666,0.627568,-0.07808001,-0.7954399999999999,12.04,22.5575,0.0525
11961,1292762,0.634644,-0.133956,-0.772992,13.6675,24.115,1.575
11962,1292858,0.653188,-0.14713199999999999,-0.757376,14.8225,24.955,1.47
11963,1292954,0.624152,-0.190808,-0.765184,16.5025,25.1125,-0.1575
11964,1293051,0.61854,-0.095648,-0.802272,13.405,29.2075,-1.2425
11965,1293147,0.61732,-0.157136,-0.769332,11.725,35.0,-0.315
11966,1293243,0.6319600000000001,-0.131272,-0.7612800999999999,9.3625,39.025,-0.035
11967,1293339,0.642452,-0.164944,-0.7417600000000001,8.715,42.105,-0.8400001
11968,1293436,0.662948,-0.123708,-0.726876,8.1375,44.4325,-1.6275
11969,1293532,0.66856,-0.131272,-0.7105279999999999,7.7175,45.7975,-1.75
11970,1293628,0.679296,-0.13859200000000002,-0.711016,6.7725,46.9,-1.855
11971,1293724,0.679296,-0.134932,-0.6956439999999999,7.2275,47.39,-2.0475
11972,1293820,0.6795401,-0.137128,-0.69418,8.855,48.1425,-2.3975
11973,1293917,0.67466,-0.164944,-0.69662,10.5,49.1575,-4.27
11974,1294013,0.684664,-0.1891,-0.682956,10.2725,50.8725,-6.8075
11975,1294109,0.69296,-0.195444,-0.670512,9.205,52.15,-9.555
11976,1294205,0.6985720999999999,-0.175924,-0.6646561,9.3975,53.06,-12.3375
11977,1294301,0.7007680000000001,-0.16592,-0.6646561,10.5525,53.9875,-14.84
11978,1294398,0.69784,-0.151036,-0.665876,11.27,55.93,-16.31
11979,1294494,0.7239479999999999,-0.138836,-0.66368,11.3225,58.59,-17.4825
11980,1294590,0.710284,-0.14713199999999999,-0.659044,11.76,61.425,-18.1475
11981,1294686,0.728096,-0.105652,-0.671244,11.6725,64.855,-18.4625
11982,1294783,0.729804,-0.09150001,-0.662216,11.9,69.0725,-16.66
11983,1294879,0.74054,-0.094672,-0.667096,12.705,73.535,-14.175
11984,1294975,0.7329760000000001,-0.133468,-0.662704,13.6675,77.2275,-11.8125
11985,1295071,0.7266321,-0.11712,-0.654896,13.09,82.11,-10.325
11986,1295168,0.7190681,-0.10223600000000001,-0.663924,13.1425,87.97251,-9.9575
11987,1295264,0.71004,-0.125172,-0.65514,11.9,94.29,-10.4825
11988,1295360,0.6946681,-0.167384,-0.665144,9.9225,103.0575,-12.74
11989,1295456,0.68686,-0.22448,-0.670512,8.12,114.9575,-18.3575
11990,1295552,0.659288,-0.270108,-0.6753920999999999,4.2175,130.2525,-27.65
11991,1295649,0.600484,-0.31012399999999996,-0.68686,7.875,150.185,-38.0975
11992,1295745,0.711504,-0.262056,-0.7356600000000001,11.7075,182.4375,-46.725
11993,1295841,0.568764,-0.227408,-0.66978,12.1625,218.5225,-56.7
11994,1295937,1.0826280000000001,-0.261812,-0.8510719999999999,3.115,259.0525,-75.985
11995,1296034,0.8249639999999999,-0.39967199999999997,-0.647576,27.475,319.655,-94.8325
11996,1296130,1.5081639999999998,-0.40626,-1.1995040000000001,55.7025,399.595,-112.7175
11997,1296226,1.291248,-0.143716,-1.4715639999999999,102.0775,464.6425,-125.51
11998,1296322,1.604544,-0.33379200000000003,-1.307596,148.365,489.265,-133.525
11999,1296418,2.345816,-0.9674601,-1.8290240000000002,175.0875,500.955,-147.56
12000,1296515,2.913116,-0.974292,-1.3139399999999999,183.645,472.0625,-168.805
12001,1296611,3.2046959999999998,-0.6673399999999999,-1.362252,195.16,474.705,-172.8825
12002,1296707,2.986316,-0.35136,-2.124752,240.415,475.6675,-140.1575
12003,1296803,2.276032,-0.644892,-2.140124,249.6725,382.305,-131.04
12004,1296900,2.20454,-1.6499279999999998,-2.7650080000000004,237.4575,205.8,-126.875
12005,1296996,2.2709080000000004,-2.17404,-3.237636,159.5475,38.78,-100.8175
12006,1297092,0.223992,-1.7221520000000001,-1.6653,89.74,-84.665,-62.335
12007,1297188,-0.25302800000000003,-1.30418,-1.2627,33.95,-114.695,-23.4325
12008,1297285,-0.0488,-0.800076,-1.170224,14.8225,-98.35,21.945
12009,1297381,0.288652,-0.5060560000000001,-1.279048,25.585,-102.9875,71.71500999999999
12010,1297477,0.437004,-0.33916,-1.286124,47.5475,-128.485,121.2925
12011,1297573,0.42700000000000005,-0.23253200000000002,-1.1953559999999999,58.345,-162.295,158.9525
12012,1297669,0.438468,-0.021228,-1.096048,51.0825,-190.9425,177.5375
12013,1297766,0.46506400000000003,0.265228,-1.02114,35.8225,-213.8675,179.515
12014,1297862,0.532896,0.599996,-0.9947881,26.915,-234.0975,173.1275
12015,1297958,0.58804,0.877668,-0.9916161,36.085,-252.6125,166.075
12016,1298054,0.684664,1.009916,-0.9933241,62.3875,-269.1325,160.265
12017,1298150,0.7722600000000001,0.9345201,-0.9857600000000001,95.83,-286.5975,153.86
12018,1298247,0.8823040000000001,0.759328,-0.9767321,119.105,-302.9775,145.39
12019,1298343,0.984296,0.59292,-0.9679481,124.39,-318.15,134.47
12020,1298439,1.02968,0.508008,-0.9330560999999999,113.2425,-331.3625,122.1325
12021,1298535,1.062376,0.549244,-0.9110959999999999,94.6925,-340.585,108.78
12022,1298632,1.109712,0.606584,-0.93086,82.355,-346.7975,95.97
12023,1298728,1.145092,0.576816,-0.9528200000000001,79.45,-351.505,84.7175
12024,1298824,1.192428,0.5063,-0.9796600000000001,79.3275,-356.2825,73.7625
12025,1298920,1.250256,0.38064000000000003,-0.9903959999999999,78.4,-359.3275,63.9275
12026,1299016,1.2700200000000001,0.441884,-1.059448,71.6975,-359.03,55.3875
12027,1299113,1.37006,0.46774799999999994,-1.14924,72.1,-358.925,48.3175
12028,1299209,1.413736,0.401868,-1.2134120000000002,79.52,-362.3725,42.1225
12029,1299305,1.510116,0.337208,-1.317356,84.455,-364.56,32.5325
12030,1299401,1.732156,0.325496,-1.480348,88.8475,-365.61,22.085
12031,1299497,1.9727400000000002,0.43432,-1.56892,97.3,-370.3,14.9625
12032,1299594,2.135,0.7356600000000001,-1.579656,113.19,-376.845,13.79
12033,1299690,2.279936,0.676612,-1.4576559999999998,143.185,-380.1,14.525
12034,1299786,2.428532,0.447496,-1.268556,163.9225,-376.7575,7.8925
12035,1299882,2.550532,-0.09882,-0.7854361,154.8225,-362.39,-6.545
12036,1299979,2.5317439999999998,0.534848,-0.36575599999999997,93.87,-327.845,-38.3075
12037,1300075,3.002908,1.014308,-0.38918,87.0625,-303.6075,-43.0675
12038,1300171,2.743292,0.788852,0.6822239999999999,137.0075,-288.4,-21.6475
12039,1300267,2.720844,1.1387479999999999,1.658468,158.83,-249.725,-22.3475
12040,1300364,2.8313759999999997,1.588684,2.146712,155.75,-189.2975,-47.95
12041,1300460,2.6400799999999998,1.442772,2.0461840000000002,138.8275,-125.2475,-75.075
12042,1300556,2.417064,1.194136,1.414712,75.6175,-60.9,-107.485
12043,1300652,2.2143,0.185928,1.240984,-20.6325,6.1075,-166.46
12044,1300749,1.8317080000000001,0.149572,1.7685119999999999,-170.2925,91.525,-289.6425
12045,1300845,1.334192,0.8447280999999999,-0.09638,-270.1825,159.8275,-398.09
12046,1300941,0.847412,-0.104432,-2.013488,-240.1525,173.5475,-383.18
12047,1301037,0.9384239999999999,-2.4043759999999996,-1.1873040000000001,-129.85,185.9025,-238.8225
12048,1301133,2.587132,-0.5511961,-1.1770559999999999,-107.5375,237.65,-103.1275
12049,1301229,2.48392,1.383968,-1.772172,-120.8725,235.7075,-25.6725
12050,1301326,0.343796,1.47254,-0.978196,-97.405,183.8375,0.5425
12051,1301422,1.393728,-0.441884,-1.482788,-81.0075,179.3925,-27.965
12052,1301518,1.9056400000000002,-0.333548,-1.129232,-132.9825,151.1475,-60.9
12053,1301614,1.081164,1.062132,-0.941108,-131.5475,82.7225,-67.795
12054,1301711,1.4576559999999998,-0.37258800000000003,-0.9433041,-57.6975,35.945,-53.4275
12055,1301807,0.8571719999999999,0.098576,-0.974292,-36.0675,32.725,-31.4125
12056,1301903,1.0443200000000001,-0.272304,-0.797392,-22.5925,31.5175,-25.9175
12057,1301999,0.744444,0.038551999999999996,-0.837408,-19.005,25.5325,-23.275
12058,1302095,0.6749041,-0.162748,-0.762012,-14.2625,21.7525,-18.8825
12059,1302192,0.710284,-0.046848,-0.8945040000000001,-13.0025,18.2175,-15.155
12060,1302288,0.6541640000000001,-0.017568,-0.989664,4.55,17.5175,-4.1475
12061,1302384,0.649284,-0.220088,-0.772748,-2.4675,15.54,-6.1425
12062,1302480,0.619028,-0.005368,-0.8376520000000001,-1.365,16.7825,-7.525
12063,1302577,0.659288,-0.062220000000000004,-0.8039801,2.415,18.8125,-5.145
12064,1302673,0.624884,-0.09613601,-0.8020281,5.5825,20.65,-3.255
12065,1302769,0.630252,-0.13151600000000002,-0.7834840000000001,7.245,23.3975,-4.235
12066,1302865,0.643672,-0.080764,-0.7861680999999999,9.205,25.76,-4.9175
12067,1302961,0.6463561,-0.14518,-0.768356,14.4375,27.195,-4.9875
12068,1303058,0.6453800000000001,-0.16348,-0.7664041,16.135,28.805,-6.9825
12069,1303154,0.6007279999999999,-0.231068,-0.7869,18.2,31.5,-8.6975
12070,1303250,0.624152,-0.090768,-0.8252079999999999,14.77,38.8675,-11.9875
12071,1303346,0.589504,-0.186904,-0.792024,17.9375,46.0075,-16.17
12072,1303442,0.6039,-0.181292,-0.781044,23.7475,52.9375,-21.98
12073,1303539,0.599996,-0.23155599999999998,-0.755912,36.2075,59.22,-29.435
12074,1303635,0.620736,-0.227408,-0.750544,52.01,65.59,-40.3725
12075,1303731,0.5917,-0.294996,-0.7288279999999999,74.97,71.19,-56.245
12076,1303827,0.5917,-0.343552,-0.720776,104.965,77.8575,-79.0125
12077,1303924,0.614392,-0.40821199999999996,-0.676612,141.89,83.79001,-107.9925
12078,1304020,0.61854,-0.476288,-0.6161,181.8425,87.22,-140.5075
12079,1304116,0.7088201,-0.44822799999999996,-0.558272,217.2625,88.2175,-172.6725
12080,1304212,0.76372,-0.477264,-0.487512,251.9825,86.04751,-199.78
12081,1304308,0.805688,-0.429196,-0.42163199999999995,281.26,84.00001,-224.105
12082,1304405,0.8576601,-0.42285200000000006,-0.36209600000000003,309.19,80.1675,-244.9125
12083,1304501,0.9147559999999999,-0.319884,-0.366,333.725,76.405,-260.3475
12084,1304597,0.8317960999999999,-0.117852,-0.383324,353.885,69.125,-272.09
12085,1304693,0.7639640999999999,-0.23546,-0.26596,372.8375,59.745,-277.4975
12086,1304790,0.956968,-0.069784,-0.37746799999999997,371.4725,50.05,-277.5325
12087,1304886,0.9628241,-0.122244,-0.38186,375.1125,36.4175,-269.8325
12088,1304982,0.9242720999999999,0.047336,-0.45335200000000003,358.225,23.8875,-259.56
12089,1305078,0.9503799999999999,0.08344800000000001,-0.490928,339.57,10.5875,-243.145
12090,1305174,0.924516,0.11102000000000001,-0.5414359999999999,314.615,-2.6425,-222.3025
12091,1305271,0.901336,0.124928,-0.5355800999999999,280.9975,-15.3825,-199.99
12092,1305367,0.8852321,0.172264,-0.537776,245.035,-26.0925,-176.61
12093,1305463,0.887184,0.141276,-0.549732,211.54,-34.545,-151.4975
12094,1305559,0.8481440999999998,0.141764,-0.5743761,177.59,-42.385,-125.265
12095,1305655,0.8230120999999999,0.11760799999999999,-0.6466,142.24,-51.065,-98.105
12096,1305752,0.79422,0.0549,-0.703696,104.965,-56.245,-71.3825
12097,1305848,0.8054439999999999,-0.01464,-0.6980841,67.27,-54.985,-48.8775
12098,1305944,0.7759199999999999,0.0,-0.678808,40.8975,-48.3525,-32.7075
12099,1306040,0.7522521,-0.077836,-0.686372,28.07,-38.6225,-22.0675
12100,1306137,0.741028,-0.086864,-0.6912520000000001,14.6475,-25.585,-14.7175
12101,1306233,0.753228,-0.11736400000000001,-0.672708,5.11,-10.745,-11.305
12102,1306329,0.754448,-0.118096,-0.659776,-2.065,6.4575,-11.1125
12103,1306425,0.7673800000000001,-0.08808401,-0.642452,-6.2125,25.8125,-12.775
12104,1306521,0.740052,-0.11126400000000002,-0.664168,-7.1925,44.52,-15.925
12105,1306618,0.7390760000000001,-0.137128,-0.67832,-10.815,63.0175,-21.9275
12106,1306714,0.752984,-0.15982000000000002,-0.674172,-17.3075,82.4775,-30.1
12107,1306810,0.7378560000000001,-0.197884,-0.684176,-23.66,104.7025,-39.8475
12108,1306906,0.793244,-0.28011199999999997,-0.8352120000000001,-29.9425,130.4275,-51.1
12109,1307003,0.6902761,-0.36844,-0.760304,-34.2825,158.6725,-68.1625
12110,1307099,0.809836,-0.3294,-0.6844201,-41.16,199.185,-91.945
12111,1307195,0.8596120999999999,-0.19861600000000001,-0.7224841,-35.4025,247.52,-117.6525
12112,1307291,1.5445200000000001,-0.023424,-0.6895439999999999,-2.205,294.14,-145.775
12113,1307387,1.809016,-0.282308,-0.80886,83.02,342.2475,-163.0825
12114,1307484,1.943704,-0.467016,-1.502552,134.6975,370.72,-177.87
12115,1307580,2.339716,-0.958432,-1.668716,163.31,371.1925,-194.5825
12116,1307676,2.429996,-0.7237041,-1.5921,138.6875,358.225,-222.0925
12117,1307772,2.631784,-0.709064,-1.568188,143.1675,347.515,-226.9925
12118,1307869,2.048868,-0.478484,-1.406172,164.15,302.33,-214.62
12119,1307965,1.2282959999999998,-0.595116,-1.925648,186.2,249.4275,-194.8275
12120,1308061,1.500844,-1.813652,-1.7563119999999999,198.03,164.36,-144.2175
12121,1308157,1.108004,-2.168672,-1.973228,201.285,94.08,-48.2825
12122,1308254,0.170068,-1.937848,-1.212436,164.605,36.9425,24.4475
12123,1308350,0.438712,-1.270752,-1.357372,113.89,44.0125,76.2825
12124,1308446,0.69296,-0.6222,-1.539152,92.47001,32.2175,120.8025
12125,1308542,0.6573359999999999,-0.17397200000000002,-1.543788,97.8775,-4.48,157.115
12126,1308638,0.492392,0.15006,-1.40422,109.8125,-44.7125,178.255
12127,1308735,0.412116,0.45383999999999997,-1.304424,116.34,-74.7425,182.28
12128,1308831,0.424804,0.76372,-1.295396,120.9075,-96.5125,173.4075
12129,1308927,0.48214399999999996,1.027484,-1.324432,132.685,-118.37,158.5675
12130,1309023,0.561932,1.1751040000000001,-1.3388280000000001,154.175,-142.5375,144.2175
12131,1309120,0.596336,1.21024,-1.307108,179.7425,-167.7025,132.9125
12132,1309216,0.6075600999999999,1.16266,-1.24928,198.2225,-190.2425,122.8325
12133,1309312,0.609268,1.1346,-1.192672,204.9775,-208.3375,112.945
12134,1309408,0.6197600000000001,1.124596,-1.140944,202.3525,-220.955,104.9475
12135,1309504,0.678808,1.131428,-1.144116,194.74,-228.1125,100.7125
12136,1309601,0.775188,1.134112,-1.1685159999999999,185.71,-233.9925,99.9075
12137,1309697,0.8359440999999999,1.114104,-1.1958440000000001,173.8275,-242.235,99.5225
12138,1309793,0.8703481,1.138016,-1.20536,156.9575,-251.0375,96.18
12139,1309889,0.9684360999999999,1.1712,-1.255136,139.1075,-259.56,89.9675
12140,1309986,1.049688,1.1594879999999999,-1.312964,124.1625,-269.78,82.1275
12141,1310082,1.123376,1.134844,-1.328336,109.2,-282.38,74.18251
12142,1310178,1.143384,1.06018,-1.319308,93.9575,-296.59,66.64
12143,1310274,1.1387479999999999,0.9679481,-1.25538,78.55751,-308.8925,59.5
12144,1310370,1.109224,0.820816,-1.178276,61.215,-317.3625,52.3075
12145,1310467,1.098244,0.7093081,-1.109956,40.11,-320.6875,43.575
12146,1310563,1.094096,0.632204,-1.0499319999999999,20.5975,-320.005,34.72
12147,1310659,1.079456,0.504104,-0.9620920000000001,8.61,-315.84,28.7
12148,1310755,1.086288,0.329644,-0.8781559999999999,1.75,-307.16,25.3225
12149,1310852,1.079456,0.22789600000000002,-0.782752,-6.825,-291.7075,24.395
12150,1310948,1.204628,0.1464,-0.7793359999999999,-12.985,-269.465,25.34
12151,1311044,1.505724,0.054655999999999996,-0.8193521,-11.3925,-246.19,27.7375
12152,1311140,1.903444,-0.07856801,-0.868396,-3.7275,-229.1975,33.9325
12153,1311236,2.249436,-0.23692399999999997,-0.7722600000000001,2.7475,-223.44,42.9625
12154,1311333,2.368996,-0.274256,-0.4575,0.35,-224.4725,51.0475
12155,1311429,2.328248,-0.16128399999999998,-0.037332,-6.37,-220.5175,55.3
12156,1311525,2.243092,-0.040260000000000004,0.36575599999999997,-7.2625,-205.135,54.6
12157,1311621,2.241384,0.12078,0.633912,-0.455,-178.885,48.5275
12158,1311718,2.320684,0.253272,0.749324,14.105,-148.6975,38.1325
12159,1311814,2.376072,0.31012399999999996,0.772748,32.34,-120.75,23.205
12160,1311910,2.3006759999999997,0.28377199999999997,0.856196,48.615,-97.2475,3.29
12161,1312006,2.190144,0.332816,0.861808,57.8375,-73.4475,-21.5075
12162,1312102,2.1533,-0.26766799999999996,1.0553,59.5525,-37.4325,-49.56
12163,1312199,1.9663959999999998,-0.134444,1.438136,0.175,19.46,-95.2175
12164,1312295,2.13256,0.33428,1.042856,-74.97,79.7125,-143.43
12165,1312391,1.179984,1.2160959999999998,0.308904,-104.58,119.805,-140.315
12166,1312487,1.600884,1.1514360000000001,-2.600064,-53.2525,145.425,-64.8025
12167,1312583,0.7093081,0.52704,-1.443992,15.8725,117.1625,-4.1125
12168,1312680,0.10638399999999999,-0.096868,-0.57096,8.68,115.78,-42.21
12169,1312776,0.702476,-0.5795,-0.8300879999999999,-16.9925,138.2675,-90.56251
12170,1312872,0.574864,-1.093364,-0.612928,-23.5725,138.495,-76.2475
12171,1312968,0.715408,-0.257664,-0.6663640000000001,-43.9425,140.6825,-61.0925
12172,1313064,0.8727879999999999,0.557296,-0.8103239999999999,-56.8225,142.0825,-64.8375
12173,1313161,3.005348,-0.756644,-3.6016839999999997,-59.605,126.385,-75.5475
12174,1313257,0.6156119999999999,-0.52582,1.1350879999999999,-63.2625,22.855,-62.51
12175,1313353,0.790072,0.32086,-1.34932,-70.1225,1.715,-38.99
12176,1313449,0.9450120000000001,-0.42016800000000004,-0.7376119999999999,-37.975,6.3875,-32.8825
12177,1313545,0.6273241,-0.0427,-0.8810841,-26.075,3.4475,-27.09
12178,1313642,0.664412,-0.022936,-0.86864,-23.555,1.26,-22.0325
12179,1313738,0.6178081,-0.11541199999999999,-0.8586360000000001,-14.455,1.2425,-19.1275
12180,1313834,0.5926760999999999,0.015616,-0.863028,-12.6525,1.715,-15.3825
12181,1313930,0.6348881,0.000488,-0.8420440999999999,-7.3325,3.325,-11.935
12182,1314027,0.5858439999999999,-0.022203999999999998,-0.830576,-3.64,3.605,-8.6275
12183,1314123,0.5636399999999999,-0.052703999999999994,-0.826672,-0.035,4.5325,-6.5975
12184,1314219,0.5511961,-0.077836,-0.819108,2.205,6.23,-6.2125
12185,1314315,0.544608,-0.05612,-0.8244761,4.445,8.2425,-5.88
12186,1314411,0.557296,-0.076616,-0.8271601000000001,6.86,10.535,-5.04
12187,1314508,0.55632,-0.058072000000000006,-0.812276,7.9975,12.845,-4.48
12188,1314604,0.571204,-0.030744,-0.8244761,8.855,14.91,-3.22
12189,1314700,0.585356,-0.089792,-0.8066641,10.64,16.5025,-2.0825
12190,1314796,0.59658,-0.067344,-0.791048,11.0075,17.5,-2.52
12191,1314892,0.599508,-0.08662001,-0.792512,11.935,17.7625,-3.3075
12192,1314989,0.590968,-0.126148,-0.80642,12.8625,17.745,-4.8825
12193,1315085,0.612928,-0.107848,-0.786412,12.495,18.2525,-7.1575
12194,1315181,0.5826720000000001,-0.11541199999999999,-0.782508,12.7925,18.1825,-9.065
12195,1315277,0.6070720000000001,-0.1159,-0.7895840999999999,11.4975,19.845,-10.535
12196,1315374,0.606096,-0.12688,-0.783972,11.62,20.475,-12.8275
12197,1315470,0.6197600000000001,-0.022936,-0.7861680999999999,10.5,21.84,-15.6975
12198,1315566,0.620492,-0.087108,-0.771528,12.495,23.5375,-16.3275
12199,1315662,0.630984,-0.058803999999999995,-0.778604,11.025,26.635,-15.855
12200,1315758,0.59658,-0.026108,-0.797636,11.445,29.155,-14.5075
12201,1315855,0.6109760000000001,-0.06270801,-0.790072,13.405,32.9175,-12.74
12202,1315951,0.61366,-0.029036000000000003,-0.787388,15.855,37.0825,-12.5125
12203,1316047,0.620004,-0.0488,-0.775188,19.1625,41.6325,-13.6675
12204,1316143,0.6314721,-0.034648000000000005,-0.7673800000000001,23.065,46.1825,-14.7875
12205,1316240,0.648308,-0.044407999999999996,-0.75274,27.2475,50.4,-15.3475
12206,1316336,0.654408,-0.047824,-0.729316,32.06,53.1475,-16.17
12207,1316432,0.66978,-0.05636401,-0.7139439999999999,36.5925,54.9325,-17.2025
12208,1316528,0.690764,-0.041968,-0.67588,39.4975,55.9475,-17.4825
12209,1316624,0.71126,-0.022936,-0.674172,41.8425,56.2275,-15.5225
12210,1316721,0.67832,-0.11053199999999999,-0.69784,43.89,55.7725,-12.425
12211,1316817,0.665876,-0.158844,-0.7285841,43.0325,56.245,-10.8325
12212,1316913,0.643672,-0.1769,-0.72468,39.41,57.4875,-10.5
12213,1317009,0.61732,-0.196908,-0.726388,35.1225,61.6,-11.76
12214,1317106,0.6573359999999999,-0.160796,-0.7327321,32.095,68.425,-14.63
12215,1317202,0.638548,-0.15176800000000001,-0.7237041,32.2,76.8775,-17.5525
12216,1317298,0.6709999999999999,-0.153476,-0.70028,31.5175,87.395,-20.2825
12217,1317394,0.71614,-0.12468399999999999,-0.674416,30.9225,97.19501,-21.8225
12218,1317490,0.693692,-0.096624,-0.6763680000000001,28.2625,105.77,-21.14
12219,1317587,0.70638,-0.11614400000000001,-0.687104,22.4175,113.785,-19.2325
12220,1317683,0.71126,-0.0305,-0.673196,14.7,122.36,-14.945
12221,1317779,0.69784,-0.045627999999999995,-0.684664,7.3325,131.18,-10.1325
12222,1317875,0.655384,-0.19276,-0.696864,1.785,144.0425,-8.715
12223,1317972,0.5875520000000001,-0.235948,-0.71492,-5.6175,159.95,-15.2075
12224,1318068,0.595116,-0.288164,-0.658312,-8.82,180.705,-23.5725
12225,1318164,0.6756361,-0.29158,-0.8252079999999999,-10.22,216.4225,-27.7375
12226,1318260,0.8459479999999999,-0.355752,-0.714676,-16.695,243.39,-40.3025
12227,1318356,0.9028,-0.279868,-0.640744,-33.4425,285.95,-64.645
12228,1318453,1.701168,-0.274988,-0.6985720999999999,-24.7275,348.11,-70.42
12229,1318549,0.853024,0.000732,-0.8554641,-13.0375,437.01,-63.63
12230,1318645,1.059936,-0.090768,-1.301252,23.8,494.8125,-46.9
12231,1318741,1.7338639999999998,-0.110776,-0.9701440999999998,78.33,520.6425,-40.5475
12232,1318837,1.636508,-0.189344,-0.9247601000000001,105.7,549.78,-49.21
12233,1318934,2.636176,-0.636352,-1.75558,122.815,572.6525,-55.545
12234,1319030,2.626904,-0.42431599999999997,-2.0215400000000003,139.9825,539.9975,-77.3675
12235,1319126,3.911808,-0.6319600000000001,-0.9757561,164.7975,465.115,-95.04251
12236,1319222,4.0582080000000005,-0.47823999999999994,-1.9642,228.0075,479.5875,-52.3775
12237,1319318,2.41926,-0.721996,-2.2936,242.2875,436.2225,-15.435
12238,1319415,2.918484,-1.9175959999999999,-3.070496,162.505,240.905,-46.55
12239,1319511,3.317424,-1.6918959999999998,-3.8159160000000005,49.805,24.1675,-52.115
12240,1319607,0.57462,-1.067256,-1.801452,-34.545,-147.7175,-52.85
12241,1319703,-0.05124001,-0.427976,-1.3949479999999999,-71.575,-194.4425,-67.48001
12242,1319800,-0.077836,0.141032,-1.2404959999999998,-49.7525,-177.345,-75.6525
12243,1319896,0.101992,0.075396,-1.268068,21.07,-174.4225,-56.7175
12244,1319992,0.41260399999999997,-0.266936,-1.343952,88.6025,-189.2275,-25.9175
12245,1320088,0.7178479999999999,-0.626836,-1.396412,116.83,-220.745,0.595
12246,1320184,0.88328,-0.7661600000000001,-1.336388,101.3075,-263.0775,18.83
12247,1320281,0.9396440999999999,-0.631228,-1.222928,62.545,-307.4925,31.78
12248,1320377,0.8759601,-0.35477600000000004,-1.016504,29.435,-345.6075,44.7825
12249,1320473,0.72956,-0.10540799999999999,-0.7666480999999999,16.1175,-371.84,61.0225
12250,1320569,0.60878,0.03416,-0.559248,21.07,-383.74,78.19
12251,1320665,0.612684,0.119804,-0.46774799999999994,35.0875,-381.57,94.88501
12252,1320762,0.683932,0.10687200000000001,-0.457988,51.345,-371.525,110.425
12253,1320858,0.8047121,0.052216,-0.5009319999999999,62.3175,-360.4125,124.11
12254,1320954,0.921344,0.0051240009999999996,-0.5673,63.1225,-351.19,134.365
12255,1321050,1.050664,0.01464,-0.64782,56.1925,-343.8575,139.44
12256,1321146,1.166564,0.028548,-0.7019880000000001,46.1825,-339.43,138.5125
12257,1321243,1.251232,0.022936,-0.760304,37.0475,-338.345,132.475
12258,1321339,1.302716,-0.00122,-0.8142281,28.56,-338.94,124.3725
12259,1321435,1.36396,-0.06832001,-0.869616,20.125,-340.025,116.6025
12260,1321531,1.41154,-0.119804,-0.918416,10.9375,-341.005,110.0925
12261,1321627,1.480348,-0.152256,-0.9977159999999999,2.8175,-341.39,106.82
12262,1321724,1.544276,-0.158844,-1.099708,-1.5925,-341.5475,107.1875
12263,1321820,1.5906360000000002,-0.188368,-1.17364,-1.4525,-342.685,109.025
12264,1321916,1.609668,-0.2623,-1.22854,0.42,-343.525,109.1475
12265,1322012,1.688968,-0.381616,-1.3005200000000001,0.9625,-342.615,104.475
12266,1322108,1.914912,-0.5751081,-1.40666,0.9275,-340.8475,95.7425
12267,1322205,2.299456,-0.772748,-1.4818120000000001,0.56,-340.76,87.90250999999999
12268,1322301,2.66204,-0.7366361,-1.416176,-1.295,-345.9925,86.4325
12269,1322397,2.968748,-0.5636399999999999,-1.2444,6.7025,-353.2025,99.68
12270,1322493,3.0695200000000002,-0.8669319999999999,-0.5978,28.1575,-356.5275,120.785
12271,1322590,3.075132,-0.7881199999999999,0.071492,28.28,-345.765,131.7575
12272,1322686,3.194448,-0.410896,0.640256,40.3725,-318.045,150.535
12273,1322782,2.955816,0.209108,1.7877880000000002,74.8125,-273.07,179.7775
12274,1322878,3.053416,0.6344,2.546872,140.56,-203.2975,222.425
12275,1322974,3.3945279999999998,0.287432,2.934588,198.17,-121.9575,254.0125
12276,1323071,3.8517839999999994,-0.339648,2.721088,177.555,-46.34,238.0175
12277,1323167,2.77916,-0.08637601,2.510516,62.4925,3.6575,164.4125
12278,1323263,1.591856,-0.21447600000000003,3.507744,-73.22,101.36,49.2625
12279,1323359,0.274744,1.037976,1.980548,-181.8075,245.7175,-79.9225
12280,1323455,0.59902,1.535736,-2.4378040000000003,-159.1975,370.6675,-127.0675
12281,1323552,2.6766799999999997,0.7217521,-1.695556,-32.4975,431.375,-45.045
12282,1323648,4.1265279999999995,0.955992,-1.514752,10.64,446.565,-28.35
12283,1323744,2.6871720000000003,1.008208,-1.9305279999999998,-28.385,374.99,-68.6875
12284,1323840,0.554856,0.8657120999999999,-0.669048,-8.6625,311.3425,-112.2975
12285,1323936,1.458388,-2.323612,-2.35704,16.8,301.0,-135.8
12286,1324033,3.5428800000000003,-3.964268,-0.44090799999999997,-102.795,224.9275,-127.2775
12287,1324129,1.1087360000000002,0.33061999999999997,-1.3261399999999999,-251.685,160.65,-145.7925
12288,1324225,2.403644,1.690432,-1.84464,-204.505,106.33,-152.53
12289,1324321,1.323944,-0.650016,-0.8239880999999999,-69.545,31.325,-107.7125
12290,1324417,1.041148,0.5072760000000001,-0.8808401,-66.0625,41.335,-70.805
12291,1324514,0.9174399999999999,0.091744,-0.807396,-28.0,25.62,-47.6
12292,1324610,0.8310639999999999,0.171044,-0.801296,-22.33,20.5975,-33.0225
12293,1324706,0.7300479999999999,-0.079056,-0.7829961,-13.6675,18.445,-23.2925
12294,1324802,0.684176,-0.108824,-0.7754321,-7.595,17.885,-19.6875
12295,1324898,0.67466,0.026108,-0.766892,-3.955,16.975,-19.04
12296,1324995,0.677588,-0.0427,-0.7849480999999999,1.2775,16.625,-13.9825
12297,1325091,0.6290319999999999,-0.062220000000000004,-0.8132520999999999,6.1075,19.3025,-9.7475
12298,1325187,0.636352,-0.08857201,-0.78446,9.8175,21.56,-7.6475
12299,1325283,0.677832,-0.087352,-0.735904,12.8975,22.0675,-5.32
12300,1325379,0.669048,-0.08442401,-0.750788,14.2275,21.1225,-2.1175
12301,1325476,0.671732,-0.14152,-0.7356600000000001,14.455,20.86,0.0525
12302,1325572,0.661728,-0.126392,-0.74908,13.72,20.7725,-0.0525
12303,1325668,0.653676,-0.074664,-0.764208,14.49,21.175,0.91
12304,1325764,0.6414761,-0.089792,-0.765184,16.6075,23.695,4.6375
12305,1325860,0.631228,-0.15616,-0.754448,17.85,26.25,7.28
12306,1325957,0.619272,-0.185684,-0.768844,14.4375,29.085,5.18
12307,1326053,0.6197600000000001,-0.16128399999999998,-0.774212,13.6675,33.32,2.0475
12308,1326149,0.635376,-0.158356,-0.7686,14.6125,37.555,-0.175
12309,1326245,0.6512359999999999,-0.178852,-0.750788,15.225,40.88,-1.8725
12310,1326341,0.661728,-0.16835999999999998,-0.729316,14.77,43.54,-4.1825
12311,1326438,0.6885680999999999,-0.160796,-0.6822239999999999,15.0675,44.625,-5.74
12312,1326534,0.707112,-0.148596,-0.661972,14.28,43.9075,-5.88
12313,1326630,0.7283400999999999,-0.160064,-0.643184,13.09,41.58,-4.9175
12314,1326726,0.726388,-0.157868,-0.6453800000000001,11.5325,39.095,-3.605
12315,1326823,0.7224841,-0.157136,-0.6439159999999999,10.22,36.12,-2.555
12316,1326919,0.731268,-0.160308,-0.63318,9.59,32.62,-2.31
12317,1327015,0.7417600000000001,-0.16909200000000002,-0.625372,9.38,28.8225,-2.1525
12318,1327111,0.7537159999999999,-0.16811600000000002,-0.624152,8.4525,24.605,-2.2225
12319,1327207,0.749568,-0.161528,-0.62342,7.2625,20.265,-2.2575
12320,1327304,0.756644,-0.16592,-0.618784,6.335,15.645,-2.135
12321,1327400,0.754204,-0.170312,-0.628544,5.565,10.99,-2.17
12322,1327496,0.7539600000000001,-0.172508,-0.626836,4.9,6.195,-2.3975
12323,1327592,0.7515201,-0.17641199999999999,-0.6348881,3.64,2.205,-2.87
12324,1327688,0.7451760000000001,-0.186904,-0.637084,2.1525,-0.9625,-3.7975
12325,1327785,0.7451760000000001,-0.18446400000000002,-0.6453800000000001,0.4025,-3.5875,-5.1625
12326,1327881,0.7483479999999999,-0.17934,-0.6375721,-0.7,-6.09,-6.58
12327,1327977,0.748104,-0.168604,-0.633424,-1.3825,-8.855,-7.5775
12328,1328073,0.7422481,-0.161528,-0.628788,-1.47,-12.425,-8.1375
12329,1328170,0.7373681,-0.149572,-0.6505041,-0.98,-15.505,-8.225
12330,1328266,0.73688,-0.13176,-0.658556,-0.63,-17.08,-7.6825
12331,1328362,0.733952,-0.12932000000000002,-0.6749041,-0.4025,-17.7275,-6.055
12332,1328458,0.7239479999999999,-0.160796,-0.66856,0.07,-18.0775,-4.6725
12333,1328554,0.726388,-0.16909200000000002,-0.663192,0.5075,-18.445,-4.48
12334,1328651,0.72224,-0.188124,-0.6612401,0.875,-19.25,-4.97
12335,1328747,0.728096,-0.189832,-0.6502600000000001,1.5225,-20.755,-6.2125
12336,1328843,0.749324,-0.158844,-0.6414761,2.3625,-23.485,-7.7875
12337,1328939,0.761524,-0.136152,-0.648796,4.2175,-29.015,-7.8225
12338,1329035,0.75884,-0.138104,-0.655628,3.885,-35.3675,-6.265
12339,1329132,0.7610359999999999,-0.14347200000000002,-0.653188,1.715,-41.825,-5.215
12340,1329228,0.74054,-0.16104000000000002,-0.651968,-0.49,-48.195,-5.3025
12341,1329324,0.711992,-0.223992,-0.660996,-1.19,-54.04,-7.0525
12342,1329420,0.680028,-0.181536,-0.6902761,-0.91,-58.52,-11.7425
12343,1329517,0.6514800000000001,-0.164212,-0.7232161,1.7325,-61.32,-18.06
12344,1329613,0.625616,-0.182756,-0.7288279999999999,7.9625,-62.825,-22.68
12345,1329709,0.6414761,-0.12029200000000001,-0.777384,11.62,-61.1975,-27.51
12346,1329805,0.614636,-0.167628,-0.7732359999999999,17.4825,-58.38,-30.695
12347,1329901,0.58804,-0.035136,-0.8071520000000001,15.9775,-53.8125,-34.1425
12348,1329998,0.6304960000000001,-0.109556,-0.787876,17.6575,-49.385,-34.7025
12349,1330094,0.635864,-0.114924,-0.81252,17.395,-42.7175,-34.9825
12350,1330190,0.647576,-0.082228,-0.779824,14.0,-32.5675,-30.73
12351,1330286,0.6039,-0.060024,-0.807884,11.7775,-24.675,-23.03
12352,1330382,0.5997520000000001,-0.07222401,-0.801296,11.445,-16.9225,-15.4175
12353,1330479,0.62342,-0.105896,-0.768356,10.185,-10.08,-7.9975
12354,1330575,0.6439159999999999,-0.1098,-0.744688,7.4725,-5.4425,-0.1925
12355,1330671,0.6224441,-0.122732,-0.750788,5.88,-3.115,5.95
12356,1330767,0.6219561,-0.148352,-0.749568,6.5975,-2.38,7.6125
12357,1330864,0.628788,-0.168604,-0.7388319999999999,6.685,-2.065,6.7375
12358,1330960,0.6202479999999999,-0.18788,-0.7381001,6.2825,-2.66,5.4425
12359,1331056,0.61488,-0.209352,-0.746152,5.9325,-3.465,3.3075
12360,1331152,0.617564,-0.183488,-0.7556681,4.9,-3.7975,0.49
12361,1331248,0.6265921,-0.156892,-0.758108,3.745,-3.815,-1.715
12362,1331345,0.634156,-0.1342,-0.75762,3.2725,-3.6225,-2.6425
12363,1331441,0.630008,-0.130296,-0.7551800000000001,3.535,-3.3075,-2.1175
12364,1331537,0.627812,-0.144448,-0.7551800000000001,3.7975,-2.8525,-1.33
12365,1331633,0.6344,-0.145912,-0.754448,3.57,-2.3625,-1.2775
12366,1331730,0.6380600000000001,-0.15176800000000001,-0.751276,3.2375,-2.2225,-1.365
12367,1331826,0.6375721,-0.159576,-0.747128,3.0625,-2.485,-1.6275
12368,1331922,0.6319600000000001,-0.163236,-0.750544,2.8525,-2.835,-2.1525
12369,1332018,0.633668,-0.166164,-0.7476161,2.5725,-2.9925,-2.6775
12370,1332114,0.6307401,-0.156892,-0.756156,2.17,-3.4475,-3.185
12371,1332211,0.6348881,-0.15201199999999998,-0.756644,1.9425,-3.395,-3.3425
12372,1332307,0.6292760000000001,-0.1525,-0.756888,1.9775,-3.115,-3.255
12373,1332403,0.627812,-0.1464,-0.7605481,2.065,-2.66,-3.325
12374,1332499,0.6307401,-0.146644,-0.7600600000000001,2.31,-2.065,-3.2375
12375,1332596,0.6326921,-0.159088,-0.7500560000000001,2.66,-1.75,-2.9925
12376,1332692,0.631228,-0.16128399999999998,-0.752496,2.765,-1.645,-3.115
12377,1332788,0.632204,-0.161528,-0.7510321,2.66,-1.68,-3.535
12378,1332884,0.6390359999999999,-0.157868,-0.7439560000000001,2.205,-1.6975,-4.0075
12379,1332980,0.6348881,-0.15762400000000001,-0.743712,1.9775,-2.0825,-4.235
12380,1333077,0.6273241,-0.159088,-0.746152,1.6625,-2.5725,-4.5325
12381,1333173,0.625372,-0.15201199999999998,-0.7661600000000001,1.2775,-2.485,-4.76
12382,1333269,0.632204,-0.15176800000000001,-0.762012,0.8400001,-1.9075,-4.97
12383,1333365,0.6409881,-0.152988,-0.7564001,0.1925,-1.6625,-5.705
12384,1333461,0.646112,-0.148108,-0.748592,-0.07,-1.715,-6.0375
12385,1333558,0.644648,-0.149572,-0.744444,0.1925,-1.8725,-5.8275
12386,1333654,0.6390359999999999,-0.15396400000000002,-0.743712,-0.0875,-2.1525,-5.88
12387,1333750,0.6375721,-0.15372,-0.742492,-0.3675,-2.5375,-6.02
12388,1333846,0.6344,-0.155916,-0.745664,-0.6125,-2.9225,-6.1425
12389,1333942,0.636108,-0.150792,-0.7522521,-1.2075,-3.29,-6.5975
12390,1334039,0.64172,-0.156648,-0.745908,-1.7675,-3.2725,-6.93
12391,1334135,0.643184,-0.146156,-0.745664,-1.8375,-3.64,-7.2275
12392,1334231,0.6414761,-0.16226,-0.747128,-1.505,-3.745,-7.21
12393,1334327,0.6422081000000001,-0.146644,-0.747128,-1.33,-3.8325,-7.35
12394,1334424,0.6414761,-0.139568,-0.749324,-0.875,-3.7975,-7.315
12395,1334520,0.64294,-0.14347200000000002,-0.749324,-0.56,-4.0075,-7.1225
12396,1334616,0.644404,-0.141032,-0.753472,-0.6475,-4.2,-6.7025
12397,1334712,0.642696,-0.14396,-0.7503,-0.1575,-4.4275,-6.1425
12398,1334809,0.642696,-0.14005599999999999,-0.748836,0.0525,-4.445,-5.8625
12399,1334905,0.640744,-0.1403,-0.743712,0.14,-4.585,-5.53
12400,1335001,0.6409881,-0.13761600000000002,-0.7483479999999999,0.28,-4.6375,-5.1625
12401,1335097,0.641232,-0.141276,-0.749324,0.35,-4.7775,-4.9525
12402,1335193,0.640256,-0.140544,-0.748592,0.385,-4.8125,-4.83
12403,1335290,0.64172,-0.14786400000000002,-0.7451760000000001,0.525,-5.005,-4.6375
12404,1335386,0.6453800000000001,-0.142252,-0.743468,0.5425,-5.6175,-4.515
12405,1335482,0.644404,-0.1403,-0.7415161,0.49,-6.125,-4.48
12406,1335578,0.6392800000000001,-0.13664,-0.743224,0.5075,-6.72,-4.3925
12407,1335675,0.63562,-0.133712,-0.748836,0.245,-7.4375,-4.2875
12408,1335771,0.6314721,-0.138836,-0.754448,0.1925,-7.5425,-4.06
12409,1335867,0.636108,-0.13859200000000002,-0.7556681,0.3325,-7.315,-3.8325
12410,1335963,0.630008,-0.13078399999999998,-0.7617681,0.6475,-7.105,-3.6925
12411,1336059,0.634644,-0.13664,-0.7537159999999999,0.7525,-6.5625,-3.3775
12412,1336156,0.633424,-0.135176,-0.754448,1.0325,-6.37,-3.0625
12413,1336252,0.6329359999999999,-0.13078399999999998,-0.7522521,1.33,-6.1775,-2.695
12414,1336348,0.629764,-0.132004,-0.7610359999999999,1.575,-6.16,-2.345
12415,1336444,0.6283,-0.1403,-0.7564001,1.855,-5.95,-1.9775
12416,1336540,0.6273241,-0.137372,-0.761524,1.8725,-5.4425,-1.8375
12417,1336637,0.632204,-0.138836,-0.758596,1.96,-5.11,-1.9075
12418,1336733,0.636108,-0.143228,-0.758352,2.0475,-4.9875,-2.0475
12419,1336829,0.634644,-0.141764,-0.752984,2.275,-5.11,-2.1175
12420,1336925,0.6368401,-0.14396,-0.7515201,1.9075,-5.25,-2.275
12421,1337022,0.635376,-0.14347200000000002,-0.7510321,2.0125,-5.775,-2.3975
12422,1337118,0.630252,-0.141764,-0.7537159999999999,1.7675,-6.0025,-2.3975
12423,1337214,0.62952,-0.139324,-0.752496,1.68,-6.16,-2.4325
12424,1337310,0.630984,-0.135176,-0.75884,1.715,-6.1775,-2.4325
12425,1337406,0.631228,-0.139324,-0.7605481,1.5925,-6.09,-2.5025
12426,1337503,0.63318,-0.13151600000000002,-0.74908,1.855,-6.16,-2.485
12427,1337599,0.630984,-0.14274,-0.757864,1.61,-6.3,-2.45
12428,1337695,0.630252,-0.14688800000000002,-0.752496,1.9075,-6.58,-2.38
12429,1337791,0.6280560000000001,-0.13859200000000002,-0.759328,1.68,-6.65,-2.3625
12430,1337888,0.6290319999999999,-0.14152,-0.74664,1.925,-6.685,-2.24
12431,1337984,0.6229319999999999,-0.13785999999999998,-0.7610359999999999,1.89,-6.6675,-2.1
12432,1338080,0.619516,-0.151524,-0.7605481,2.0475,-6.44,-2.1
12433,1338176,0.626104,-0.138836,-0.76494,2.135,-6.23,-2.2225
12434,1338272,0.623908,-0.14713199999999999,-0.75884,1.47,-5.985,-2.5375
12435,1338369,0.6283,-0.148352,-0.767868,1.54,-5.7925,-2.6775
12436,1338465,0.628788,-0.13664,-0.758108,1.995,-5.8275,-2.7475
12437,1338561,0.625372,-0.146156,-0.756644,1.645,-5.81,-3.0275
12438,1338657,0.623664,-0.141032,-0.760304,1.295,-5.8625,-3.2025
12439,1338754,0.6131721,-0.16226,-0.7610359999999999,1.8725,-5.81,-3.395
12440,1338850,0.618784,-0.143716,-0.765428,2.065,-5.5825,-3.2725
12441,1338946,0.621712,-0.14152,-0.765672,1.6625,-4.9875,-3.08
12442,1339042,0.622688,-0.14005599999999999,-0.7625,1.855,-4.55,-2.975
12443,1339138,0.621468,-0.14274,-0.761524,1.995,-4.2525,-2.975
12444,1339235,0.625372,-0.14713199999999999,-0.758108,1.9775,-4.06,-3.0975
12445,1339331,0.6231760999999999,-0.142008,-0.759572,1.9075,-4.0425,-3.2025
12446,1339427,0.62342,-0.14347200000000002,-0.762012,1.6275,-4.06,-3.2375
12447,1339523,0.6202479999999999,-0.146644,-0.7617681,1.6275,-3.885,-3.3075
12448,1339620,0.618784,-0.150304,-0.7610359999999999,1.6275,-3.9375,-3.4125
12449,1339716,0.620736,-0.14396,-0.767624,1.6275,-3.9375,-3.6575
12450,1339812,0.61854,-0.14884,-0.748592,1.82,-3.7975,-3.71
12451,1339908,0.624884,-0.14347200000000002,-0.7671359999999999,1.6275,-3.64,-3.9375
12452,1340004,0.6258600000000001,-0.13761600000000002,-0.7610359999999999,1.82,-3.745,-3.885
12453,1340101,0.624152,-0.141276,-0.755424,1.8375,-3.7275,-3.6575
12454,1340197,0.615368,-0.147376,-0.758108,1.9075,-3.605,-3.535
12455,1340293,0.618784,-0.148352,-0.760304,1.6975,-3.5175,-3.6225
12456,1340389,0.620004,-0.141276,-0.757864,1.89,-3.395,-3.745
12457,1340486,0.614392,-0.14005599999999999,-0.768844,1.61,-3.08,-3.9375
12458,1340582,0.616588,-0.14396,-0.774212,1.96,-2.695,-4.0425
12459,1340678,0.6231760999999999,-0.136884,-0.768356,2.135,-2.1175,-4.13
12460,1340774,0.62708,-0.140544,-0.7556681,2.205,-1.5575,-4.0775
12461,1340870,0.624884,-0.14713199999999999,-0.7598161,2.31,-1.5925,-4.025
12462,1340967,0.6317159999999999,-0.147376,-0.7556681,1.995,-1.68,-4.1825
12463,1341063,0.62708,-0.14347200000000002,-0.752496,2.135,-2.0475,-4.1475
12464,1341159,0.62952,-0.142984,-0.758108,1.89,-2.17,-4.095
12465,1341255,0.630984,-0.143716,-0.758108,1.89,-2.345,-3.9375
12466,1341351,0.632448,-0.14152,-0.7564001,1.8375,-2.59,-3.745
12467,1341448,0.630252,-0.142008,-0.7556681,1.75,-2.9225,-3.535
12468,1341544,0.628544,-0.142984,-0.753228,1.9425,-3.325,-3.2725
12469,1341640,0.62708,-0.146156,-0.756156,1.75,-3.71,-3.115
12470,1341736,0.6273241,-0.147376,-0.7564001,1.5925,-3.9025,-3.2375
12471,1341833,0.627568,-0.142252,-0.758108,1.3825,-4.1825,-3.5525
12472,1341929,0.628544,-0.13761600000000002,-0.75762,1.26,-4.3225,-3.5525
12473,1342025,0.6273241,-0.14493599999999998,-0.759328,1.33,-4.4275,-3.3775
12474,1342121,0.626104,-0.145424,-0.758596,1.3825,-4.515,-3.3775
12475,1342217,0.62708,-0.144204,-0.756888,1.4875,-4.5675,-3.2725
12476,1342314,0.62464,-0.14518,-0.760304,1.19,-4.6375,-3.255
12477,1342410,0.6219561,-0.144204,-0.7622561,1.19,-4.62,-3.29
12478,1342506,0.624884,-0.143228,-0.761524,1.2075,-4.585,-3.36
12479,1342602,0.62342,-0.145912,-0.7610359999999999,1.2425,-4.5325,-3.465
12480,1342698,0.625616,-0.14469200000000002,-0.759328,1.295,-4.4975,-3.5875
12481,1342795,0.625616,-0.14566800000000002,-0.759572,1.26,-4.4975,-3.605
12482,1342891,0.625372,-0.1464,-0.756888,1.26,-4.5325,-3.675
12483,1342987,0.6224441,-0.14274,-0.7571321,1.1375,-4.4975,-3.7275
12484,1343083,0.625616,-0.144204,-0.759572,1.19,-4.655,-3.7275
12485,1343179,0.624396,-0.140544,-0.759328,1.2075,-4.655,-3.675
12486,1343276,0.625128,-0.143228,-0.761524,1.295,-4.69,-3.57
12487,1343372,0.6258600000000001,-0.14396,-0.7622561,1.1725,-4.795,-3.57
12488,1343468,0.623664,-0.143228,-0.760792,1.12,-4.8825,-3.535
12489,1343564,0.625372,-0.146644,-0.7598161,1.085,-4.795,-3.57
12490,1343660,0.6231760999999999,-0.14347200000000002,-0.762744,1.0675,-5.04,-3.5525
12491,1343757,0.6258600000000001,-0.142252,-0.761524,0.98,-5.1275,-3.465
12492,1343853,0.625372,-0.13908,-0.7622561,0.98,-5.285,-3.535
12493,1343949,0.627812,-0.13785999999999998,-0.7600600000000001,1.05,-5.3025,-3.3075
12494,1344045,0.625372,-0.135664,-0.7612800999999999,1.4525,-5.565,-3.185
12495,1344141,0.62342,-0.14396,-0.75884,1.12,-5.6,-3.1675
12496,1344238,0.6202479999999999,-0.150304,-0.7517640999999999,0.9975,-5.6875,-3.185
12497,1344334,0.623664,-0.135664,-0.761524,0.875,-5.81,-3.0975
12498,1344430,0.6231760999999999,-0.14078800000000002,-0.7600600000000001,1.0675,-6.055,-3.0275
12499,1344526,0.624396,-0.141276,-0.7556681,0.7525,-6.37,-3.045
12500,1344623,0.62342,-0.13859200000000002,-0.7600600000000001,0.805,-6.6675,-2.9575
12501,1344719,0.621712,-0.1403,-0.759572,0.8575,-6.9475,-2.7475
12502,1344815,0.616344,-0.148108,-0.762012,0.77,-7.245,-2.7825
12503,1344911,0.621468,-0.14274,-0.765428,0.805,-7.245,-2.835
12504,1345007,0.619516,-0.139812,-0.765672,0.77,-7.3325,-3.0625
12505,1345104,0.6466,-0.082472,-0.793976,0.945,-7.385,-3.3075
12506,1345200,0.6070720000000001,-0.16104000000000002,-0.760304,1.8375,-7.7875,-3.5175
12507,1345296,0.6131721,-0.145424,-0.7707961,1.015,-7.4025,-3.3075
12508,1345392,0.6158561,-0.13298,-0.76982,1.1375,-7.1575,-3.3775
12509,1345488,0.614636,-0.148352,-0.7664041,1.225,-6.9825,-3.5175
12510,1345585,0.6182960999999999,-0.13542,-0.7664041,1.155,-6.79,-3.255
12511,1345681,0.61366,-0.138104,-0.7700640999999999,1.3825,-6.7375,-2.9925
12512,1345777,0.612684,-0.137372,-0.770308,1.365,-6.6675,-2.8175
12513,1345873,0.6178081,-0.11955999999999999,-0.781044,1.365,-6.65,-2.7825
12514,1345970,0.613904,-0.147376,-0.77104,1.61,-6.65,-2.6425
12515,1346066,0.612196,-0.143716,-0.770308,1.54,-6.615,-2.205
12516,1346162,0.6095119999999999,-0.141764,-0.7712840999999999,1.5575,-6.545,-2.205
12517,1346258,0.604144,-0.144204,-0.774456,1.4175,-6.1075,-2.2225
12518,1346354,0.6095119999999999,-0.143716,-0.7734800000000001,1.68,-5.7575,-2.345
12519,1346451,0.609024,-0.143228,-0.772748,1.6625,-5.6,-2.415
12520,1346547,0.612196,-0.143228,-0.7712840999999999,1.645,-5.4075,-2.555
12521,1346643,0.612928,-0.142984,-0.7712840999999999,1.75,-5.25,-2.625
12522,1346739,0.612928,-0.14396,-0.771772,1.785,-5.2325,-2.59
12523,1346835,0.612928,-0.141764,-0.770308,1.6625,-5.215,-2.695
12524,1346932,0.609268,-0.14347200000000002,-0.770308,1.715,-5.18,-2.66
12525,1347028,0.6080479999999999,-0.14347200000000002,-0.7734800000000001,1.6975,-5.0925,-2.8525
12526,1347124,0.6097560000000001,-0.144448,-0.7732359999999999,1.7325,-5.075,-2.94
12527,1347220,0.61,-0.141764,-0.7722600000000001,1.8025,-4.935,-2.94
12528,1347316,0.611952,-0.144448,-0.769332,1.8375,-4.7775,-2.905
12529,1347413,0.60878,-0.146156,-0.768356,1.7325,-4.935,-3.0275
12530,1347509,0.61122,-0.145424,-0.773968,1.5225,-4.9525,-3.15
12531,1347605,0.6058520000000001,-0.142984,-0.771772,1.5575,-4.9875,-3.2025
12532,1347701,0.609268,-0.163968,-0.7747001,1.9075,-4.8825,-3.43
12533,1347798,0.6141479999999999,-0.13176,-0.776408,1.82,-4.725,-3.2375
12534,1347894,0.6070720000000001,-0.14518,-0.776896,1.8375,-4.62,-3.185
12535,1347990,0.604876,-0.146644,-0.774944,1.785,-4.5325,-3.1675
12536,1348086,0.6075600999999999,-0.142496,-0.774212,1.645,-4.41,-3.15
12537,1348182,0.611464,-0.141032,-0.772016,1.575,-4.375,-3.3075
12538,1348279,0.6097560000000001,-0.14152,-0.772748,1.7325,-4.375,-3.185
12539,1348375,0.6075600999999999,-0.145912,-0.772016,1.7675,-4.3925,-3.255
12540,1348471,0.60512,-0.14396,-0.771772,1.6275,-4.375,-3.395
12541,1348567,0.606584,-0.144448,-0.7754321,1.5575,-4.375,-3.5
12542,1348664,0.606584,-0.14078800000000002,-0.773968,1.4175,-4.34,-3.605
12543,1348760,0.6082920999999999,-0.142252,-0.775188,1.33,-4.2525,-3.6575
12544,1348856,0.60512,-0.14396,-0.774212,1.47,-4.2875,-3.6925
12545,1348952,0.604632,-0.141764,-0.772504,1.435,-4.1825,-3.7625
12546,1349048,0.605364,-0.142984,-0.772504,1.2775,-4.0775,-3.78
12547,1349145,0.60512,-0.14347200000000002,-0.771772,1.225,-3.92,-3.815
12548,1349241,0.6095119999999999,-0.14469200000000002,-0.772748,1.2775,-3.92,-3.9025
12549,1349337,0.6036560999999999,-0.144204,-0.7722600000000001,1.365,-3.9725,-3.9725
12550,1349433,0.604144,-0.142008,-0.774212,1.2075,-3.85,-4.165
12551,1349530,0.605608,-0.142252,-0.774944,1.1025,-3.71,-4.165
12552,1349626,0.606584,-0.14005599999999999,-0.775188,1.2425,-3.605,-4.0775
12553,1349722,0.607316,-0.141764,-0.773968,1.3825,-3.5525,-4.0775
12554,1349818,0.6075600999999999,-0.14274,-0.7732359999999999,1.47,-3.5,-4.0425
12555,1349914,0.608536,-0.143716,-0.772504,1.4,-3.5,-3.99
12556,1350011,0.60634,-0.1403,-0.774456,1.365,-3.535,-3.99
12557,1350107,0.60878,-0.14713199999999999,-0.772748,1.435,-3.5525,-3.9375
12558,1350203,0.6095119999999999,-0.139812,-0.7722600000000001,1.295,-3.4825,-3.99
12559,1350299,0.610488,-0.142252,-0.774212,1.33,-3.5525,-4.0425
12560,1350396,0.606096,-0.142252,-0.772016,1.33,-3.5875,-3.9375
12561,1350492,0.607804,-0.14274,-0.7732359999999999,1.3475,-3.605,-3.8325
12562,1350588,0.610244,-0.139568,-0.773724,1.3475,-3.6225,-3.7975
12563,1350684,0.606584,-0.144448,-0.775676,1.33,-3.7275,-3.745
12564,1350780,0.605608,-0.142008,-0.773724,1.5225,-3.815,-3.71
12565,1350877,0.605364,-0.1403,-0.774456,1.4525,-3.7275,-3.675
12566,1350973,0.609024,-0.142496,-0.772992,1.5225,-3.7275,-3.64
12567,1351069,0.6095119999999999,-0.142984,-0.775676,1.645,-3.71,-3.6925
12568,1351165,0.609024,-0.140544,-0.771528,1.6625,-3.7975,-3.6925
12569,1351261,0.6058520000000001,-0.141764,-0.773968,1.5925,-3.64,-3.6925
12570,1351358,0.605608,-0.13908,-0.7759199999999999,1.645,-3.675,-3.7625
12571,1351454,0.607804,-0.14005599999999999,-0.772016,1.5925,-3.6575,-3.675
12572,1351550,0.60512,-0.141032,-0.775188,1.54,-3.5,-3.6925
12573,1351646,0.6082920999999999,-0.142252,-0.775676,1.68,-3.43,-3.6925
12574,1351743,0.610488,-0.143228,-0.7754321,1.715,-3.4125,-3.71
12575,1351839,0.6097560000000001,-0.139568,-0.775676,1.715,-3.465,-3.6575
12576,1351935,0.6095119999999999,-0.1403,-0.7712840999999999,1.7675,-3.6225,-3.5175
12577,1352031,0.60878,-0.13908,-0.76982,1.6625,-3.5875,-3.5175
12578,1352127,0.6080479999999999,-0.141764,-0.768112,1.5575,-3.6925,-3.5875
12579,1352224,0.605608,-0.142496,-0.771528,1.5225,-3.7975,-3.64
12580,1352320,0.61,-0.14493599999999998,-0.771772,1.54,-3.92,-3.5875
12581,1352416,0.614636,-0.144448,-0.7671359999999999,1.33,-4.1825,-3.5875
12582,1352512,0.615124,-0.141032,-0.780556,1.3125,-4.3575,-3.6575
12583,1352609,0.6082920999999999,-0.14396,-0.7722600000000001,1.7325,-4.235,-3.6925
12584,1352705,0.6036560999999999,-0.135176,-0.7754321,1.82,-3.5,-3.605
12585,1352801,0.6021920000000001,-0.14396,-0.773724,2.45,-2.3275,-3.57
12586,1352897,0.600484,-0.14396,-0.7700640999999999,2.6425,-1.295,-3.43
12587,1352993,0.609024,-0.141032,-0.769088,2.8,-0.5425,-3.395
12588,1353090,0.609024,-0.1464,-0.7671359999999999,3.325,-0.315,-3.395
12589,1353186,0.6158561,-0.13664,-0.7666480999999999,3.43,-1.085,-3.4825
12590,1353282,0.6156119999999999,-0.134688,-0.7625,4.8825,-2.1,-3.535
12591,1353378,0.617564,-0.12932000000000002,-0.755424,8.19,-2.695,-3.64
12592,1353475,0.6156119999999999,-0.136884,-0.757376,11.69,-2.8875,-4.235
12593,1353571,0.6224441,-0.136884,-0.7539600000000001,13.125,-2.3625,-4.6375
12594,1353667,0.61,-0.138348,-0.7476161,14.8925,-2.5725,-4.8475
12595,1353763,0.611464,-0.14396,-0.7500560000000001,18.7775,-2.345,-4.9875
12596,1353859,0.59658,-0.17519200000000001,-0.7659161,19.005,-1.855,-4.9175
12597,1353956,0.6168319999999999,-0.164944,-0.7747001,14.4375,-1.4875,-4.6725
12598,1354052,0.6070720000000001,-0.172752,-0.7766521,9.205,-2.73,-4.4275
12599,1354148,0.606096,-0.166652,-0.800076,3.0625,-2.8,-3.71
12600,1354244,0.61854,-0.14786400000000002,-0.8052,0.9275,-2.6425,-4.025
12601,1354341,0.615368,-0.147376,-0.800564,2.8875,-3.1325,-3.71
12602,1354437,0.616344,-0.149084,-0.7893399999999999,5.3025,-2.9225,-3.3425
12603,1354533,0.6131721,-0.165432,-0.785192,6.2825,-3.08,-3.1675
12604,1354629,0.611952,-0.164944,-0.787632,4.0775,-3.255,-3.325
12605,1354725,0.6170760000000001,-0.159576,-0.7895840999999999,1.3475,-3.4475,-3.535
12606,1354822,0.5968241,-0.157868,-0.8081281,-1.295,-3.605,-3.57
12607,1354918,0.5975560000000001,-0.160552,-0.80886,-4.165,-1.6975,-3.2375
12608,1355014,0.61854,-0.180804,-0.809836,-8.54,-0.1575,-2.6425
12609,1355110,0.6409881,-0.18104800000000001,-0.912316,-17.0975,-3.3425,-2.1
12610,1355207,0.662216,-0.09345201,-0.6883239999999999,-25.97,-7.98,-2.625
12611,1355303,0.45164399999999993,-0.15982000000000002,-0.605364,-11.095,-14.6825,-4.3225
12612,1355399,0.6036560999999999,-0.13542,-0.775676,0.07,-8.8375,-3.7275
12613,1355495,0.61488,-0.15006,-0.768112,0.6825,-4.515,-3.43
12614,1355591,0.61122,-0.14762,-0.767624,0.91,-4.2175,-3.3425
12615,1355688,0.6107319999999999,-0.146644,-0.768356,1.1025,-4.1825,-3.3075
12616,1355784,0.6109760000000001,-0.149816,-0.768356,1.2425,-4.165,-3.3775
12617,1355880,0.6095119999999999,-0.142984,-0.772016,1.295,-4.165,-3.36
12618,1355976,0.6097560000000001,-0.14518,-0.77104,1.3125,-4.0775,-3.3075
12619,1356072,0.6095119999999999,-0.14396,-0.77104,1.365,-4.1475,-3.4125
12620,1356169,0.61,-0.14274,-0.771772,1.2775,-4.165,-3.43
12621,1356265,0.6097560000000001,-0.14518,-0.77104,1.505,-4.1475,-3.3425
12622,1356361,0.611952,-0.146644,-0.7707961,1.47,-4.2175,-3.36
12623,1356457,0.61,-0.14396,-0.77104,1.4,-4.2175,-3.4125
12624,1356554,0.609268,-0.14688800000000002,-0.7722600000000001,1.4525,-4.095,-3.4125
12625,1356650,0.6095119999999999,-0.14274,-0.773724,1.5575,-3.99,-3.3775
12626,1356746,0.60878,-0.142496,-0.772748,1.575,-3.92,-3.4125
12627,1356842,0.610488,-0.14518,-0.7712840999999999,1.6625,-3.9025,-3.3775
